4	8.97788869	-2.411508E-012	-2.872288E-012	-1	0.000000E+000
4	9.11933942	-2.790507E-012	-2.426245E-012	0	0.000000E+000
4	9.12552007	-2.453568E-012	-2.853981E-012	-1	0.000000E+000
4	9.16706312	-2.785813E-012	-2.420419E-012	0	0.000000E+000
4	9.16896007	-2.455300E-012	-2.829945E-012	-1	0.000000E+000
4	9.18308733	-2.868373E-012	-2.502978E-012	0	0.000000E+000
4	9.20078874	-2.451314E-012	-2.792609E-012	-1	0.000000E+000
4	9.22427598	-2.783339E-012	-2.437018E-012	0	0.000000E+000
4	9.22769432	-2.478899E-012	-2.852498E-012	-1	0.000000E+000
4	9.23817870	-2.833706E-012	-2.403933E-012	0	0.000000E+000
4	9.24070574	-2.481300E-012	-2.853787E-012	-1	0.000000E+000
4	9.24431917	-2.760412E-012	-2.438551E-012	0	0.000000E+000
4	9.24539559	-2.442257E-012	-2.751673E-012	-1	0.000000E+000
4	9.27591340	-2.812556E-012	-2.502599E-012	0	0.000000E+000
4	9.28340191	-2.479519E-012	-2.840747E-012	-1	0.000000E+000
4	9.30065081	-2.839246E-012	-2.471508E-012	0	0.000000E+000
4	9.30972896	-2.526912E-012	-2.898828E-012	-1	0.000000E+000
4	9.32537515	-2.839246E-012	-2.438484E-012	0	0.000000E+000
4	9.52015857	-2.452325E-012	-2.842926E-012	-1	0.000000E+000
4	9.53018481	-2.793638E-012	-2.442266E-012	0	0.000000E+000
4	9.53292310	-2.444889E-012	-2.773515E-012	-1	0.000000E+000
4	9.54098040	-2.724705E-012	-2.428353E-012	0	0.000000E+000
4	9.63655575	-2.444379E-012	-2.834116E-012	-1	0.000000E+000
4	9.63798471	-2.847859E-012	-2.413218E-012	0	0.000000E+000
4	9.64821875	-2.382243E-012	-2.822418E-012	-1	0.000000E+000
4	9.65019916	-2.822418E-012	-2.388240E-012	0	0.000000E+000
4	9.68934472	-2.403609E-012	-2.946890E-012	-1	0.000000E+000
4	9.71661857	-2.765844E-012	-2.442073E-012	0	0.000000E+000
4	9.74428993	-2.426505E-012	-2.949180E-012	-1	0.000000E+000
4	9.74704241	-2.864513E-012	-2.389230E-012	0	0.000000E+000
4	9.80319999	-2.419718E-012	-2.783052E-012	-1	0.000000E+000
4	9.80436236	-2.767079E-012	-2.374663E-012	0	0.000000E+000
4	9.82236124	-2.370182E-012	-2.717004E-012	-1	0.000000E+000
4	9.83525192	-2.742216E-012	-2.404850E-012	0	0.000000E+000
4	9.89824165	-2.480407E-012	-2.821346E-012	-1	0.000000E+000
4	9.89992724	-2.821346E-012	-2.384183E-012	0	0.000000E+000
4	9.91583532	-2.419525E-012	-2.791947E-012	-1	0.000000E+000
4	9.91769221	-2.750427E-012	-2.355643E-012	0	0.000000E+000
4	9.92809512	-2.361733E-012	-2.717644E-012	-1	0.000000E+000
4	9.93649266	-2.714525E-012	-2.382222E-012	0	0.000000E+000
4	9.95559263	-2.427543E-012	-2.788272E-012	-1	0.000000E+000
4	9.95957316	-2.734781E-012	-2.430197E-012	0	0.000000E+000
4	9.97483845	-2.424899E-012	-3.029076E-012	-1	0.000000E+000
4	9.97516906	-3.029076E-012	-2.425238E-012	0	0.000000E+000
4	10.05478773	-2.417224E-012	-2.855442E-012	-1	0.000000E+000
4	10.05733727	-2.722563E-012	-2.447483E-012	0	0.000000E+000
4	10.12466607	-2.398976E-012	-2.627810E-012	-1	0.000000E+000
4	10.13491141	-2.773936E-012	-2.414065E-012	0	0.000000E+000
4	10.34240560	-2.514559E-012	-3.073631E-012	-1	0.000000E+000
4	10.34276051	-3.073631E-012	-2.530141E-012	0	0.000000E+000
4	10.35257047	-2.470643E-012	-3.129449E-012	-1	0.000000E+000
4	10.35292110	-3.129449E-012	-2.496868E-012	0	0.000000E+000
4	10.35522172	-2.496868E-012	-3.181943E-012	-1	0.000000E+000
4	10.35574896	-3.181943E-012	-2.510432E-012	0	0.000000E+000
4	10.63567247	-2.404383E-012	-2.746800E-012	-1	0.000000E+000
4	10.64123262	-2.678162E-012	-2.331233E-012	0	0.000000E+000
4	10.71865155	-2.341638E-012	-2.658369E-012	-1	0.000000E+000
4	10.72128696	-2.646187E-012	-2.320659E-012	0	0.000000E+000
4	10.80999065	-2.391174E-012	-2.674881E-012	-1	0.000000E+000
4	10.81341712	-2.697276E-012	-2.372049E-012	0	0.000000E+000
4	10.93231479	-2.347404E-012	-2.608535E-012	-1	0.000000E+000
4	10.94386263	-2.698112E-012	-2.389687E-012	0	0.000000E+000
4	10.94560070	-2.388684E-012	-2.674583E-012	-1	0.000000E+000
4	10.94889224	-2.622663E-012	-2.368351E-012	0	0.000000E+000
4	10.95784952	-2.438237E-012	-2.677582E-012	-1	0.000000E+000
4	10.96303028	-2.677582E-012	-2.396950E-012	0	0.000000E+000
4	10.96815835	-2.434504E-012	-2.740630E-012	-1	0.000000E+000
4	10.97012797	-2.669386E-012	-2.387999E-012	0	0.000000E+000
4	10.99823970	-2.448580E-012	-2.868896E-012	-1	0.000000E+000
4	10.99998744	-2.794322E-012	-2.474736E-012	0	0.000000E+000
4	11.01065996	-2.461238E-012	-2.767165E-012	-1	0.000000E+000
4	11.01200679	-2.707119E-012	-2.440409E-012	0	0.000000E+000
4	11.01602167	-2.440409E-012	-2.718092E-012	-1	0.000000E+000
4	11.02031685	-2.800651E-012	-2.429809E-012	0	0.000000E+000
4	11.03205850	-2.470430E-012	-2.936686E-012	-1	0.000000E+000
4	11.03371853	-2.936686E-012	-2.481446E-012	0	0.000000E+000
4	11.06056884	-2.448765E-012	-2.853208E-012	-1	0.000000E+000
4	11.06183049	-2.825667E-012	-2.412779E-012	0	0.000000E+000
4	11.06611794	-2.481071E-012	-2.732100E-012	-1	0.000000E+000
4	11.06822264	-2.707711E-012	-2.417232E-012	0	0.000000E+000
4	11.07433561	-2.464077E-012	-2.950704E-012	-1	0.000000E+000
4	11.07494946	-2.950704E-012	-2.442337E-012	0	0.000000E+000
4	11.11795711	-2.503920E-012	-3.101769E-012	-1	0.000000E+000
4	11.11898373	-3.101769E-012	-2.527059E-012	0	0.000000E+000
4	11.12441758	-2.505391E-012	-3.017686E-012	-1	0.000000E+000
4	11.12496925	-3.017686E-012	-2.419042E-012	0	0.000000E+000
4	11.21364141	-2.405023E-012	-2.701934E-012	-1	0.000000E+000
4	11.21512104	-2.701934E-012	-2.434854E-012	0	0.000000E+000
4	11.23052720	-2.434854E-012	-2.877194E-012	-1	0.000000E+000
4	11.23235255	-2.828349E-012	-2.465343E-012	0	0.000000E+000
4	11.23723774	-2.457967E-012	-2.907577E-012	-1	0.000000E+000
4	11.24165965	-2.796888E-012	-2.458768E-012	0	0.000000E+000
4	11.27001671	-2.413862E-012	-2.743966E-012	-1	0.000000E+000
4	11.27842135	-2.756835E-012	-2.392990E-012	0	0.000000E+000
4	11.34469757	-2.446981E-012	-2.912550E-012	-1	0.000000E+000
4	11.34732500	-2.912550E-012	-2.562564E-012	0	0.000000E+000
4	11.35126755	-2.496516E-012	-2.871270E-012	-1	0.000000E+000
4	11.35243685	-2.833317E-012	-2.463224E-012	0	0.000000E+000
4	11.36625373	-2.455751E-012	-2.909707E-012	-1	0.000000E+000
4	11.36675000	-2.909707E-012	-2.447617E-012	0	0.000000E+000
4	11.37076271	-2.454691E-012	-3.057590E-012	-1	0.000000E+000
4	11.37150918	-3.057590E-012	-2.491663E-012	0	0.000000E+000
4	11.37317068	-2.440787E-012	-2.793726E-012	-1	0.000000E+000
4	11.37367500	-2.793726E-012	-2.394198E-012	0	0.000000E+000
4	11.44362765	-2.451297E-012	-2.806288E-012	-1	0.000000E+000
4	11.44675002	-2.806288E-012	-2.477005E-012	0	0.000000E+000
4	11.44775599	-2.477005E-012	-2.802873E-012	-1	0.000000E+000
4	11.45169001	-2.868921E-012	-2.475320E-012	0	0.000000E+000
4	11.45488053	-2.504341E-012	-2.901453E-012	-1	0.000000E+000
4	11.45666299	-2.901453E-012	-2.430079E-012	0	0.000000E+000
4	11.48304448	-2.469071E-012	-2.799376E-012	-1	0.000000E+000
4	11.48709832	-2.780100E-012	-2.471900E-012	0	0.000000E+000
4	11.50429944	-2.403121E-012	-2.677926E-012	-1	0.000000E+000
4	11.50572731	-2.635163E-012	-2.349367E-012	0	0.000000E+000
4	11.51897653	-2.398902E-012	-2.705365E-012	-1	0.000000E+000
4	11.52459288	-2.589728E-012	-2.409942E-012	0	0.000000E+000
4	11.52681372	-2.412685E-012	-2.715434E-012	-1	0.000000E+000
4	11.53240606	-2.619772E-012	-2.403336E-012	0	0.000000E+000
4	11.54172609	-2.403336E-012	-2.664400E-012	-1	0.000000E+000
4	11.54390266	-2.664400E-012	-2.381027E-012	0	0.000000E+000
4	11.54472857	-2.381027E-012	-2.745699E-012	-1	0.000000E+000
4	11.54586111	-2.745699E-012	-2.381027E-012	0	0.000000E+000
4	11.55659310	-2.396593E-012	-2.767428E-012	-1	0.000000E+000
4	11.55729745	-2.767428E-012	-2.377803E-012	0	0.000000E+000
4	11.56003677	-2.377803E-012	-2.652857E-012	-1	0.000000E+000
4	11.57376741	-2.629815E-012	-2.399112E-012	0	0.000000E+000
4	11.70297529	-2.369802E-012	-2.652465E-012	-1	0.000000E+000
4	11.70641644	-2.607994E-012	-2.360266E-012	0	0.000000E+000
4	11.79775145	-2.408040E-012	-2.678654E-012	-1	0.000000E+000
4	11.80032011	-2.670398E-012	-2.404421E-012	0	0.000000E+000
4	11.82528123	-2.404421E-012	-2.743563E-012	-1	0.000000E+000
4	11.82735981	-2.743563E-012	-2.391018E-012	0	0.000000E+000
4	11.89804605	-2.363837E-012	-2.687501E-012	-1	0.000000E+000
4	11.90003506	-2.608221E-012	-2.385478E-012	0	0.000000E+000
4	11.93381315	-2.418912E-012	-2.663731E-012	-1	0.000000E+000
4	11.93916386	-2.626334E-012	-2.367312E-012	0	0.000000E+000
4	11.94338963	-2.411794E-012	-2.683183E-012	-1	0.000000E+000
4	11.94547545	-2.683183E-012	-2.406405E-012	0	0.000000E+000
4	12.00027380	-2.411342E-012	-2.705677E-012	-1	0.000000E+000
4	12.00579190	-2.646407E-012	-2.372304E-012	0	0.000000E+000
4	12.07265590	-2.372304E-012	-2.685885E-012	-1	0.000000E+000
4	12.07495662	-2.674673E-012	-2.398309E-012	0	0.000000E+000
4	12.08188578	-2.435823E-012	-2.737782E-012	-1	0.000000E+000
4	12.08231447	-2.737782E-012	-2.388350E-012	0	0.000000E+000
4	12.09520977	-2.378322E-012	-2.673943E-012	-1	0.000000E+000
4	12.09937302	-2.663382E-012	-2.351000E-012	0	0.000000E+000
4	12.11133065	-2.361277E-012	-2.638197E-012	-1	0.000000E+000
4	12.11389686	-2.525915E-012	-2.273817E-012	0	0.000000E+000
4	12.11466179	-2.273817E-012	-2.623561E-012	-1	0.000000E+000
4	12.13943684	-2.642134E-012	-2.366199E-012	0	0.000000E+000
4	12.14476451	-2.366199E-012	-2.663760E-012	-1	0.000000E+000
4	12.14690675	-2.663760E-012	-2.387031E-012	0	0.000000E+000
4	12.15697435	-2.456334E-012	-2.891915E-012	-1	0.000000E+000
4	12.15948506	-2.891915E-012	-2.479118E-012	0	0.000000E+000
4	12.17608074	-2.433320E-012	-2.786605E-012	-1	0.000000E+000
4	12.17878519	-2.722291E-012	-2.369851E-012	0	0.000000E+000
4	12.21313016	-2.370622E-012	-2.690351E-012	-1	0.000000E+000
4	12.21399691	-2.690351E-012	-2.340849E-012	0	0.000000E+000
4	12.22748655	-2.453844E-012	-2.780533E-012	-1	0.000000E+000
4	12.22810441	-2.780533E-012	-2.397878E-012	0	0.000000E+000
4	12.25133654	-2.370237E-012	-2.885568E-012	-1	0.000000E+000
4	12.25269443	-2.885568E-012	-2.364789E-012	0	0.000000E+000
4	12.32388567	-2.428041E-012	-2.655606E-012	-1	0.000000E+000
4	12.32527602	-2.656139E-012	-2.373897E-012	0	0.000000E+000
4	12.32953357	-2.495204E-012	-3.078082E-012	-1	0.000000E+000
4	12.33106371	-3.066374E-012	-2.518152E-012	0	0.000000E+000
4	12.36556079	-2.423481E-012	-2.798308E-012	-1	0.000000E+000
4	12.37162853	-2.735031E-012	-2.393856E-012	0	0.000000E+000
4	12.38270520	-2.409456E-012	-2.760052E-012	-1	0.000000E+000
4	12.38360755	-2.760052E-012	-2.447587E-012	0	0.000000E+000
4	12.49592030	-2.356911E-012	-2.732069E-012	-1	0.000000E+000
4	12.50820414	-2.558694E-012	-2.331273E-012	0	0.000000E+000
4	12.51384242	-2.365903E-012	-2.589124E-012	-1	0.000000E+000
4	12.51490696	-2.589124E-012	-2.309653E-012	0	0.000000E+000
4	12.51728683	-2.309653E-012	-2.651813E-012	-1	0.000000E+000
4	12.51928949	-2.651813E-012	-2.364819E-012	0	0.000000E+000
4	12.77431397	-2.371708E-012	-2.655373E-012	-1	0.000000E+000
4	12.77649811	-2.652608E-012	-2.350148E-012	0	0.000000E+000
4	12.80800065	-2.351578E-012	-2.665003E-012	-1	0.000000E+000
4	12.80925812	-2.665003E-012	-2.323599E-012	0	0.000000E+000
4	12.84574559	-2.387765E-012	-2.678176E-012	-1	0.000000E+000
4	12.84625000	-2.678176E-012	-2.397296E-012	0	0.000000E+000
4	12.84811637	-2.325401E-012	-2.844629E-012	-1	0.000000E+000
4	12.84852036	-2.844629E-012	-2.340920E-012	0	0.000000E+000
4	12.85171700	-2.340920E-012	-2.758024E-012	-1	0.000000E+000
4	12.85332297	-2.758024E-012	-2.422281E-012	0	0.000000E+000
4	12.90459995	-2.403062E-012	-2.746901E-012	-1	0.000000E+000
4	12.90762336	-2.796436E-012	-2.374885E-012	0	0.000000E+000
4	12.95482421	-2.393395E-012	-2.776964E-012	-1	0.000000E+000
4	12.95584920	-2.738823E-012	-2.419576E-012	0	0.000000E+000
4	12.95718360	-2.428038E-012	-2.721152E-012	-1	0.000000E+000
4	12.96649243	-2.685307E-012	-2.362745E-012	0	0.000000E+000
4	12.97467547	-2.362745E-012	-2.652471E-012	-1	0.000000E+000
4	12.97510614	-2.652471E-012	-2.358004E-012	0	0.000000E+000
4	12.98995787	-2.363797E-012	-2.636269E-012	-1	0.000000E+000
4	12.99181166	-2.636269E-012	-2.386020E-012	0	0.000000E+000
4	13.02121897	-2.336967E-012	-2.652532E-012	-1	0.000000E+000
4	13.02301870	-2.648441E-012	-2.399185E-012	0	0.000000E+000
4	13.02465175	-2.401388E-012	-2.720434E-012	-1	0.000000E+000
4	13.02600463	-2.693366E-012	-2.350620E-012	0	0.000000E+000
4	13.03743686	-2.374131E-012	-2.914431E-012	-1	0.000000E+000
4	13.03872348	-2.860901E-012	-2.379099E-012	0	0.000000E+000
4	13.05959297	-2.336736E-012	-2.642384E-012	-1	0.000000E+000
4	13.06020290	-2.642384E-012	-2.377239E-012	0	0.000000E+000
4	13.06251186	-2.377239E-012	-2.773790E-012	-1	0.000000E+000
4	13.06288965	-2.773790E-012	-2.383417E-012	0	0.000000E+000
4	13.06467614	-2.383417E-012	-2.850139E-012	-1	0.000000E+000
4	13.06574426	-2.737353E-012	-2.376805E-012	0	0.000000E+000
4	13.14688050	-2.389589E-012	-2.892590E-012	-1	0.000000E+000
4	13.14738650	-2.892590E-012	-2.335983E-012	0	0.000000E+000
4	13.15110655	-2.335983E-012	-2.981950E-012	-1	0.000000E+000
4	13.15190484	-2.981950E-012	-2.315710E-012	0	0.000000E+000
4	13.21392257	-2.346014E-012	-2.636906E-012	-1	0.000000E+000
4	13.21890170	-2.628836E-012	-2.357250E-012	0	0.000000E+000
4	13.24238809	-2.392116E-012	-2.662811E-012	-1	0.000000E+000
4	13.25155408	-2.662811E-012	-2.364992E-012	0	0.000000E+000
4	13.26500443	-2.364992E-012	-2.861719E-012	-1	0.000000E+000
4	13.26643873	-2.861719E-012	-2.430442E-012	0	0.000000E+000
4	13.27032146	-2.419228E-012	-2.761436E-012	-1	0.000000E+000
4	13.27205294	-2.745108E-012	-2.372897E-012	0	0.000000E+000
4	13.27532050	-2.414745E-012	-3.019357E-012	-1	0.000000E+000
4	13.27575164	-3.019357E-012	-2.440071E-012	0	0.000000E+000
4	13.34052175	-2.393370E-012	-2.789645E-012	-1	0.000000E+000
4	13.34174934	-2.694567E-012	-2.376198E-012	0	0.000000E+000
4	13.39950910	-2.459112E-012	-2.771468E-012	-1	0.000000E+000
4	13.40110441	-2.708836E-012	-2.414769E-012	0	0.000000E+000
4	13.40659769	-2.414769E-012	-2.827167E-012	-1	0.000000E+000
4	13.40996878	-2.744608E-012	-2.419350E-012	0	0.000000E+000
4	13.41916249	-2.454049E-012	-3.044989E-012	-1	0.000000E+000
4	13.41993170	-3.028477E-012	-2.490090E-012	0	0.000000E+000
4	13.42801332	-2.523243E-012	-2.806573E-012	-1	0.000000E+000
4	13.42858615	-2.806573E-012	-2.462945E-012	0	0.000000E+000
4	13.47855702	-2.388642E-012	-2.721306E-012	-1	0.000000E+000
4	13.48719923	-2.606836E-012	-2.372323E-012	0	0.000000E+000
4	13.50610251	-2.372323E-012	-2.741293E-012	-1	0.000000E+000
4	13.50748993	-2.697501E-012	-2.359671E-012	0	0.000000E+000
4	13.67909599	-2.377743E-012	-2.652625E-012	-1	0.000000E+000
4	13.69138002	-2.634238E-012	-2.382896E-012	0	0.000000E+000
4	13.96454398	-2.313615E-012	-2.579437E-012	-1	0.000000E+000
4	13.97054644	-2.542540E-012	-2.325677E-012	0	0.000000E+000
4	14.28195900	-2.387242E-012	-2.618801E-012	-1	0.000000E+000
4	14.28621519	-2.617097E-012	-2.344581E-012	0	0.000000E+000
4	14.31061948	-2.337770E-012	-2.625590E-012	-1	0.000000E+000
4	14.31481215	-2.526721E-012	-2.290796E-012	0	0.000000E+000
4	14.34527483	-2.310741E-012	-2.562609E-012	-1	0.000000E+000
4	14.34758836	-2.564237E-012	-2.302825E-012	0	0.000000E+000
4	14.37186090	-2.364573E-012	-2.724661E-012	-1	0.000000E+000
4	14.37387487	-2.678114E-012	-2.381773E-012	0	0.000000E+000
4	14.40048230	-2.391743E-012	-2.701515E-012	-1	0.000000E+000
4	14.40100000	-2.701515E-012	-2.448675E-012	0	0.000000E+000
4	14.40801202	-2.356957E-012	-2.780988E-012	-1	0.000000E+000
4	14.40889522	-2.780988E-012	-2.381532E-012	0	0.000000E+000
4	14.41657151	-2.401404E-012	-2.713516E-012	-1	0.000000E+000
4	14.42027785	-2.713516E-012	-2.369726E-012	0	0.000000E+000
4	14.44002805	-2.435140E-012	-2.839304E-012	-1	0.000000E+000
4	14.44069082	-2.839304E-012	-2.433388E-012	0	0.000000E+000
4	14.46517667	-2.436460E-012	-2.689210E-012	-1	0.000000E+000
4	14.47491457	-2.849926E-012	-2.486338E-012	0	0.000000E+000
4	14.48563155	-2.375115E-012	-2.645664E-012	-1	0.000000E+000
4	14.49155220	-2.594705E-012	-2.334478E-012	0	0.000000E+000
4	14.50812934	-2.334478E-012	-2.714671E-012	-1	0.000000E+000
4	14.50934525	-2.714671E-012	-2.386816E-012	0	0.000000E+000
4	14.52610493	-2.375115E-012	-2.645664E-012	-1	0.000000E+000
4	14.52886384	-2.645664E-012	-2.298942E-012	0	0.000000E+000
4	14.57951615	-2.298942E-012	-2.672211E-012	-1	0.000000E+000
4	14.58106648	-2.672211E-012	-2.363934E-012	0	0.000000E+000
4	14.66980863	-2.363934E-012	-2.645463E-012	-1	0.000000E+000
4	14.68379335	-2.685800E-012	-2.381900E-012	0	0.000000E+000
4	14.70489477	-2.426033E-012	-2.729361E-012	-1	0.000000E+000
4	14.70725466	-2.729361E-012	-2.379592E-012	0	0.000000E+000
4	14.71971592	-2.376702E-012	-2.748527E-012	-1	0.000000E+000
4	14.72020000	-2.748527E-012	-2.449149E-012	0	0.000000E+000
4	14.72517479	-2.438328E-012	-2.808952E-012	-1	0.000000E+000
4	14.72656272	-2.758449E-012	-2.420633E-012	0	0.000000E+000
4	14.83726321	-2.422253E-012	-2.699195E-012	-1	0.000000E+000
4	14.84247632	-2.633110E-012	-2.396746E-012	0	0.000000E+000
4	14.87151938	-2.434494E-012	-2.711606E-012	-1	0.000000E+000
4	14.87226692	-2.711606E-012	-2.358368E-012	0	0.000000E+000
4	14.88980000	-2.416160E-012	-2.781671E-012	-1	0.000000E+000
4	14.89027500	-2.781671E-012	-2.373275E-012	0	0.000000E+000
4	14.93865937	-2.392663E-012	-2.679072E-012	-1	0.000000E+000
4	14.94355044	-2.613025E-012	-2.375703E-012	0	0.000000E+000
4	14.96713235	-2.348305E-012	-2.643044E-012	-1	0.000000E+000
4	14.97151606	-2.554176E-012	-2.312947E-012	0	0.000000E+000
4	15.06068599	-2.372381E-012	-2.776693E-012	-1	0.000000E+000
4	15.06117500	-2.776693E-012	-2.434802E-012	0	0.000000E+000
4	15.14040372	-2.390386E-012	-2.670258E-012	-1	0.000000E+000
4	15.14245412	-2.631485E-012	-2.359837E-012	0	0.000000E+000
4	15.26451320	-2.359837E-012	-2.706630E-012	-1	0.000000E+000
4	15.26699840	-2.801036E-012	-2.392081E-012	0	0.000000E+000
4	15.26944235	-2.420884E-012	-2.752299E-012	-1	0.000000E+000
4	15.27067286	-2.677856E-012	-2.374759E-012	0	0.000000E+000
4	15.27593767	-2.440806E-012	-2.861771E-012	-1	0.000000E+000
4	15.27851537	-2.783547E-012	-2.438246E-012	0	0.000000E+000
4	15.28167818	-2.428773E-012	-2.843055E-012	-1	0.000000E+000
4	15.28258970	-2.843055E-012	-2.397000E-012	0	0.000000E+000
4	15.29754208	-2.377083E-012	-2.706281E-012	-1	0.000000E+000
4	15.29973419	-2.654145E-012	-2.357436E-012	0	0.000000E+000
4	15.31084200	-2.415228E-012	-2.736790E-012	-1	0.000000E+000
4	15.31244608	-2.726127E-012	-2.435103E-012	0	0.000000E+000
4	15.31325471	-2.435103E-012	-2.736790E-012	-1	0.000000E+000
4	15.31529199	-2.718661E-012	-2.406327E-012	0	0.000000E+000
4	15.39669827	-2.376059E-012	-2.572961E-012	-1	0.000000E+000
4	15.40204102	-2.587178E-012	-2.344649E-012	0	0.000000E+000
4	15.48501110	-2.358800E-012	-2.595099E-012	-1	0.000000E+000
4	15.49581675	-2.570356E-012	-2.325752E-012	0	0.000000E+000
4	15.51341242	-2.472239E-012	-3.044109E-012	-1	0.000000E+000
4	15.51421724	-3.044109E-012	-2.407861E-012	0	0.000000E+000
4	15.51892731	-2.407861E-012	-2.871430E-012	-1	0.000000E+000
4	15.51973488	-2.871430E-012	-2.417482E-012	0	0.000000E+000
4	15.55286306	-2.401509E-012	-2.717209E-012	-1	0.000000E+000
4	15.55329551	-2.717209E-012	-2.431779E-012	0	0.000000E+000
4	15.58462273	-2.417360E-012	-2.742385E-012	-1	0.000000E+000
4	15.58632500	-2.692850E-012	-2.375513E-012	0	0.000000E+000
4	15.59855005	-2.499919E-012	-3.047855E-012	-1	0.000000E+000
4	15.59905000	-3.047855E-012	-2.509891E-012	0	0.000000E+000
4	15.61897174	-2.394055E-012	-2.657887E-012	-1	0.000000E+000
4	15.62167747	-2.673883E-012	-2.319250E-012	0	0.000000E+000
4	15.65985948	-2.374991E-012	-2.913821E-012	-1	0.000000E+000
4	15.66093955	-2.913821E-012	-2.459962E-012	0	0.000000E+000
4	15.74123824	-2.467885E-012	-3.190764E-012	-1	0.000000E+000
4	15.74187283	-3.190764E-012	-2.522304E-012	0	0.000000E+000
4	15.76419069	-2.473634E-012	-2.774132E-012	-1	0.000000E+000
4	15.77018259	-2.604186E-012	-2.383238E-012	0	0.000000E+000
4	15.77934346	-2.388594E-012	-2.686842E-012	-1	0.000000E+000
4	15.78393971	-2.665708E-012	-2.378071E-012	0	0.000000E+000
4	15.78489680	-2.378071E-012	-2.700528E-012	-1	0.000000E+000
4	15.78651619	-2.700528E-012	-2.409657E-012	0	0.000000E+000
4	15.80312119	-2.353823E-012	-2.701986E-012	-1	0.000000E+000
4	15.80507186	-2.623712E-012	-2.348444E-012	0	0.000000E+000
4	15.80602406	-2.348444E-012	-2.867104E-012	-1	0.000000E+000
4	15.80643312	-2.867104E-012	-2.412680E-012	0	0.000000E+000
4	15.82386001	-2.420133E-012	-2.853085E-012	-1	0.000000E+000
4	15.83479675	-2.767995E-012	-2.403004E-012	0	0.000000E+000
4	15.85395327	-2.348933E-012	-2.805985E-012	-1	0.000000E+000
4	15.86270838	-2.698658E-012	-2.346859E-012	0	0.000000E+000
4	15.89953953	-2.384067E-012	-2.742379E-012	-1	0.000000E+000
4	15.90004499	-2.742379E-012	-2.337035E-012	0	0.000000E+000
4	15.90844713	-2.381528E-012	-2.961181E-012	-1	0.000000E+000
4	15.90895000	-2.961181E-012	-2.498488E-012	0	0.000000E+000
4	15.91988510	-2.399982E-012	-2.887230E-012	-1	0.000000E+000
4	15.93156519	-2.804671E-012	-2.395380E-012	0	0.000000E+000
4	15.93637239	-2.365626E-012	-2.678103E-012	-1	0.000000E+000
4	15.94142677	-2.698243E-012	-2.375264E-012	0	0.000000E+000
4	15.94521340	-2.430103E-012	-2.768267E-012	-1	0.000000E+000
4	15.95062123	-2.696368E-012	-2.388808E-012	0	0.000000E+000
4	15.95240979	-2.450838E-012	-2.998794E-012	-1	0.000000E+000
4	15.95415647	-2.874955E-012	-2.467128E-012	0	0.000000E+000
4	15.96533398	-2.467128E-012	-2.733592E-012	-1	0.000000E+000
4	15.97402486	-2.659288E-012	-2.412918E-012	0	0.000000E+000
4	15.99055553	-2.427242E-012	-2.877883E-012	-1	0.000000E+000
4	15.99648686	-2.745788E-012	-2.448156E-012	0	0.000000E+000
4	15.99932134	-2.390365E-012	-2.740887E-012	-1	0.000000E+000
4	16.00272734	-2.755471E-012	-2.428722E-012	0	0.000000E+000
4	16.01017284	-2.410163E-012	-2.792045E-012	-1	0.000000E+000
4	16.01067500	-2.792045E-012	-2.463300E-012	0	0.000000E+000
4	16.01163843	-2.463300E-012	-2.764569E-012	-1	0.000000E+000
4	16.01190713	-2.764569E-012	-2.512684E-012	0	0.000000E+000
4	16.02605302	-2.399926E-012	-2.604812E-012	-1	0.000000E+000
4	16.02724984	-2.629565E-012	-2.401169E-012	0	0.000000E+000
4	16.02805573	-2.401169E-012	-2.751086E-012	-1	0.000000E+000
4	16.02860086	-2.751086E-012	-2.369211E-012	0	0.000000E+000
4	16.03673254	-2.371049E-012	-2.632733E-012	-1	0.000000E+000
4	16.04036541	-2.632733E-012	-2.356170E-012	0	0.000000E+000
4	16.04362787	-2.356170E-012	-2.617555E-012	-1	0.000000E+000
4	16.04496774	-2.610007E-012	-2.322015E-012	0	0.000000E+000
4	16.07129813	-2.334043E-012	-2.577905E-012	-1	0.000000E+000
4	16.07448414	-2.567514E-012	-2.297566E-012	0	0.000000E+000
4	16.09611747	-2.329359E-012	-2.746040E-012	-1	0.000000E+000
4	16.09813026	-2.729202E-012	-2.356999E-012	0	0.000000E+000
4	16.13716284	-2.423978E-012	-2.740081E-012	-1	0.000000E+000
4	16.13766609	-2.740081E-012	-2.391396E-012	0	0.000000E+000
4	16.14163118	-2.424694E-012	-2.811210E-012	-1	0.000000E+000
4	16.14349626	-2.770659E-012	-2.384589E-012	0	0.000000E+000
4	16.18042417	-2.373225E-012	-2.811120E-012	-1	0.000000E+000
4	16.18166304	-2.811120E-012	-2.405891E-012	0	0.000000E+000
4	16.23764730	-2.424518E-012	-2.758413E-012	-1	0.000000E+000
4	16.23822146	-2.758413E-012	-2.417329E-012	0	0.000000E+000
4	16.26537514	-2.410897E-012	-2.817932E-012	-1	0.000000E+000
4	16.26880318	-2.760141E-012	-2.399427E-012	0	0.000000E+000
4	16.27117551	-2.399427E-012	-2.779048E-012	-1	0.000000E+000
4	16.27172500	-2.779048E-012	-2.408687E-012	0	0.000000E+000
4	16.27372745	-2.403894E-012	-2.775942E-012	-1	0.000000E+000
4	16.27451557	-2.775942E-012	-2.416731E-012	0	0.000000E+000
4	16.28678850	-2.381261E-012	-2.893039E-012	-1	0.000000E+000
4	16.29447500	-2.670129E-012	-2.396392E-012	0	0.000000E+000
4	16.29952182	-2.322734E-012	-2.729171E-012	-1	0.000000E+000
4	16.30324531	-2.696148E-012	-2.426401E-012	0	0.000000E+000
4	16.31240344	-2.472867E-012	-2.790388E-012	-1	0.000000E+000
4	16.31311162	-2.790388E-012	-2.414790E-012	0	0.000000E+000
4	16.32925535	-2.389596E-012	-2.711355E-012	-1	0.000000E+000
4	16.33085371	-2.642403E-012	-2.384293E-012	0	0.000000E+000
4	16.33644249	-2.412623E-012	-2.782571E-012	-1	0.000000E+000
4	16.33797500	-2.782571E-012	-2.430192E-012	0	0.000000E+000
4	16.34816504	-2.432139E-012	-2.701915E-012	-1	0.000000E+000
4	16.35086662	-2.704350E-012	-2.400382E-012	0	0.000000E+000
4	16.36435231	-2.422615E-012	-2.718514E-012	-1	0.000000E+000
4	16.36687711	-2.676774E-012	-2.416547E-012	0	0.000000E+000
4	16.37891442	-2.328770E-012	-2.700532E-012	-1	0.000000E+000
4	16.38161892	-2.635603E-012	-2.350661E-012	0	0.000000E+000
4	16.38964065	-2.380432E-012	-2.664987E-012	-1	0.000000E+000
4	16.39050594	-2.664987E-012	-2.354553E-012	0	0.000000E+000
4	16.42050563	-2.354553E-012	-2.745942E-012	-1	0.000000E+000
4	16.42089428	-2.745942E-012	-2.435378E-012	0	0.000000E+000
4	16.44030258	-2.423351E-012	-2.833753E-012	-1	0.000000E+000
4	16.44080000	-2.833753E-012	-2.436903E-012	0	0.000000E+000
4	16.46563979	-2.368940E-012	-2.723019E-012	-1	0.000000E+000
4	16.46615436	-2.723019E-012	-2.428034E-012	0	0.000000E+000
4	16.49419418	-2.373035E-012	-2.751199E-012	-1	0.000000E+000
4	16.49467500	-2.751199E-012	-2.444956E-012	0	0.000000E+000
4	16.50086124	-2.470729E-012	-2.750578E-012	-1	0.000000E+000
4	16.50613152	-2.750578E-012	-2.478388E-012	0	0.000000E+000
4	16.50978047	-2.497606E-012	-2.808648E-012	-1	0.000000E+000
4	16.51232821	-2.783880E-012	-2.437715E-012	0	0.000000E+000
4	16.51814359	-2.454692E-012	-2.834667E-012	-1	0.000000E+000
4	16.52250000	-2.793387E-012	-2.473224E-012	0	0.000000E+000
4	16.52397375	-2.521642E-012	-2.886413E-012	-1	0.000000E+000
4	16.52702819	-2.836113E-012	-2.512771E-012	0	0.000000E+000
4	16.53148661	-2.439736E-012	-2.809380E-012	-1	0.000000E+000
4	16.53233810	-2.809380E-012	-2.443469E-012	0	0.000000E+000
4	16.53848692	-2.413825E-012	-2.741606E-012	-1	0.000000E+000
4	16.53965557	-2.701026E-012	-2.380307E-012	0	0.000000E+000
4	16.55300320	-2.409783E-012	-2.752543E-012	-1	0.000000E+000
4	16.55371658	-2.752543E-012	-2.421887E-012	0	0.000000E+000
4	16.59177892	-2.418572E-012	-2.699362E-012	-1	0.000000E+000
4	16.59303681	-2.656805E-012	-2.432377E-012	0	0.000000E+000
4	16.59362085	-2.432377E-012	-2.759752E-012	-1	0.000000E+000
4	16.60546008	-2.728220E-012	-2.349637E-012	0	0.000000E+000
4	16.63836676	-2.362321E-012	-2.683984E-012	-1	0.000000E+000
4	16.64523970	-2.659216E-012	-2.350263E-012	0	0.000000E+000
4	16.66417908	-2.327195E-012	-2.648902E-012	-1	0.000000E+000
4	16.66617739	-2.651197E-012	-2.288262E-012	0	0.000000E+000
4	16.67309566	-2.360802E-012	-2.723128E-012	-1	0.000000E+000
4	16.67531319	-2.765760E-012	-2.403683E-012	0	0.000000E+000
4	16.68952067	-2.376708E-012	-2.904588E-012	-1	0.000000E+000
4	16.69026637	-2.904588E-012	-2.442763E-012	0	0.000000E+000
4	16.70511005	-2.432687E-012	-2.731062E-012	-1	0.000000E+000
4	16.70676405	-2.731062E-012	-2.340587E-012	0	0.000000E+000
4	16.70778963	-2.340587E-012	-2.716079E-012	-1	0.000000E+000
4	16.71076616	-2.716079E-012	-2.400875E-012	0	0.000000E+000
4	16.72962782	-2.400445E-012	-2.764278E-012	-1	0.000000E+000
4	16.73031207	-2.764278E-012	-2.406307E-012	0	0.000000E+000
4	16.73975509	-2.339626E-012	-2.668198E-012	-1	0.000000E+000
4	16.74206276	-2.683869E-012	-2.353646E-012	0	0.000000E+000
4	16.81310489	-2.332054E-012	-2.607908E-012	-1	0.000000E+000
4	16.82205487	-2.541264E-012	-2.281429E-012	0	0.000000E+000
4	16.84105214	-2.275297E-012	-2.498475E-012	-1	0.000000E+000
4	16.84391956	-2.516885E-012	-2.259660E-012	0	0.000000E+000
4	16.85842628	-2.339626E-012	-2.668198E-012	-1	0.000000E+000
4	16.85978973	-2.668198E-012	-2.356806E-012	0	0.000000E+000
4	16.86123676	-2.356806E-012	-2.658177E-012	-1	0.000000E+000
4	16.86727845	-2.658177E-012	-2.359763E-012	0	0.000000E+000
4	16.87104837	-2.361302E-012	-2.700623E-012	-1	0.000000E+000
4	16.87489063	-2.579115E-012	-2.367934E-012	0	0.000000E+000
4	16.87913637	-2.367934E-012	-3.007815E-012	-1	0.000000E+000
4	16.87957515	-3.007815E-012	-2.434521E-012	0	0.000000E+000
4	16.88229206	-2.401497E-012	-2.765557E-012	-1	0.000000E+000
4	16.88288873	-2.765557E-012	-2.428672E-012	0	0.000000E+000
4	16.90175505	-2.433371E-012	-2.795414E-012	-1	0.000000E+000
4	16.90220077	-2.795414E-012	-2.387037E-012	0	0.000000E+000
4	16.90559911	-2.387037E-012	-2.843274E-012	-1	0.000000E+000
4	16.90621259	-2.843274E-012	-2.419732E-012	0	0.000000E+000
4	16.92097285	-2.404272E-012	-2.787527E-012	-1	0.000000E+000
4	16.92152498	-2.787527E-012	-2.441948E-012	0	0.000000E+000
4	16.92615839	-2.425436E-012	-2.851853E-012	-1	0.000000E+000
4	16.93051297	-2.851853E-012	-2.415249E-012	0	0.000000E+000
4	16.93199347	-2.415249E-012	-2.702997E-012	-1	0.000000E+000
4	16.95251276	-2.669973E-012	-2.331040E-012	0	0.000000E+000
4	16.95379340	-2.324002E-012	-2.678751E-012	-1	0.000000E+000
4	16.95502948	-2.630358E-012	-2.371848E-012	0	0.000000E+000
4	17.05077945	-2.334928E-012	-2.606877E-012	-1	0.000000E+000
4	17.06043574	-2.558082E-012	-2.306712E-012	0	0.000000E+000
4	17.06147301	-2.326672E-012	-2.557342E-012	-1	0.000000E+000
4	17.07926296	-2.536807E-012	-2.299435E-012	0	0.000000E+000
4	17.08092475	-2.282684E-012	-2.552478E-012	-1	0.000000E+000
4	17.08571197	-2.543265E-012	-2.263691E-012	0	0.000000E+000
4	17.09038841	-2.342911E-012	-2.561501E-012	-1	0.000000E+000
4	17.09464912	-2.561501E-012	-2.303953E-012	0	0.000000E+000
4	17.11144490	-2.303953E-012	-2.664528E-012	-1	0.000000E+000
4	17.11343610	-2.664528E-012	-2.294056E-012	0	0.000000E+000
4	17.12211414	-2.294056E-012	-2.681240E-012	-1	0.000000E+000
4	17.12330602	-2.681240E-012	-2.368146E-012	0	0.000000E+000
4	17.12871677	-2.368146E-012	-2.680431E-012	-1	0.000000E+000
4	17.12943994	-2.680431E-012	-2.382479E-012	0	0.000000E+000
4	17.13237667	-2.382479E-012	-2.689669E-012	-1	0.000000E+000
4	17.13503632	-2.704208E-012	-2.434669E-012	0	0.000000E+000
4	17.14068407	-2.489554E-012	-2.799074E-012	-1	0.000000E+000
4	17.14429052	-2.683491E-012	-2.306624E-012	0	0.000000E+000
4	17.16676225	-2.323136E-012	-2.726079E-012	-1	0.000000E+000
4	17.16971966	-2.596963E-012	-2.308572E-012	0	0.000000E+000
4	17.17893712	-2.400217E-012	-2.674270E-012	-1	0.000000E+000
4	17.18018799	-2.674270E-012	-2.303176E-012	0	0.000000E+000
4	17.18173383	-2.303176E-012	-2.628288E-012	-1	0.000000E+000
4	17.18468164	-2.628288E-012	-2.365667E-012	0	0.000000E+000
4	17.18771302	-2.365667E-012	-2.715499E-012	-1	0.000000E+000
4	17.19072013	-2.689158E-012	-2.400674E-012	0	0.000000E+000
4	17.19254295	-2.399981E-012	-3.055106E-012	-1	0.000000E+000
4	17.19300032	-2.964291E-012	-2.398749E-012	0	0.000000E+000
4	17.21882436	-2.257891E-012	-2.509270E-012	-1	0.000000E+000
4	17.22971859	-2.470548E-012	-2.235072E-012	0	0.000000E+000
4	17.25092211	-2.317631E-012	-2.657877E-012	-1	0.000000E+000
4	17.25157627	-2.657877E-012	-2.367778E-012	0	0.000000E+000
4	17.26737873	-2.305652E-012	-2.667582E-012	-1	0.000000E+000
4	17.26772524	-2.667582E-012	-2.346878E-012	0	0.000000E+000
4	17.27407934	-2.342618E-012	-2.675015E-012	-1	0.000000E+000
4	17.27509396	-2.654356E-012	-2.303508E-012	0	0.000000E+000
4	17.28200727	-2.348373E-012	-2.845824E-012	-1	0.000000E+000
4	17.28296564	-2.845824E-012	-2.365187E-012	0	0.000000E+000
4	17.29414898	-2.390073E-012	-2.649613E-012	-1	0.000000E+000
4	17.29510599	-2.604162E-012	-2.333894E-012	0	0.000000E+000
4	17.30183569	-2.333692E-012	-2.591567E-012	-1	0.000000E+000
4	17.31587388	-2.608954E-012	-2.327642E-012	0	0.000000E+000
4	17.33058878	-2.355336E-012	-2.633164E-012	-1	0.000000E+000
4	17.33110000	-2.633164E-012	-2.313566E-012	0	0.000000E+000
4	17.34173692	-2.318037E-012	-2.587910E-012	-1	0.000000E+000
4	17.34217839	-2.587910E-012	-2.291008E-012	0	0.000000E+000
4	17.35476094	-2.296406E-012	-2.601097E-012	-1	0.000000E+000
4	17.35570780	-2.601097E-012	-2.292537E-012	0	0.000000E+000
4	17.37144645	-2.366840E-012	-2.672987E-012	-1	0.000000E+000
4	17.37657088	-2.747291E-012	-2.398467E-012	0	0.000000E+000
4	17.38296342	-2.472878E-012	-2.979305E-012	-1	0.000000E+000
4	17.38347027	-2.979305E-012	-2.427931E-012	0	0.000000E+000
4	17.38647503	-2.427931E-012	-3.031469E-012	-1	0.000000E+000
4	17.38744245	-3.031469E-012	-2.402610E-012	0	0.000000E+000
4	17.39095228	-2.402610E-012	-2.758317E-012	-1	0.000000E+000
4	17.39142082	-2.758317E-012	-2.362244E-012	0	0.000000E+000
4	17.39998757	-2.350809E-012	-2.739920E-012	-1	0.000000E+000
4	17.40046715	-2.739920E-012	-2.306777E-012	0	0.000000E+000
4	17.40152219	-2.306777E-012	-2.739920E-012	-1	0.000000E+000
4	17.40217550	-2.739920E-012	-2.347493E-012	0	0.000000E+000
