3	0.19895902	-3.810150E-012	-4.217415E-012	-1	0.000000E+000
3	0.20095981	-4.154427E-012	-3.805857E-012	0	0.000000E+000
3	0.26889904	-3.874098E-012	-4.184791E-012	-1	0.000000E+000
3	0.27096548	-4.165334E-012	-3.749953E-012	0	0.000000E+000
3	0.28561472	-3.858009E-012	-4.116017E-012	-1	0.000000E+000
3	0.28818547	-4.072295E-012	-3.775395E-012	0	0.000000E+000
3	0.32127541	-3.871044E-012	-4.168442E-012	-1	0.000000E+000
3	0.32241794	-4.158355E-012	-3.855988E-012	0	0.000000E+000
3	0.34506425	-3.817958E-012	-4.135331E-012	-1	0.000000E+000
3	0.34679388	-4.087132E-012	-3.832384E-012	0	0.000000E+000
3	0.35236322	-3.933541E-012	-4.250914E-012	-1	0.000000E+000
3	0.35352329	-4.219738E-012	-3.861981E-012	0	0.000000E+000
3	0.38250519	-3.890406E-012	-4.226375E-012	-1	0.000000E+000
3	0.38338277	-4.226375E-012	-3.853084E-012	0	0.000000E+000
3	0.38819255	-3.900643E-012	-4.171597E-012	-1	0.000000E+000
3	0.38960460	-4.180409E-012	-3.856105E-012	0	0.000000E+000
3	0.45941769	-3.852064E-012	-4.174894E-012	-1	0.000000E+000
3	0.46152438	-4.131952E-012	-3.841290E-012	0	0.000000E+000
3	0.46916918	-3.807804E-012	-4.071224E-012	-1	0.000000E+000
3	0.47159843	-4.032435E-012	-3.750633E-012	0	0.000000E+000
3	0.49429628	-3.783657E-012	-4.137058E-012	-1	0.000000E+000
3	0.49625562	-4.059002E-012	-3.811175E-012	0	0.000000E+000
3	0.53789203	-3.841539E-012	-4.136542E-012	-1	0.000000E+000
3	0.53919625	-4.045053E-012	-3.811041E-012	0	0.000000E+000
3	0.54720170	-3.824316E-012	-4.087736E-012	-1	0.000000E+000
3	0.54861345	-4.099961E-012	-3.787515E-012	0	0.000000E+000
3	0.57911692	-3.873852E-012	-4.162039E-012	-1	0.000000E+000
3	0.58409032	-4.162039E-012	-3.820029E-012	0	0.000000E+000
3	0.59051936	-3.832527E-012	-4.204700E-012	-1	0.000000E+000
3	0.59387091	-4.080806E-012	-3.795783E-012	0	0.000000E+000
3	0.60795348	-3.801738E-012	-4.160335E-012	-1	0.000000E+000
3	0.60847652	-4.160335E-012	-3.837073E-012	0	0.000000E+000
3	0.64344022	-3.769478E-012	-4.056911E-012	-1	0.000000E+000
3	0.67557471	-3.983355E-012	-3.738684E-012	0	0.000000E+000
3	0.69406566	-3.796475E-012	-4.179182E-012	-1	0.000000E+000
3	0.69519622	-4.134961E-012	-3.785355E-012	0	0.000000E+000
3	0.72818262	-3.788310E-012	-4.080926E-012	-1	0.000000E+000
3	0.73058251	-4.016870E-012	-3.757698E-012	0	0.000000E+000
3	0.74753144	-3.786188E-012	-4.042769E-012	-1	0.000000E+000
3	0.75218787	-4.023320E-012	-3.747449E-012	0	0.000000E+000
3	0.76694420	-3.825288E-012	-4.207992E-012	-1	0.000000E+000
3	0.76802074	-4.207992E-012	-3.869717E-012	0	0.000000E+000
3	0.77913313	-3.839932E-012	-4.197832E-012	-1	0.000000E+000
3	0.78004477	-4.197832E-012	-3.816233E-012	0	0.000000E+000
3	0.78107451	-3.882504E-012	-4.139599E-012	-1	0.000000E+000
3	0.78296002	-4.102618E-012	-3.807829E-012	0	0.000000E+000
3	0.78514299	-3.874115E-012	-4.228216E-012	-1	0.000000E+000
3	0.78619058	-4.228216E-012	-3.832112E-012	0	0.000000E+000
3	0.88911548	-3.832112E-012	-4.210872E-012	-1	0.000000E+000
3	0.89165736	-4.210872E-012	-3.852827E-012	0	0.000000E+000
3	0.93491015	-3.802007E-012	-4.136713E-012	-1	0.000000E+000
3	0.93946104	-4.110302E-012	-3.775471E-012	0	0.000000E+000
3	0.94398661	-3.780089E-012	-4.100456E-012	-1	0.000000E+000
3	0.94765145	-4.019331E-012	-3.715123E-012	0	0.000000E+000
3	0.95512580	-3.679119E-012	-3.974840E-012	-1	0.000000E+000
3	0.96601223	-3.914115E-012	-3.661445E-012	0	0.000000E+000
3	0.96829522	-3.726654E-012	-4.023301E-012	-1	0.000000E+000
3	0.97386784	-3.969567E-012	-3.682334E-012	0	0.000000E+000
3	1.00890972	-3.814428E-012	-4.098336E-012	-1	0.000000E+000
3	1.01618307	-4.068036E-012	-3.747774E-012	0	0.000000E+000
3	1.03065013	-3.747774E-012	-4.084191E-012	-1	0.000000E+000
3	1.03237246	-4.016097E-012	-3.670884E-012	0	0.000000E+000
3	1.03549470	-3.749856E-012	-4.049205E-012	-1	0.000000E+000
3	1.04243751	-4.063120E-012	-3.742623E-012	0	0.000000E+000
3	1.04706787	-3.774163E-012	-4.121219E-012	-1	0.000000E+000
3	1.05023543	-4.074491E-012	-3.741554E-012	0	0.000000E+000
3	1.06688957	-3.741554E-012	-4.133643E-012	-1	0.000000E+000
3	1.06775292	-4.133643E-012	-3.788552E-012	0	0.000000E+000
3	1.07177578	-3.784494E-012	-4.146313E-012	-1	0.000000E+000
3	1.07346912	-4.069568E-012	-3.801311E-012	0	0.000000E+000
3	1.07803048	-3.846389E-012	-4.136249E-012	-1	0.000000E+000
3	1.07944966	-4.094285E-012	-3.820280E-012	0	0.000000E+000
3	1.08247026	-3.833339E-012	-4.111756E-012	-1	0.000000E+000
3	1.09217638	-4.089157E-012	-3.732041E-012	0	0.000000E+000
3	1.09382448	-3.756672E-012	-4.053673E-012	-1	0.000000E+000
3	1.10133054	-4.047831E-012	-3.740186E-012	0	0.000000E+000
3	1.10638002	-3.748416E-012	-4.028905E-012	-1	0.000000E+000
3	1.12124751	-4.010134E-012	-3.693107E-012	0	0.000000E+000
3	1.12272456	-3.757586E-012	-4.049107E-012	-1	0.000000E+000
3	1.12477176	-4.018390E-012	-3.693107E-012	0	0.000000E+000
3	1.12579412	-3.738914E-012	-4.097423E-012	-1	0.000000E+000
3	1.13079267	-4.006636E-012	-3.699671E-012	0	0.000000E+000
3	1.13271104	-3.705431E-012	-4.052528E-012	-1	0.000000E+000
3	1.14560947	-3.985763E-012	-3.742946E-012	0	0.000000E+000
3	1.14663653	-3.748757E-012	-4.027964E-012	-1	0.000000E+000
3	1.19313031	-3.956303E-012	-3.685504E-012	0	0.000000E+000
3	1.19690574	-3.729343E-012	-4.037030E-012	-1	0.000000E+000
3	1.19919707	-4.087804E-012	-3.738097E-012	0	0.000000E+000
3	1.21980621	-3.865772E-012	-4.161400E-012	-1	0.000000E+000
3	1.22027564	-4.161400E-012	-3.842814E-012	0	0.000000E+000
3	1.23451417	-3.798539E-012	-4.084742E-012	-1	0.000000E+000
3	1.23592023	-4.070417E-012	-3.753350E-012	0	0.000000E+000
3	1.24091133	-3.822739E-012	-4.142375E-012	-1	0.000000E+000
3	1.24264584	-4.144749E-012	-3.741840E-012	0	0.000000E+000
3	1.24633393	-3.809656E-012	-4.103551E-012	-1	0.000000E+000
3	1.25355919	-4.103551E-012	-3.757447E-012	0	0.000000E+000
3	1.27711063	-3.825830E-012	-4.148109E-012	-1	0.000000E+000
3	1.27802999	-4.148109E-012	-3.805432E-012	0	0.000000E+000
3	1.33904447	-3.805432E-012	-4.140315E-012	-1	0.000000E+000
3	1.34529543	-4.140315E-012	-3.735633E-012	0	0.000000E+000
3	1.34579474	-3.735633E-012	-4.101060E-012	-1	0.000000E+000
3	1.35014815	-4.101060E-012	-3.775964E-012	0	0.000000E+000
3	1.35668261	-3.742941E-012	-4.073428E-012	-1	0.000000E+000
3	1.36461582	-3.996269E-012	-3.736071E-012	0	0.000000E+000
3	1.36594637	-3.791237E-012	-4.093659E-012	-1	0.000000E+000
3	1.36850836	-4.036236E-012	-3.740307E-012	0	0.000000E+000
3	1.37124818	-3.793713E-012	-4.151934E-012	-1	0.000000E+000
3	1.37177500	-4.151934E-012	-3.733016E-012	0	0.000000E+000
3	1.37747511	-3.790808E-012	-4.102621E-012	-1	0.000000E+000
3	1.37839750	-4.092529E-012	-3.794624E-012	0	0.000000E+000
3	1.38189575	-3.778803E-012	-4.099375E-012	-1	0.000000E+000
3	1.38370309	-4.103339E-012	-3.779560E-012	0	0.000000E+000
3	1.40261053	-3.788236E-012	-4.173555E-012	-1	0.000000E+000
3	1.40535000	-4.140531E-012	-3.758696E-012	0	0.000000E+000
3	1.44611628	-3.744674E-012	-4.092475E-012	-1	0.000000E+000
3	1.44717950	-4.104053E-012	-3.780703E-012	0	0.000000E+000
3	1.46032091	-3.788982E-012	-4.089825E-012	-1	0.000000E+000
3	1.46533372	-4.014863E-012	-3.703849E-012	0	0.000000E+000
3	1.47395744	-3.828481E-012	-4.111574E-012	-1	0.000000E+000
3	1.47521287	-4.111574E-012	-3.798468E-012	0	0.000000E+000
3	1.48332382	-3.835242E-012	-4.366757E-012	-1	0.000000E+000
3	1.48459163	-4.271540E-012	-3.847770E-012	0	0.000000E+000
3	1.49641971	-3.807743E-012	-4.138276E-012	-1	0.000000E+000
3	1.50064151	-4.071655E-012	-3.794986E-012	0	0.000000E+000
3	1.51004477	-3.791009E-012	-4.098935E-012	-1	0.000000E+000
3	1.51537659	-4.025950E-012	-3.770282E-012	0	0.000000E+000
3	1.52857350	-3.787036E-012	-4.070616E-012	-1	0.000000E+000
3	1.53021715	-4.002938E-012	-3.767573E-012	0	0.000000E+000
3	1.53158279	-3.815455E-012	-4.155992E-012	-1	0.000000E+000
3	1.53300606	-4.055647E-012	-3.788631E-012	0	0.000000E+000
3	1.55702750	-3.788631E-012	-4.126867E-012	-1	0.000000E+000
3	1.56394540	-4.093527E-012	-3.813695E-012	0	0.000000E+000
3	1.57698456	-3.853423E-012	-4.189880E-012	-1	0.000000E+000
3	1.57933633	-4.141676E-012	-3.796422E-012	0	0.000000E+000
3	1.58108727	-3.864080E-012	-4.227307E-012	-1	0.000000E+000
3	1.58387028	-4.052071E-012	-3.849237E-012	0	0.000000E+000
3	1.61892681	-3.815239E-012	-4.124889E-012	-1	0.000000E+000
3	1.62042706	-4.065872E-012	-3.776607E-012	0	0.000000E+000
3	1.62112826	-3.776607E-012	-4.095766E-012	-1	0.000000E+000
3	1.62248452	-4.141451E-012	-3.772324E-012	0	0.000000E+000
3	1.63213963	-3.751495E-012	-4.072374E-012	-1	0.000000E+000
3	1.63315043	-4.058000E-012	-3.791482E-012	0	0.000000E+000
3	1.64437557	-3.808853E-012	-4.129516E-012	-1	0.000000E+000
3	1.64804094	-4.075073E-012	-3.800188E-012	0	0.000000E+000
3	1.65437384	-3.831750E-012	-4.166169E-012	-1	0.000000E+000
3	1.65770728	-4.018824E-012	-3.728013E-012	0	0.000000E+000
3	1.66560617	-3.770713E-012	-4.021616E-012	-1	0.000000E+000
3	1.66761044	-4.023848E-012	-3.771203E-012	0	0.000000E+000
3	1.66922097	-3.851339E-012	-4.104176E-012	-1	0.000000E+000
3	1.67320792	-4.104176E-012	-3.802618E-012	0	0.000000E+000
3	1.67677441	-3.865857E-012	-4.158990E-012	-1	0.000000E+000
3	1.67988867	-4.097023E-012	-3.773628E-012	0	0.000000E+000
3	1.69266039	-3.863703E-012	-4.190935E-012	-1	0.000000E+000
3	1.69338561	-4.190935E-012	-3.855772E-012	0	0.000000E+000
3	1.70531667	-3.767027E-012	-4.059828E-012	-1	0.000000E+000
3	1.70950047	-4.008764E-012	-3.705179E-012	0	0.000000E+000
3	1.71842785	-3.705179E-012	-4.074688E-012	-1	0.000000E+000
3	1.71894025	-4.074688E-012	-3.727671E-012	0	0.000000E+000
3	1.72305775	-3.727671E-012	-4.048050E-012	-1	0.000000E+000
3	1.72375583	-4.048050E-012	-3.732229E-012	0	0.000000E+000
3	1.74138610	-3.732229E-012	-4.086702E-012	-1	0.000000E+000
3	1.76609391	-3.942715E-012	-3.748184E-012	0	0.000000E+000
3	1.79077472	-3.748184E-012	-4.092482E-012	-1	0.000000E+000
3	1.79182698	-4.092482E-012	-3.692525E-012	0	0.000000E+000
3	1.81691313	-3.801717E-012	-4.175991E-012	-1	0.000000E+000
3	1.81883962	-4.100544E-012	-3.819403E-012	0	0.000000E+000
3	1.83357454	-3.753355E-012	-4.130475E-012	-1	0.000000E+000
3	1.83553961	-4.130475E-012	-3.812710E-012	0	0.000000E+000
3	1.92870748	-3.812710E-012	-4.130475E-012	-1	0.000000E+000
3	1.93211720	-4.030856E-012	-3.724038E-012	0	0.000000E+000
3	1.96954307	-3.833597E-012	-4.114049E-012	-1	0.000000E+000
3	1.97270120	-4.114049E-012	-3.808311E-012	0	0.000000E+000
3	1.97831099	-3.862968E-012	-4.177627E-012	-1	0.000000E+000
3	1.97865531	-4.177627E-012	-3.874444E-012	0	0.000000E+000
3	2.01177640	-3.738149E-012	-4.027787E-012	-1	0.000000E+000
3	2.02991752	-4.054103E-012	-3.741210E-012	0	0.000000E+000
3	2.03439629	-3.812872E-012	-4.088540E-012	-1	0.000000E+000
3	2.03718612	-4.054103E-012	-3.749466E-012	0	0.000000E+000
3	2.04004698	-3.800693E-012	-4.105096E-012	-1	0.000000E+000
3	2.04119636	-4.083028E-012	-3.781913E-012	0	0.000000E+000
3	2.04573374	-3.817901E-012	-4.126772E-012	-1	0.000000E+000
3	2.04931903	-4.115631E-012	-3.813358E-012	0	0.000000E+000
3	2.05328387	-3.853732E-012	-4.201161E-012	-1	0.000000E+000
3	2.05477144	-4.143403E-012	-3.808850E-012	0	0.000000E+000
3	2.05941353	-3.819422E-012	-4.110648E-012	-1	0.000000E+000
3	2.06197032	-4.097216E-012	-3.786694E-012	0	0.000000E+000
3	2.06954021	-3.901981E-012	-4.201463E-012	-1	0.000000E+000
3	2.07118325	-4.204281E-012	-3.872444E-012	0	0.000000E+000
3	2.07985092	-3.815553E-012	-4.124933E-012	-1	0.000000E+000
3	2.08305959	-4.178815E-012	-3.790128E-012	0	0.000000E+000
3	2.08388063	-3.774212E-012	-4.057778E-012	-1	0.000000E+000
3	2.10540884	-4.033179E-012	-3.763708E-012	0	0.000000E+000
3	2.10643141	-3.764102E-012	-4.037585E-012	-1	0.000000E+000
3	2.10993598	-4.016667E-012	-3.755452E-012	0	0.000000E+000
3	2.12745615	-3.793757E-012	-4.042405E-012	-1	0.000000E+000
3	2.13467168	-4.035134E-012	-3.734161E-012	0	0.000000E+000
3	2.13886587	-3.762535E-012	-4.066974E-012	-1	0.000000E+000
3	2.17527500	-4.025695E-012	-3.735258E-012	0	0.000000E+000
3	2.17577500	-3.735258E-012	-4.060157E-012	-1	0.000000E+000
3	2.17885793	-4.060157E-012	-3.707763E-012	0	0.000000E+000
3	2.17937500	-3.707763E-012	-4.121358E-012	-1	0.000000E+000
3	2.19627400	-4.055311E-012	-3.726189E-012	0	0.000000E+000
3	2.19706907	-3.735662E-012	-4.038372E-012	-1	0.000000E+000
3	2.23853953	-3.969028E-012	-3.730005E-012	0	0.000000E+000
3	2.23904351	-3.730005E-012	-4.014315E-012	-1	0.000000E+000
3	2.32105534	-3.953946E-012	-3.609380E-012	0	0.000000E+000
3	2.32146356	-3.609380E-012	-3.934236E-012	-1	0.000000E+000
3	2.38711104	-3.880361E-012	-3.619282E-012	0	0.000000E+000
3	2.40219081	-3.619282E-012	-3.869839E-012	-1	0.000000E+000
3	2.44072302	-3.840025E-012	-3.548953E-012	0	0.000000E+000
3	2.44135940	-3.555753E-012	-3.828947E-012	-1	0.000000E+000
3	2.49451257	-3.828947E-012	-3.567461E-012	0	0.000000E+000
3	2.49542332	-3.567461E-012	-3.893097E-012	-1	0.000000E+000
3	2.50296232	-3.839185E-012	-3.544569E-012	0	0.000000E+000
3	2.50498282	-3.544569E-012	-3.877169E-012	-1	0.000000E+000
3	2.50848130	-3.877169E-012	-3.584580E-012	0	0.000000E+000
3	2.51621752	-3.677998E-012	-3.901091E-012	-1	0.000000E+000
3	2.51925782	-3.934115E-012	-3.668740E-012	0	0.000000E+000
3	2.53887367	-3.713365E-012	-3.934119E-012	-1	0.000000E+000
3	2.54868075	-3.950591E-012	-3.704322E-012	0	0.000000E+000
3	2.57586011	-3.732222E-012	-3.982353E-012	-1	0.000000E+000
3	2.57938094	-3.989527E-012	-3.730822E-012	0	0.000000E+000
3	2.58716562	-3.711040E-012	-3.996390E-012	-1	0.000000E+000
3	2.58856668	-3.983805E-012	-3.685599E-012	0	0.000000E+000
3	2.59719983	-3.716464E-012	-3.980267E-012	-1	0.000000E+000
3	2.60589759	-3.989527E-012	-3.706055E-012	0	0.000000E+000
3	2.60919777	-3.692314E-012	-4.014501E-012	-1	0.000000E+000
3	2.61015278	-4.014501E-012	-3.652721E-012	0	0.000000E+000
3	2.61287765	-3.694001E-012	-4.044912E-012	-1	0.000000E+000
3	2.61337500	-4.044912E-012	-3.732149E-012	0	0.000000E+000
3	2.63084092	-3.693109E-012	-3.995625E-012	-1	0.000000E+000
3	2.63520165	-3.948471E-012	-3.695081E-012	0	0.000000E+000
3	2.63620975	-3.690164E-012	-3.984248E-012	-1	0.000000E+000
3	2.64587525	-3.964982E-012	-3.686826E-012	0	0.000000E+000
3	2.69787714	-3.707514E-012	-3.984238E-012	-1	0.000000E+000
3	2.70033134	-3.979959E-012	-3.686469E-012	0	0.000000E+000
3	2.70403025	-3.724025E-012	-4.025517E-012	-1	0.000000E+000
3	2.70550093	-4.040141E-012	-3.675796E-012	0	0.000000E+000
3	2.71053805	-3.709621E-012	-4.102952E-012	-1	0.000000E+000
3	2.71192165	-4.118453E-012	-3.712111E-012	0	0.000000E+000
3	2.74611513	-3.727581E-012	-4.126869E-012	-1	0.000000E+000
3	2.74721145	-4.142938E-012	-3.737634E-012	0	0.000000E+000
3	2.74856526	-3.740135E-012	-4.118126E-012	-1	0.000000E+000
3	2.74953869	-4.133644E-012	-3.703341E-012	0	0.000000E+000
3	2.76340418	-3.744460E-012	-4.086100E-012	-1	0.000000E+000
3	2.76991346	-4.085148E-012	-3.725411E-012	0	0.000000E+000
3	2.81329752	-3.702187E-012	-4.086542E-012	-1	0.000000E+000
3	2.81380000	-4.086542E-012	-3.753169E-012	0	0.000000E+000
3	2.82790604	-3.673053E-012	-4.055460E-012	-1	0.000000E+000
3	2.82845000	-4.055460E-012	-3.650790E-012	0	0.000000E+000
3	2.83931265	-3.650790E-012	-3.962693E-012	-1	0.000000E+000
3	2.85735382	-3.892428E-012	-3.629564E-012	0	0.000000E+000
3	2.86160499	-3.668179E-012	-4.003556E-012	-1	0.000000E+000
3	2.87021451	-3.999300E-012	-3.714670E-012	0	0.000000E+000
3	2.88881081	-3.698478E-012	-4.011284E-012	-1	0.000000E+000
3	2.89363151	-4.011284E-012	-3.719780E-012	0	0.000000E+000
3	2.94188581	-3.737873E-012	-4.029842E-012	-1	0.000000E+000
3	2.94479810	-4.031681E-012	-3.723004E-012	0	0.000000E+000
3	2.95131725	-3.761694E-012	-4.182926E-012	-1	0.000000E+000
3	2.95485899	-4.080838E-012	-3.750784E-012	0	0.000000E+000
3	2.95941600	-3.778226E-012	-4.119777E-012	-1	0.000000E+000
3	2.96209175	-4.075312E-012	-3.797585E-012	0	0.000000E+000
3	2.96861488	-3.823635E-012	-4.163077E-012	-1	0.000000E+000
3	2.97207959	-4.095254E-012	-3.788929E-012	0	0.000000E+000
3	2.97485787	-3.788929E-012	-4.115301E-012	-1	0.000000E+000
3	2.97812633	-4.115301E-012	-3.791754E-012	0	0.000000E+000
3	3.00106644	-3.846751E-012	-4.271253E-012	-1	0.000000E+000
3	3.00196565	-4.271253E-012	-3.855593E-012	0	0.000000E+000
3	3.01866923	-3.715098E-012	-4.013498E-012	-1	0.000000E+000
3	3.02551345	-3.889717E-012	-3.691000E-012	0	0.000000E+000
3	3.06391234	-3.709706E-012	-3.991856E-012	-1	0.000000E+000
3	3.07683372	-3.892813E-012	-3.657793E-012	0	0.000000E+000
3	3.10019458	-3.665118E-012	-3.945091E-012	-1	0.000000E+000
3	3.10433126	-3.860282E-012	-3.610159E-012	0	0.000000E+000
3	3.11219513	-3.670932E-012	-3.955892E-012	-1	0.000000E+000
3	3.11502631	-3.955892E-012	-3.640946E-012	0	0.000000E+000
3	3.13209812	-3.640946E-012	-3.986371E-012	-1	0.000000E+000
3	3.13294323	-3.986371E-012	-3.668685E-012	0	0.000000E+000
3	3.13678329	-3.697893E-012	-3.941534E-012	-1	0.000000E+000
3	3.14686203	-3.943235E-012	-3.682130E-012	0	0.000000E+000
3	3.15326003	-3.746890E-012	-4.053101E-012	-1	0.000000E+000
3	3.15381232	-4.053101E-012	-3.691403E-012	0	0.000000E+000
3	3.15672257	-3.691403E-012	-4.030404E-012	-1	0.000000E+000
3	3.15994699	-4.030404E-012	-3.691463E-012	0	0.000000E+000
3	3.18157299	-3.697459E-012	-4.068412E-012	-1	0.000000E+000
3	3.18452590	-4.068412E-012	-3.752085E-012	0	0.000000E+000
3	3.24987261	-3.752085E-012	-4.063496E-012	-1	0.000000E+000
3	3.25326442	-4.017020E-012	-3.733010E-012	0	0.000000E+000
3	3.26178614	-3.767242E-012	-4.086038E-012	-1	0.000000E+000
3	3.26436323	-3.995346E-012	-3.749360E-012	0	0.000000E+000
3	3.26789103	-3.749360E-012	-4.052216E-012	-1	0.000000E+000
3	3.27033056	-3.946284E-012	-3.678147E-012	0	0.000000E+000
3	3.27563000	-3.768014E-012	-4.068033E-012	-1	0.000000E+000
3	3.27697336	-4.039763E-012	-3.766665E-012	0	0.000000E+000
3	3.28079022	-3.776656E-012	-4.162105E-012	-1	0.000000E+000
3	3.28283537	-4.001846E-012	-3.782363E-012	0	0.000000E+000
3	3.30951629	-3.749581E-012	-4.007589E-012	-1	0.000000E+000
3	3.31913364	-3.964036E-012	-3.697825E-012	0	0.000000E+000
3	3.37467405	-3.714617E-012	-4.017300E-012	-1	0.000000E+000
3	3.37658707	-4.027759E-012	-3.686558E-012	0	0.000000E+000
3	3.45343216	-3.687328E-012	-3.941638E-012	-1	0.000000E+000
3	3.45981412	-3.894638E-012	-3.629390E-012	0	0.000000E+000
3	3.46162799	-3.693169E-012	-4.015941E-012	-1	0.000000E+000
3	3.46491918	-3.984542E-012	-3.699585E-012	0	0.000000E+000
3	3.47354244	-3.722004E-012	-4.082960E-012	-1	0.000000E+000
3	3.47405000	-4.082960E-012	-3.738816E-012	0	0.000000E+000
3	3.47503939	-3.738816E-012	-4.031721E-012	-1	0.000000E+000
3	3.48028898	-4.031721E-012	-3.682192E-012	0	0.000000E+000
3	3.48311829	-3.708299E-012	-3.987058E-012	-1	0.000000E+000
3	3.49088195	-3.995179E-012	-3.676157E-012	0	0.000000E+000
3	3.50068615	-3.704278E-012	-4.006943E-012	-1	0.000000E+000
3	3.51428021	-3.995179E-012	-3.725692E-012	0	0.000000E+000
3	3.52033369	-3.713722E-012	-4.055427E-012	-1	0.000000E+000
3	3.52508649	-3.967180E-012	-3.698129E-012	0	0.000000E+000
3	3.53402733	-3.698129E-012	-4.013561E-012	-1	0.000000E+000
3	3.55439602	-3.919199E-012	-3.681785E-012	0	0.000000E+000
3	3.56052017	-3.714809E-012	-4.090025E-012	-1	0.000000E+000
3	3.56292595	-4.015721E-012	-3.681577E-012	0	0.000000E+000
3	3.56841256	-3.731112E-012	-4.049213E-012	-1	0.000000E+000
3	3.57944010	-3.968528E-012	-3.668805E-012	0	0.000000E+000
3	3.58082452	-3.686152E-012	-4.023661E-012	-1	0.000000E+000
3	3.58454240	-3.964238E-012	-3.712620E-012	0	0.000000E+000
3	3.58657567	-3.775999E-012	-4.067785E-012	-1	0.000000E+000
3	3.59545347	-3.951927E-012	-3.729479E-012	0	0.000000E+000
3	3.60096763	-3.729479E-012	-4.040448E-012	-1	0.000000E+000
3	3.61269936	-4.021325E-012	-3.715466E-012	0	0.000000E+000
3	3.61333843	-3.715466E-012	-4.016588E-012	-1	0.000000E+000
3	3.62975465	-3.971443E-012	-3.699243E-012	0	0.000000E+000
3	3.63076187	-3.699243E-012	-4.065033E-012	-1	0.000000E+000
3	3.63174939	-4.065033E-012	-3.699243E-012	0	0.000000E+000
3	3.63270447	-3.699243E-012	-3.990039E-012	-1	0.000000E+000
3	3.64540980	-3.943146E-012	-3.706445E-012	0	0.000000E+000
3	3.64812960	-3.705031E-012	-3.995361E-012	-1	0.000000E+000
3	3.65127391	-3.917114E-012	-3.660231E-012	0	0.000000E+000
3	3.65661413	-3.732323E-012	-3.985027E-012	-1	0.000000E+000
3	3.65928910	-3.941548E-012	-3.629390E-012	0	0.000000E+000
3	3.65982500	-3.629390E-012	-3.962337E-012	-1	0.000000E+000
3	3.67135755	-3.910665E-012	-3.641810E-012	0	0.000000E+000
3	3.67852395	-3.763919E-012	-4.047719E-012	-1	0.000000E+000
3	3.67949000	-4.047719E-012	-3.744025E-012	0	0.000000E+000
3	3.71027684	-3.785305E-012	-4.173461E-012	-1	0.000000E+000
3	3.76860111	-3.995335E-012	-3.680506E-012	0	0.000000E+000
3	3.78299925	-3.716008E-012	-4.142992E-012	-1	0.000000E+000
3	3.79326417	-3.952067E-012	-3.713993E-012	0	0.000000E+000
3	3.79792535	-3.747017E-012	-4.066993E-012	-1	0.000000E+000
3	3.80233323	-3.958657E-012	-3.644637E-012	0	0.000000E+000
3	3.81144593	-3.730582E-012	-4.051367E-012	-1	0.000000E+000
3	3.81357477	-4.010589E-012	-3.728461E-012	0	0.000000E+000
3	3.83569440	-3.699873E-012	-3.986868E-012	-1	0.000000E+000
3	3.83851666	-3.930216E-012	-3.683169E-012	0	0.000000E+000
3	3.84043445	-3.683169E-012	-4.001412E-012	-1	0.000000E+000
3	3.84288130	-3.937957E-012	-3.660867E-012	0	0.000000E+000
3	3.85105702	-3.660867E-012	-3.974312E-012	-1	0.000000E+000
3	3.85556951	-3.933561E-012	-3.591192E-012	0	0.000000E+000
3	3.85826485	-3.661944E-012	-4.102451E-012	-1	0.000000E+000
3	3.85912515	-4.102451E-012	-3.757593E-012	0	0.000000E+000
3	3.88335677	-3.693889E-012	-3.997182E-012	-1	0.000000E+000
3	3.89290262	-3.989021E-012	-3.722393E-012	0	0.000000E+000
3	3.90342271	-3.799135E-012	-4.099226E-012	-1	0.000000E+000
3	3.90437372	-4.099226E-012	-3.730649E-012	0	0.000000E+000
3	3.92171378	-3.722410E-012	-4.013095E-012	-1	0.000000E+000
3	3.92403167	-3.937666E-012	-3.721758E-012	0	0.000000E+000
3	3.92500930	-3.730666E-012	-3.971815E-012	-1	0.000000E+000
3	3.92788812	-3.977915E-012	-3.673769E-012	0	0.000000E+000
3	3.93607637	-3.738922E-012	-4.046118E-012	-1	0.000000E+000
