4	1.67720203	-1.444144E-012	-1.706221E-012	-1	0.000000E+000
4	1.67946733	-1.656924E-012	-1.402747E-012	0	0.000000E+000
4	1.71914767	-1.441602E-012	-1.732096E-012	-1	0.000000E+000
4	1.72029345	-1.709451E-012	-1.419852E-012	0	0.000000E+000
4	1.89794688	-1.438471E-012	-1.736502E-012	-1	0.000000E+000
4	1.90312379	-1.654454E-012	-1.401177E-012	0	0.000000E+000
4	1.90654473	-1.437358E-012	-1.746211E-012	-1	0.000000E+000
4	1.91040862	-1.728932E-012	-1.412162E-012	0	0.000000E+000
4	2.08623937	-1.452467E-012	-1.770637E-012	-1	0.000000E+000
4	2.08874394	-1.690632E-012	-1.409680E-012	0	0.000000E+000
4	2.19169509	-1.436376E-012	-1.712820E-012	-1	0.000000E+000
4	2.19580939	-1.702925E-012	-1.410983E-012	0	0.000000E+000
4	4.18520758	-8.997500E-013	-1.310549E-012	-1	0.000000E+000
4	4.18663354	-1.282829E-012	-9.175059E-013	0	0.000000E+000
4	7.37636697	-1.393655E-012	-1.681203E-012	-1	0.000000E+000
4	7.37876646	-1.708555E-012	-1.392428E-012	0	0.000000E+000
4	10.11012979	-1.437788E-012	-1.693063E-012	-1	0.000000E+000
4	10.11138790	-1.700977E-012	-1.424363E-012	0	0.000000E+000
4	10.88410058	-1.424360E-012	-1.673172E-012	-1	0.000000E+000
4	10.88842946	-1.682094E-012	-1.389400E-012	0	0.000000E+000
4	10.90649725	-1.432999E-012	-1.742287E-012	-1	0.000000E+000
4	10.90883165	-1.731104E-012	-1.397803E-012	0	0.000000E+000
4	10.92934422	-1.420553E-012	-1.758565E-012	-1	0.000000E+000
4	10.93556354	-1.714713E-012	-1.412112E-012	0	0.000000E+000
4	11.32311019	-1.425150E-012	-1.775935E-012	-1	0.000000E+000
4	11.32898483	-1.717815E-012	-1.405393E-012	0	0.000000E+000
4	11.33448653	-1.426854E-012	-1.686158E-012	-1	0.000000E+000
4	11.33738676	-1.702968E-012	-1.418120E-012	0	0.000000E+000
4	11.34637145	-1.426854E-012	-1.763912E-012	-1	0.000000E+000
4	11.34805929	-1.763912E-012	-1.417871E-012	0	0.000000E+000
4	12.47225298	-1.438215E-012	-1.932543E-012	-1	0.000000E+000
4	12.47837554	-1.904021E-012	-1.438607E-012	0	0.000000E+000
4	14.15704031	-1.428569E-012	-1.745680E-012	-1	0.000000E+000
4	14.22453593	-1.818056E-012	-1.385757E-012	0	0.000000E+000
4	14.97270392	-1.433457E-012	-1.754329E-012	-1	0.000000E+000
4	14.97447479	-1.711118E-012	-1.421973E-012	0	0.000000E+000
4	16.29694315	-1.445719E-012	-1.736307E-012	-1	0.000000E+000
4	16.29977925	-1.762722E-012	-1.426397E-012	0	0.000000E+000
4	17.29387739	-1.434008E-012	-1.805771E-012	-1	0.000000E+000
4	17.30072444	-1.782425E-012	-1.407928E-012	0	0.000000E+000
4	17.38128590	-1.407928E-012	-1.713163E-012	-1	0.000000E+000
4	17.38553519	-1.647170E-012	-1.373468E-012	0	0.000000E+000
4	20.29897440	-1.454515E-012	-1.690493E-012	-1	0.000000E+000
4	20.32628137	-1.673980E-012	-1.403846E-012	0	0.000000E+000
4	20.33002312	-1.411598E-012	-1.697507E-012	-1	0.000000E+000
4	20.33786506	-1.701017E-012	-1.393504E-012	0	0.000000E+000
4	22.82226595	-1.398765E-012	-1.753973E-012	-1	0.000000E+000
4	22.82845711	-1.753973E-012	-1.438850E-012	0	0.000000E+000
4	40.70256892	-1.416935E-012	-1.748440E-012	-1	0.000000E+000
4	40.70506545	-1.713442E-012	-1.388018E-012	0	0.000000E+000
4	41.87855485	-1.427872E-012	-1.697537E-012	-1	0.000000E+000
4	41.88162084	-1.699394E-012	-1.351546E-012	0	0.000000E+000
4	42.11564452	-1.435547E-012	-1.667126E-012	-1	0.000000E+000
4	42.11827947	-1.631316E-012	-1.379290E-012	0	0.000000E+000
4	42.51529892	-1.443073E-012	-1.684917E-012	-1	0.000000E+000
4	42.51781976	-1.709410E-012	-1.400893E-012	0	0.000000E+000
4	43.44957353	-1.424113E-012	-1.707123E-012	-1	0.000000E+000
4	43.45136028	-1.709020E-012	-1.390472E-012	0	0.000000E+000
4	43.66933832	-1.448937E-012	-1.701324E-012	-1	0.000000E+000
4	43.67079824	-1.670372E-012	-1.415020E-012	0	0.000000E+000
4	44.81050119	-1.442514E-012	-1.752026E-012	-1	0.000000E+000
4	44.81209724	-1.740816E-012	-1.422155E-012	0	0.000000E+000
4	48.69498877	-1.359816E-012	-1.690878E-012	-1	0.000000E+000
4	48.69704902	-1.693027E-012	-1.370962E-012	0	0.000000E+000
4	49.24746942	-1.408279E-012	-1.763434E-012	-1	0.000000E+000
4	49.24910803	-1.744953E-012	-1.388023E-012	0	0.000000E+000
4	49.95674564	-1.421325E-012	-1.693399E-012	-1	0.000000E+000
4	49.95887068	-1.656544E-012	-1.388967E-012	0	0.000000E+000
4	52.31816683	-1.380328E-012	-1.652279E-012	-1	0.000000E+000
4	52.32143247	-1.635150E-012	-1.355842E-012	0	0.000000E+000
4	53.00861397	-1.429925E-012	-1.802165E-012	-1	0.000000E+000
4	53.00974556	-1.797161E-012	-1.379231E-012	0	0.000000E+000
4	53.83877347	-1.381520E-012	-1.712472E-012	-1	0.000000E+000
4	53.84005500	-1.607906E-012	-1.358188E-012	0	0.000000E+000
4	53.87647735	-1.384106E-012	-1.681787E-012	-1	0.000000E+000
4	53.87814841	-1.690528E-012	-1.364538E-012	0	0.000000E+000
4	53.99010926	-1.394771E-012	-1.776645E-012	-1	0.000000E+000
4	53.99584400	-1.661050E-012	-1.378385E-012	0	0.000000E+000
4	54.00480846	-1.409671E-012	-1.778432E-012	-1	0.000000E+000
4	54.00858390	-1.755654E-012	-1.394894E-012	0	0.000000E+000
4	54.01457571	-1.396098E-012	-1.719449E-012	-1	0.000000E+000
4	54.02147777	-1.662670E-012	-1.376307E-012	0	0.000000E+000
4	54.08570400	-1.373250E-012	-1.732026E-012	-1	0.000000E+000
4	54.08845735	-1.732026E-012	-1.385429E-012	0	0.000000E+000
4	54.13245164	-1.396591E-012	-1.737648E-012	-1	0.000000E+000
4	54.13464338	-1.676559E-012	-1.393949E-012	0	0.000000E+000
4	54.47989559	-1.397912E-012	-1.695913E-012	-1	0.000000E+000
4	54.48489914	-1.653077E-012	-1.358806E-012	0	0.000000E+000
4	54.54453793	-1.376084E-012	-1.630322E-012	-1	0.000000E+000
4	54.55636021	-1.613114E-012	-1.343783E-012	0	0.000000E+000
4	54.59069203	-1.450669E-012	-1.750297E-012	-1	0.000000E+000
4	54.60102244	-1.750297E-012	-1.369703E-012	0	0.000000E+000
4	54.71025663	-1.369703E-012	-1.690602E-012	-1	0.000000E+000
4	54.71737525	-1.638109E-012	-1.384079E-012	0	0.000000E+000
4	55.08792232	-1.371594E-012	-1.685649E-012	-1	0.000000E+000
4	55.09149335	-1.723391E-012	-1.378700E-012	0	0.000000E+000
4	55.16224327	-1.373145E-012	-1.710973E-012	-1	0.000000E+000
4	55.17289637	-1.705081E-012	-1.393226E-012	0	0.000000E+000
4	55.17725100	-1.419984E-012	-1.827407E-012	-1	0.000000E+000
4	55.18739023	-1.782476E-012	-1.392064E-012	0	0.000000E+000
4	55.71530594	-1.380208E-012	-1.655697E-012	-1	0.000000E+000
4	55.73001132	-1.647419E-012	-1.314147E-012	0	0.000000E+000
4	55.73995012	-1.371569E-012	-1.750730E-012	-1	0.000000E+000
4	55.74512896	-1.712476E-012	-1.393129E-012	0	0.000000E+000
4	55.75377275	-1.370928E-012	-1.698274E-012	-1	0.000000E+000
4	55.76266433	-1.624824E-012	-1.396660E-012	0	0.000000E+000
4	55.77079019	-1.365291E-012	-1.704791E-012	-1	0.000000E+000
4	55.77451032	-1.685592E-012	-1.341720E-012	0	0.000000E+000
4	55.78113611	-1.393670E-012	-1.683775E-012	-1	0.000000E+000
4	55.78516675	-1.684721E-012	-1.363222E-012	0	0.000000E+000
4	55.79477874	-1.399848E-012	-1.722070E-012	-1	0.000000E+000
4	55.79979157	-1.634423E-012	-1.378277E-012	0	0.000000E+000
4	56.04099005	-1.404137E-012	-1.699875E-012	-1	0.000000E+000
4	56.04404969	-1.575265E-012	-1.359873E-012	0	0.000000E+000
4	56.27422262	-1.361433E-012	-1.670304E-012	-1	0.000000E+000
4	56.27596445	-1.644406E-012	-1.322770E-012	0	0.000000E+000
4	64.38672262	-1.410598E-012	-1.624243E-012	-1	0.000000E+000
4	64.38937859	-1.634521E-012	-1.375025E-012	0	0.000000E+000
4	64.44454961	-1.384146E-012	-1.707637E-012	-1	0.000000E+000
4	64.44909174	-1.707637E-012	-1.389072E-012	0	0.000000E+000
4	64.61133832	-1.389072E-012	-1.692806E-012	-1	0.000000E+000
4	64.61338365	-1.686156E-012	-1.358120E-012	0	0.000000E+000
4	64.66420732	-1.366372E-012	-1.705926E-012	-1	0.000000E+000
4	64.66555003	-1.675793E-012	-1.392729E-012	0	0.000000E+000
4	64.79353297	-1.397012E-012	-1.786711E-012	-1	0.000000E+000
4	64.79449532	-1.786711E-012	-1.398543E-012	0	0.000000E+000
4	64.87769803	-1.397111E-012	-1.731911E-012	-1	0.000000E+000
4	64.88130129	-1.640273E-012	-1.360480E-012	0	0.000000E+000
4	64.90768198	-1.395543E-012	-1.661465E-012	-1	0.000000E+000
4	64.94884657	-1.661465E-012	-1.378163E-012	0	0.000000E+000
4	65.02707347	-1.385414E-012	-1.694920E-012	-1	0.000000E+000
4	65.03553476	-1.613872E-012	-1.391507E-012	0	0.000000E+000
4	65.19224528	-1.395916E-012	-1.706688E-012	-1	0.000000E+000
4	65.19456811	-1.685795E-012	-1.376434E-012	0	0.000000E+000
4	65.19785307	-1.403106E-012	-1.751616E-012	-1	0.000000E+000
4	65.20063026	-1.729657E-012	-1.418456E-012	0	0.000000E+000
4	65.30959611	-1.418456E-012	-1.758890E-012	-1	0.000000E+000
4	65.31328060	-1.726543E-012	-1.389081E-012	0	0.000000E+000
4	66.00633074	-1.394353E-012	-1.721933E-012	-1	0.000000E+000
4	66.00770504	-1.739416E-012	-1.376682E-012	0	0.000000E+000
4	66.07827980	-1.376176E-012	-1.772268E-012	-1	0.000000E+000
4	66.08349471	-1.656487E-012	-1.397468E-012	0	0.000000E+000
4	66.09098729	-1.397225E-012	-1.710448E-012	-1	0.000000E+000
4	66.09340754	-1.721380E-012	-1.374636E-012	0	0.000000E+000
4	66.09757215	-1.378349E-012	-1.720004E-012	-1	0.000000E+000
4	66.09949214	-1.687545E-012	-1.393443E-012	0	0.000000E+000
4	66.15018208	-1.367525E-012	-1.997117E-012	-1	0.000000E+000
4	66.15241808	-1.964051E-012	-1.513704E-012	0	0.000000E+000
4	66.15591798	-1.453229E-012	-1.814943E-012	-1	0.000000E+000
4	66.16228425	-1.897445E-012	-1.400802E-012	0	0.000000E+000
4	66.17906464	-1.376195E-012	-1.831300E-012	-1	0.000000E+000
4	66.18427822	-1.683672E-012	-1.372128E-012	0	0.000000E+000
4	66.19074657	-1.403591E-012	-1.719379E-012	-1	0.000000E+000
4	66.19228723	-1.694819E-012	-1.356041E-012	0	0.000000E+000
4	66.29021616	-1.381731E-012	-1.756909E-012	-1	0.000000E+000
4	66.29222155	-1.728678E-012	-1.354160E-012	0	0.000000E+000
4	66.49784261	-1.397992E-012	-1.698986E-012	-1	0.000000E+000
4	66.50217511	-1.741621E-012	-1.364321E-012	0	0.000000E+000
4	66.62222385	-1.423729E-012	-1.747793E-012	-1	0.000000E+000
4	66.62600915	-1.652036E-012	-1.388233E-012	0	0.000000E+000
4	66.65958139	-1.388233E-012	-1.717936E-012	-1	0.000000E+000
4	66.66371778	-1.714706E-012	-1.392060E-012	0	0.000000E+000
4	66.66637214	-1.402032E-012	-1.709468E-012	-1	0.000000E+000
4	66.66771926	-1.732695E-012	-1.398393E-012	0	0.000000E+000
4	66.75541470	-1.434574E-012	-1.801389E-012	-1	0.000000E+000
4	66.76233180	-1.702543E-012	-1.361474E-012	0	0.000000E+000
4	66.76316822	-1.361474E-012	-1.731488E-012	-1	0.000000E+000
4	66.76535786	-1.731488E-012	-1.393900E-012	0	0.000000E+000
4	66.76835828	-1.390284E-012	-1.723034E-012	-1	0.000000E+000
4	66.77013393	-1.704333E-012	-1.373473E-012	0	0.000000E+000
4	66.78887206	-1.422721E-012	-1.769296E-012	-1	0.000000E+000
4	66.79030925	-1.711557E-012	-1.350245E-012	0	0.000000E+000
4	67.39567599	-1.402606E-012	-1.929906E-012	-1	0.000000E+000
4	67.39663284	-1.953115E-012	-1.395938E-012	0	0.000000E+000
4	67.39944003	-1.378660E-012	-1.797159E-012	-1	0.000000E+000
4	67.40033380	-1.798929E-012	-1.403798E-012	0	0.000000E+000
4	67.40496077	-1.423517E-012	-1.734695E-012	-1	0.000000E+000
4	67.40784367	-1.898842E-012	-1.410508E-012	0	0.000000E+000
4	67.47109694	-1.404098E-012	-1.748504E-012	-1	0.000000E+000
4	67.47605576	-1.709236E-012	-1.369878E-012	0	0.000000E+000
4	67.49822100	-1.419831E-012	-1.759879E-012	-1	0.000000E+000
4	67.50049690	-1.759879E-012	-1.368058E-012	0	0.000000E+000
4	67.62378745	-1.368058E-012	-1.702575E-012	-1	0.000000E+000
4	67.62548604	-1.658192E-012	-1.398940E-012	0	0.000000E+000
4	67.62819324	-1.398940E-012	-1.728207E-012	-1	0.000000E+000
4	67.63123817	-1.688206E-012	-1.383909E-012	0	0.000000E+000
4	67.70424939	-1.384120E-012	-1.744747E-012	-1	0.000000E+000
4	67.70668137	-1.795615E-012	-1.418150E-012	0	0.000000E+000
4	68.14557267	-1.393933E-012	-1.720532E-012	-1	0.000000E+000
4	68.14742523	-1.706101E-012	-1.375585E-012	0	0.000000E+000
4	69.02958556	-1.396243E-012	-1.734210E-012	-1	0.000000E+000
4	69.03054122	-1.734210E-012	-1.423439E-012	0	0.000000E+000
4	69.45736115	-1.439349E-012	-1.888065E-012	-1	0.000000E+000
4	69.45792794	-1.888065E-012	-1.431920E-012	0	0.000000E+000
4	69.46521740	-1.410125E-012	-1.954065E-012	-1	0.000000E+000
4	69.46707874	-1.945419E-012	-1.414736E-012	0	0.000000E+000
4	69.46904544	-1.411552E-012	-1.914983E-012	-1	0.000000E+000
4	69.47798662	-1.888771E-012	-1.411077E-012	0	0.000000E+000
4	69.50896750	-1.398283E-012	-1.785772E-012	-1	0.000000E+000
4	69.51085053	-1.725117E-012	-1.380654E-012	0	0.000000E+000
4	71.30376387	-1.380654E-012	-1.801077E-012	-1	0.000000E+000
4	71.30486611	-1.801077E-012	-1.391623E-012	0	0.000000E+000
4	71.75931690	-1.359244E-012	-1.727851E-012	-1	0.000000E+000
4	71.76548173	-1.583177E-012	-1.324618E-012	0	0.000000E+000
4	72.05946756	-1.359176E-012	-1.693176E-012	-1	0.000000E+000
4	72.06049757	-1.703069E-012	-1.346878E-012	0	0.000000E+000
4	72.97710413	-1.446487E-012	-1.675443E-012	-1	0.000000E+000
4	72.98080927	-1.675443E-012	-1.377378E-012	0	0.000000E+000
4	73.09038760	-1.429514E-012	-1.721870E-012	-1	0.000000E+000
4	73.09143530	-1.721870E-012	-1.401188E-012	0	0.000000E+000
4	73.12717017	-1.437602E-012	-1.723089E-012	-1	0.000000E+000
4	73.13038162	-1.693063E-012	-1.384327E-012	0	0.000000E+000
4	73.17111476	-1.407772E-012	-1.698845E-012	-1	0.000000E+000
4	73.17300138	-1.705092E-012	-1.361989E-012	0	0.000000E+000
4	73.19988611	-1.388460E-012	-1.667448E-012	-1	0.000000E+000
4	73.20823889	-1.660538E-012	-1.364329E-012	0	0.000000E+000
4	73.24953035	-1.419575E-012	-1.741323E-012	-1	0.000000E+000
4	73.25155727	-1.729829E-012	-1.383044E-012	0	0.000000E+000
4	73.35836496	-1.356237E-012	-1.706175E-012	-1	0.000000E+000
4	73.36241482	-1.698615E-012	-1.364157E-012	0	0.000000E+000
4	73.37203966	-1.359635E-012	-1.741820E-012	-1	0.000000E+000
4	73.37361072	-1.730682E-012	-1.401394E-012	0	0.000000E+000
4	73.42379751	-1.412929E-012	-1.715824E-012	-1	0.000000E+000
4	73.42604285	-1.715824E-012	-1.355773E-012	0	0.000000E+000
4	73.45647594	-1.391733E-012	-1.736962E-012	-1	0.000000E+000
4	73.46018571	-1.626512E-012	-1.401552E-012	0	0.000000E+000
4	73.46205825	-1.401552E-012	-1.737409E-012	-1	0.000000E+000
4	73.46300117	-1.726821E-012	-1.399589E-012	0	0.000000E+000
4	75.46904586	-1.362565E-012	-1.712076E-012	-1	0.000000E+000
4	75.46947433	-1.712076E-012	-1.378767E-012	0	0.000000E+000
4	75.99205549	-1.418818E-012	-1.715743E-012	-1	0.000000E+000
4	75.99295138	-1.715743E-012	-1.421791E-012	0	0.000000E+000
4	76.49715173	-1.406027E-012	-1.741034E-012	-1	0.000000E+000
4	76.50429874	-1.660053E-012	-1.414416E-012	0	0.000000E+000
4	76.55026219	-1.414416E-012	-1.721482E-012	-1	0.000000E+000
4	76.55529905	-1.751127E-012	-1.410416E-012	0	0.000000E+000
4	76.57431713	-1.431405E-012	-1.758041E-012	-1	0.000000E+000
4	76.57681570	-1.773413E-012	-1.389987E-012	0	0.000000E+000
4	76.58992120	-1.401190E-012	-1.738345E-012	-1	0.000000E+000
4	76.59876896	-1.760731E-012	-1.390586E-012	0	0.000000E+000
4	76.60256510	-1.391967E-012	-1.717127E-012	-1	0.000000E+000
4	76.61863887	-1.597566E-012	-1.394584E-012	0	0.000000E+000
4	76.64009643	-1.403461E-012	-1.749183E-012	-1	0.000000E+000
4	76.64304039	-1.631542E-012	-1.357691E-012	0	0.000000E+000
4	76.76094034	-1.357691E-012	-1.667521E-012	-1	0.000000E+000
4	76.77058324	-1.659556E-012	-1.362817E-012	0	0.000000E+000
4	76.90566319	-1.384275E-012	-1.766863E-012	-1	0.000000E+000
4	76.90910402	-1.787470E-012	-1.405040E-012	0	0.000000E+000
4	76.91082552	-1.417702E-012	-1.713417E-012	-1	0.000000E+000
4	76.91798383	-1.563283E-012	-1.384089E-012	0	0.000000E+000
4	77.49053172	-1.384089E-012	-1.722864E-012	-1	0.000000E+000
4	77.49152802	-1.732164E-012	-1.409981E-012	0	0.000000E+000
4	78.85969111	-1.421874E-012	-1.742309E-012	-1	0.000000E+000
4	78.86154739	-1.735191E-012	-1.438606E-012	0	0.000000E+000
4	78.88682135	-1.399663E-012	-1.804122E-012	-1	0.000000E+000
4	78.88922745	-1.799144E-012	-1.380873E-012	0	0.000000E+000
4	78.97298661	-1.409732E-012	-1.768820E-012	-1	0.000000E+000
4	78.97458274	-1.768820E-012	-1.404195E-012	0	0.000000E+000
4	79.14567824	-1.420834E-012	-1.723693E-012	-1	0.000000E+000
4	79.15081564	-1.724958E-012	-1.364469E-012	0	0.000000E+000
4	79.76837675	-1.390529E-012	-1.666428E-012	-1	0.000000E+000
4	79.77421950	-1.705883E-012	-1.374219E-012	0	0.000000E+000
4	81.07544903	-1.408716E-012	-1.782245E-012	-1	0.000000E+000
4	81.08669076	-1.782245E-012	-1.405617E-012	0	0.000000E+000
4	81.13024923	-1.382983E-012	-1.749522E-012	-1	0.000000E+000
4	81.13180619	-1.747304E-012	-1.380388E-012	0	0.000000E+000
4	84.92848074	-1.392055E-012	-1.698082E-012	-1	0.000000E+000
4	84.93034321	-1.704209E-012	-1.380455E-012	0	0.000000E+000
4	87.46590755	-1.371323E-012	-1.766319E-012	-1	0.000000E+000
4	87.46765972	-1.792408E-012	-1.377417E-012	0	0.000000E+000
4	88.81952283	-1.388165E-012	-1.895107E-012	-1	0.000000E+000
4	88.82092530	-1.895107E-012	-1.414109E-012	0	0.000000E+000
4	88.85846621	-1.397790E-012	-1.794373E-012	-1	0.000000E+000
4	88.86100864	-1.700306E-012	-1.390964E-012	0	0.000000E+000
4	88.86187403	-1.390964E-012	-1.827403E-012	-1	0.000000E+000
4	88.86302428	-1.827403E-012	-1.429018E-012	0	0.000000E+000
4	88.88879758	-1.429018E-012	-1.780088E-012	-1	0.000000E+000
4	88.89147512	-1.780088E-012	-1.414510E-012	0	0.000000E+000
4	88.92591803	-1.414510E-012	-1.731338E-012	-1	0.000000E+000
4	88.92840920	-1.666424E-012	-1.424049E-012	0	0.000000E+000
4	89.03743913	-1.373091E-012	-1.759472E-012	-1	0.000000E+000
4	89.04648180	-1.609395E-012	-1.370486E-012	0	0.000000E+000
4	89.04769211	-1.370486E-012	-1.833377E-012	-1	0.000000E+000
4	89.06276442	-1.765091E-012	-1.340602E-012	0	0.000000E+000
4	89.06877449	-1.346229E-012	-1.642747E-012	-1	0.000000E+000
4	89.07064795	-1.591115E-012	-1.334314E-012	0	0.000000E+000
4	89.19048346	-1.334314E-012	-1.664403E-012	-1	0.000000E+000
4	89.23536481	-1.664403E-012	-1.359062E-012	0	0.000000E+000
4	89.27554083	-1.394505E-012	-1.686305E-012	-1	0.000000E+000
4	89.28512941	-1.682470E-012	-1.378210E-012	0	0.000000E+000
4	89.95179477	-1.387960E-012	-1.769568E-012	-1	0.000000E+000
4	89.95582233	-1.735010E-012	-1.382328E-012	0	0.000000E+000
4	91.00693340	-1.371380E-012	-1.820823E-012	-1	0.000000E+000
4	91.00805795	-1.820823E-012	-1.364040E-012	0	0.000000E+000
4	91.00956773	-1.338122E-012	-1.692461E-012	-1	0.000000E+000
4	91.01335558	-1.637315E-012	-1.245439E-012	0	0.000000E+000
4	91.03168114	-1.354490E-012	-1.802559E-012	-1	0.000000E+000
4	91.03255634	-1.802559E-012	-1.340013E-012	0	0.000000E+000
4	91.19150616	-1.336484E-012	-1.664367E-012	-1	0.000000E+000
4	91.19504588	-1.602048E-012	-1.287312E-012	0	0.000000E+000
4	91.26499092	-1.364396E-012	-1.631472E-012	-1	0.000000E+000
4	91.26876804	-1.577937E-012	-1.313280E-012	0	0.000000E+000
4	91.42407277	-1.244165E-012	-1.652910E-012	-1	0.000000E+000
4	91.43092180	-1.581128E-012	-1.238382E-012	0	0.000000E+000
4	91.44239979	-1.225935E-012	-1.594202E-012	-1	0.000000E+000
4	91.44803665	-1.621441E-012	-1.274868E-012	0	0.000000E+000
4	91.45602633	-1.269088E-012	-1.685302E-012	-1	0.000000E+000
4	91.46097870	-1.531487E-012	-1.243557E-012	0	0.000000E+000
4	91.48938198	-1.293451E-012	-1.729845E-012	-1	0.000000E+000
4	91.49539582	-1.569397E-012	-1.338485E-012	0	0.000000E+000
4	91.49966066	-1.369642E-012	-1.684338E-012	-1	0.000000E+000
4	91.50307188	-1.665954E-012	-1.310638E-012	0	0.000000E+000
4	91.50639632	-1.327908E-012	-1.630348E-012	-1	0.000000E+000
4	91.50826106	-1.587403E-012	-1.282528E-012	0	0.000000E+000
4	91.58082402	-1.338371E-012	-1.594812E-012	-1	0.000000E+000
4	91.58352128	-1.637996E-012	-1.254429E-012	0	0.000000E+000
4	91.67125577	-1.349541E-012	-1.617591E-012	-1	0.000000E+000
4	91.67910573	-1.617591E-012	-1.297407E-012	0	0.000000E+000
4	91.70565072	-1.427842E-012	-1.690914E-012	-1	0.000000E+000
4	91.70708025	-1.690914E-012	-1.384363E-012	0	0.000000E+000
4	92.30311037	-1.349806E-012	-1.688525E-012	-1	0.000000E+000
4	92.30683188	-1.654815E-012	-1.249952E-012	0	0.000000E+000
4	92.39384447	-1.268062E-012	-1.609453E-012	-1	0.000000E+000
4	92.39444065	-1.609453E-012	-1.256253E-012	0	0.000000E+000
4	92.40004752	-1.375816E-012	-1.815650E-012	-1	0.000000E+000
4	92.40152225	-1.756084E-012	-1.296861E-012	0	0.000000E+000
4	92.40319975	-1.296861E-012	-1.646119E-012	-1	0.000000E+000
4	92.40549355	-1.646119E-012	-1.309544E-012	0	0.000000E+000
4	92.40924107	-1.349830E-012	-1.671118E-012	-1	0.000000E+000
4	92.40986536	-1.671118E-012	-1.277876E-012	0	0.000000E+000
4	92.41209391	-1.277876E-012	-1.635249E-012	-1	0.000000E+000
4	92.41745159	-1.635249E-012	-1.298995E-012	0	0.000000E+000
4	92.41788872	-1.298995E-012	-1.601797E-012	-1	0.000000E+000
4	92.42063505	-1.530110E-012	-1.262851E-012	0	0.000000E+000
4	92.42785542	-1.262851E-012	-1.748665E-012	-1	0.000000E+000
4	92.43348361	-1.721422E-012	-1.270641E-012	0	0.000000E+000
4	92.44479582	-1.273291E-012	-1.596975E-012	-1	0.000000E+000
4	92.44737998	-1.580112E-012	-1.282490E-012	0	0.000000E+000
4	92.44873255	-1.275799E-012	-1.583743E-012	-1	0.000000E+000
4	92.45371122	-1.545745E-012	-1.227072E-012	0	0.000000E+000
4	92.46222148	-1.227072E-012	-1.623105E-012	-1	0.000000E+000
4	92.48684206	-1.623105E-012	-1.274255E-012	0	0.000000E+000
4	92.48992637	-1.361693E-012	-1.663884E-012	-1	0.000000E+000
4	92.49187945	-1.663884E-012	-1.307973E-012	0	0.000000E+000
4	92.49458048	-1.359809E-012	-1.732809E-012	-1	0.000000E+000
4	92.50320326	-1.732809E-012	-1.365893E-012	0	0.000000E+000
4	92.55054072	-1.391234E-012	-1.742876E-012	-1	0.000000E+000
4	92.55931716	-1.742876E-012	-1.400936E-012	0	0.000000E+000
4	92.56645523	-1.397349E-012	-1.801147E-012	-1	0.000000E+000
4	92.57629682	-1.798291E-012	-1.363264E-012	0	0.000000E+000
4	92.57940799	-1.332832E-012	-1.664515E-012	-1	0.000000E+000
4	92.58603119	-1.681455E-012	-1.286721E-012	0	0.000000E+000
4	92.63362420	-1.382444E-012	-1.735820E-012	-1	0.000000E+000
4	92.65160914	-1.688172E-012	-1.332011E-012	0	0.000000E+000
4	92.65321273	-1.348826E-012	-1.743891E-012	-1	0.000000E+000
4	92.65727757	-1.740252E-012	-1.375937E-012	0	0.000000E+000
4	92.66308648	-1.375937E-012	-1.786900E-012	-1	0.000000E+000
4	92.67538864	-1.728036E-012	-1.414061E-012	0	0.000000E+000
4	92.67795581	-1.414061E-012	-1.727018E-012	-1	0.000000E+000
4	92.68104566	-1.705679E-012	-1.350447E-012	0	0.000000E+000
4	92.68283569	-1.390370E-012	-1.814860E-012	-1	0.000000E+000
4	92.68374007	-1.791004E-012	-1.324529E-012	0	0.000000E+000
4	92.68491749	-1.351134E-012	-1.691190E-012	-1	0.000000E+000
4	92.69555788	-1.715434E-012	-1.338530E-012	0	0.000000E+000
4	92.71768187	-1.336962E-012	-1.671478E-012	-1	0.000000E+000
4	92.71868865	-1.641654E-012	-1.317308E-012	0	0.000000E+000
4	92.73339224	-1.373828E-012	-1.646736E-012	-1	0.000000E+000
4	92.73604307	-1.776325E-012	-1.352789E-012	0	0.000000E+000
4	92.83011032	-1.440242E-012	-1.799429E-012	-1	0.000000E+000
4	92.84040711	-1.738225E-012	-1.450042E-012	0	0.000000E+000
4	92.84229510	-1.450042E-012	-1.770677E-012	-1	0.000000E+000
4	92.85607234	-1.770677E-012	-1.363636E-012	0	0.000000E+000
4	92.86255837	-1.380915E-012	-1.764695E-012	-1	0.000000E+000
4	92.87723175	-1.795614E-012	-1.408672E-012	0	0.000000E+000
4	93.13788289	-1.465665E-012	-1.865694E-012	-1	0.000000E+000
4	93.14048693	-1.849354E-012	-1.500780E-012	0	0.000000E+000
4	93.14907501	-1.434036E-012	-1.742256E-012	-1	0.000000E+000
4	93.15640945	-1.786551E-012	-1.410544E-012	0	0.000000E+000
4	93.18163908	-1.435368E-012	-1.804927E-012	-1	0.000000E+000
4	93.18385835	-1.757129E-012	-1.464519E-012	0	0.000000E+000
4	93.19864844	-1.400526E-012	-1.741965E-012	-1	0.000000E+000
4	93.20232189	-1.602666E-012	-1.399962E-012	0	0.000000E+000
4	93.20383528	-1.442220E-012	-1.742104E-012	-1	0.000000E+000
4	93.20566577	-1.704407E-012	-1.418824E-012	0	0.000000E+000
4	93.21035833	-1.418824E-012	-1.776522E-012	-1	0.000000E+000
4	93.21332722	-1.776522E-012	-1.428374E-012	0	0.000000E+000
4	93.21597487	-1.428374E-012	-1.923455E-012	-1	0.000000E+000
4	93.23043044	-1.815095E-012	-1.420275E-012	0	0.000000E+000
4	93.42601111	-1.390870E-012	-1.748650E-012	-1	0.000000E+000
4	93.42683012	-1.748650E-012	-1.393267E-012	0	0.000000E+000
4	93.42741379	-1.393267E-012	-1.748650E-012	-1	0.000000E+000
4	93.43825264	-1.736010E-012	-1.432561E-012	0	0.000000E+000
4	93.45375301	-1.375361E-012	-1.744430E-012	-1	0.000000E+000
4	93.46157301	-1.601728E-012	-1.325040E-012	0	0.000000E+000
4	93.51882170	-1.325040E-012	-1.714255E-012	-1	0.000000E+000
4	93.52077462	-1.676080E-012	-1.331871E-012	0	0.000000E+000
4	93.68156927	-1.325274E-012	-1.670868E-012	-1	0.000000E+000
4	93.68836898	-1.605956E-012	-1.275249E-012	0	0.000000E+000
4	93.70572565	-1.254926E-012	-1.611943E-012	-1	0.000000E+000
4	93.72512270	-1.563032E-012	-1.227001E-012	0	0.000000E+000
4	93.74040147	-1.239121E-012	-1.577490E-012	-1	0.000000E+000
4	93.77926876	-1.512211E-012	-1.237639E-012	0	0.000000E+000
4	93.78466076	-1.237639E-012	-1.558451E-012	-1	0.000000E+000
4	93.79577536	-1.458973E-012	-1.149798E-012	0	0.000000E+000
4	93.80411807	-1.276229E-012	-1.546504E-012	-1	0.000000E+000
4	93.81375103	-1.485854E-012	-1.214266E-012	0	0.000000E+000
4	93.82483092	-1.404757E-012	-1.606685E-012	-1	0.000000E+000
4	93.82568296	-1.606685E-012	-1.287073E-012	0	0.000000E+000
4	93.83949126	-1.329626E-012	-1.589815E-012	-1	0.000000E+000
4	93.84786029	-1.589815E-012	-1.260120E-012	0	0.000000E+000
4	93.91983815	-1.325122E-012	-1.699707E-012	-1	0.000000E+000
4	93.92185601	-1.698837E-012	-1.321583E-012	0	0.000000E+000
4	93.98509051	-1.422939E-012	-1.666702E-012	-1	0.000000E+000
4	93.98688973	-1.666702E-012	-1.365957E-012	0	0.000000E+000
4	94.00727596	-1.327340E-012	-1.680212E-012	-1	0.000000E+000
4	94.01017698	-1.666107E-012	-1.316907E-012	0	0.000000E+000
4	94.37357897	-1.380069E-012	-1.721060E-012	-1	0.000000E+000
4	94.37594905	-1.721060E-012	-1.361484E-012	0	0.000000E+000
4	94.72324550	-1.447348E-012	-1.668143E-012	-1	0.000000E+000
4	94.72578252	-1.678640E-012	-1.413659E-012	0	0.000000E+000
4	95.39272973	-1.376477E-012	-1.622168E-012	-1	0.000000E+000
4	95.39534474	-1.627202E-012	-1.355868E-012	0	0.000000E+000
4	95.40169386	-1.376477E-012	-1.734479E-012	-1	0.000000E+000
4	95.40374164	-1.688021E-012	-1.367121E-012	0	0.000000E+000
4	95.41328312	-1.427596E-012	-1.803638E-012	-1	0.000000E+000
4	95.41606224	-1.734523E-012	-1.393736E-012	0	0.000000E+000
4	95.47433345	-1.502792E-012	-1.768547E-012	-1	0.000000E+000
4	95.47685293	-1.740956E-012	-1.415058E-012	0	0.000000E+000
4	95.64219769	-1.446579E-012	-1.735717E-012	-1	0.000000E+000
4	95.64644115	-1.627671E-012	-1.399704E-012	0	0.000000E+000
4	95.65527752	-1.399704E-012	-1.704088E-012	-1	0.000000E+000
4	95.65829912	-1.704088E-012	-1.301783E-012	0	0.000000E+000
4	95.66021054	-1.301783E-012	-1.613834E-012	-1	0.000000E+000
4	95.66624169	-1.733260E-012	-1.332888E-012	0	0.000000E+000
4	95.72945498	-1.331094E-012	-1.705071E-012	-1	0.000000E+000
4	95.73706964	-1.705071E-012	-1.373089E-012	0	0.000000E+000
4	95.73800902	-1.373089E-012	-1.733897E-012	-1	0.000000E+000
4	95.74102746	-1.733897E-012	-1.377570E-012	0	0.000000E+000
4	95.74995838	-1.396013E-012	-1.745972E-012	-1	0.000000E+000
4	95.75156163	-1.745972E-012	-1.379895E-012	0	0.000000E+000
4	95.75388547	-1.379895E-012	-1.714853E-012	-1	0.000000E+000
4	95.76249478	-1.714853E-012	-1.404670E-012	0	0.000000E+000
4	95.76710928	-1.400181E-012	-1.843983E-012	-1	0.000000E+000
4	95.76984686	-1.801286E-012	-1.444089E-012	0	0.000000E+000
4	95.77251233	-1.424562E-012	-1.840492E-012	-1	0.000000E+000
4	95.77522029	-1.780938E-012	-1.428064E-012	0	0.000000E+000
4	95.77620006	-1.428064E-012	-1.800872E-012	-1	0.000000E+000
4	95.77728858	-1.800872E-012	-1.425544E-012	0	0.000000E+000
4	95.89419253	-1.338238E-012	-1.661493E-012	-1	0.000000E+000
4	95.90494336	-1.622622E-012	-1.348751E-012	0	0.000000E+000
4	95.92129699	-1.373658E-012	-1.668016E-012	-1	0.000000E+000
4	95.92941003	-1.630185E-012	-1.342407E-012	0	0.000000E+000
4	95.93303757	-1.341058E-012	-1.687562E-012	-1	0.000000E+000
4	95.95467013	-1.765838E-012	-1.360991E-012	0	0.000000E+000
4	95.95602009	-1.370928E-012	-1.720679E-012	-1	0.000000E+000
4	95.96026133	-1.713282E-012	-1.413432E-012	0	0.000000E+000
4	96.11944847	-1.371238E-012	-1.726735E-012	-1	0.000000E+000
4	96.12589526	-1.719614E-012	-1.329668E-012	0	0.000000E+000
4	96.17708570	-1.419042E-012	-1.658484E-012	-1	0.000000E+000
4	96.18519180	-1.574929E-012	-1.347636E-012	0	0.000000E+000
4	96.18920660	-1.361190E-012	-1.706862E-012	-1	0.000000E+000
4	96.19116788	-1.706862E-012	-1.366061E-012	0	0.000000E+000
4	96.21594712	-1.369751E-012	-1.674400E-012	-1	0.000000E+000
4	96.22061666	-1.680466E-012	-1.367254E-012	0	0.000000E+000
4	96.26843631	-1.385404E-012	-1.668052E-012	-1	0.000000E+000
4	96.28997414	-1.613404E-012	-1.356942E-012	0	0.000000E+000
4	96.32032484	-1.409201E-012	-1.701004E-012	-1	0.000000E+000
4	96.32201984	-1.650839E-012	-1.325274E-012	0	0.000000E+000
4	96.98403787	-1.351192E-012	-1.641192E-012	-1	0.000000E+000
4	96.98509890	-1.596724E-012	-1.340726E-012	0	0.000000E+000
4	96.98745290	-1.392039E-012	-1.665060E-012	-1	0.000000E+000
4	96.99526399	-1.665060E-012	-1.359732E-012	0	0.000000E+000
4	97.01857871	-1.395507E-012	-1.731985E-012	-1	0.000000E+000
4	97.02664302	-1.731985E-012	-1.376561E-012	0	0.000000E+000
4	97.06614487	-1.376561E-012	-1.683270E-012	-1	0.000000E+000
4	97.06858524	-1.644206E-012	-1.359599E-012	0	0.000000E+000
4	97.11253804	-1.384581E-012	-1.669718E-012	-1	0.000000E+000
4	97.11538997	-1.676966E-012	-1.334429E-012	0	0.000000E+000
4	97.35036725	-1.391653E-012	-1.727795E-012	-1	0.000000E+000
4	97.35641441	-1.598815E-012	-1.339888E-012	0	0.000000E+000
4	97.36628989	-1.339888E-012	-1.692050E-012	-1	0.000000E+000
4	97.36855455	-1.692050E-012	-1.364148E-012	0	0.000000E+000
4	97.37691319	-1.373914E-012	-1.694025E-012	-1	0.000000E+000
4	97.38108244	-1.713107E-012	-1.353423E-012	0	0.000000E+000
4	97.38870209	-1.389462E-012	-1.691574E-012	-1	0.000000E+000
4	97.40231316	-1.830185E-012	-1.379181E-012	0	0.000000E+000
4	97.40377122	-1.379181E-012	-1.730932E-012	-1	0.000000E+000
4	97.40488501	-1.710284E-012	-1.382066E-012	0	0.000000E+000
4	97.47314578	-1.427819E-012	-1.739114E-012	-1	0.000000E+000
4	97.47530176	-1.739114E-012	-1.403149E-012	0	0.000000E+000
4	97.47966469	-1.406212E-012	-1.708662E-012	-1	0.000000E+000
4	97.48180779	-1.703608E-012	-1.386080E-012	0	0.000000E+000
4	97.48406657	-1.441195E-012	-1.750713E-012	-1	0.000000E+000
4	97.48556243	-1.718958E-012	-1.386080E-012	0	0.000000E+000
4	97.50228947	-1.418478E-012	-1.767434E-012	-1	0.000000E+000
4	97.51098295	-1.689680E-012	-1.405780E-012	0	0.000000E+000
4	97.52403175	-1.423041E-012	-1.727538E-012	-1	0.000000E+000
4	97.52498477	-1.737775E-012	-1.377656E-012	0	0.000000E+000
4	97.65335947	-1.378532E-012	-1.779086E-012	-1	0.000000E+000
4	97.65646069	-1.779086E-012	-1.364522E-012	0	0.000000E+000
4	97.83802830	-1.436582E-012	-1.703647E-012	-1	0.000000E+000
4	97.83919308	-1.704339E-012	-1.402148E-012	0	0.000000E+000
4	99.22767857	-1.418157E-012	-1.758532E-012	-1	0.000000E+000
4	99.23234623	-1.683392E-012	-1.355546E-012	0	0.000000E+000
4	99.24445767	-1.403496E-012	-1.700468E-012	-1	0.000000E+000
4	99.24597453	-1.688535E-012	-1.400417E-012	0	0.000000E+000
4	99.24763387	-1.404650E-012	-1.750578E-012	-1	0.000000E+000
4	99.24913764	-1.723092E-012	-1.400417E-012	0	0.000000E+000
4	99.27420459	-1.430579E-012	-1.705320E-012	-1	0.000000E+000
4	99.27621103	-1.699079E-012	-1.383456E-012	0	0.000000E+000
4	99.33234820	-1.433013E-012	-1.777067E-012	-1	0.000000E+000
4	99.33336238	-1.741298E-012	-1.439770E-012	0	0.000000E+000
4	99.57190777	-1.410071E-012	-1.750284E-012	-1	0.000000E+000
4	99.57266286	-1.750284E-012	-1.408391E-012	0	0.000000E+000
4	99.59750703	-1.416557E-012	-1.750163E-012	-1	0.000000E+000
4	99.60212936	-1.687861E-012	-1.375660E-012	0	0.000000E+000
4	99.68902610	-1.389829E-012	-1.736989E-012	-1	0.000000E+000
4	99.69036093	-1.720548E-012	-1.366606E-012	0	0.000000E+000
4	99.73078549	-1.416514E-012	-1.769537E-012	-1	0.000000E+000
4	99.73187517	-1.755542E-012	-1.385762E-012	0	0.000000E+000
4	99.82254080	-1.415504E-012	-1.699868E-012	-1	0.000000E+000
4	99.82426274	-1.685610E-012	-1.376771E-012	0	0.000000E+000
4	99.86387939	-1.465321E-012	-1.779457E-012	-1	0.000000E+000
4	99.86507287	-1.779457E-012	-1.464005E-012	0	0.000000E+000
4	99.89087184	-1.462651E-012	-1.778147E-012	-1	0.000000E+000
4	99.89312610	-1.696259E-012	-1.426658E-012	0	0.000000E+000
4	100.18052868	-1.422152E-012	-1.819267E-012	-1	0.000000E+000
4	100.18363943	-1.819267E-012	-1.409070E-012	0	0.000000E+000
4	100.18727718	-1.409070E-012	-1.777744E-012	-1	0.000000E+000
4	100.18863826	-1.777744E-012	-1.461338E-012	0	0.000000E+000
4	101.47103065	-1.423778E-012	-1.788492E-012	-1	0.000000E+000
4	101.49788695	-1.788492E-012	-1.437093E-012	0	0.000000E+000
4	101.50501430	-1.437093E-012	-1.762568E-012	-1	0.000000E+000
4	101.50920529	-1.762568E-012	-1.413344E-012	0	0.000000E+000
4	101.51148559	-1.413344E-012	-1.724229E-012	-1	0.000000E+000
4	101.51771635	-1.724229E-012	-1.412560E-012	0	0.000000E+000
4	101.55600895	-1.429017E-012	-1.830970E-012	-1	0.000000E+000
4	101.56370905	-1.678847E-012	-1.360993E-012	0	0.000000E+000
4	101.56693681	-1.438530E-012	-1.721829E-012	-1	0.000000E+000
4	101.56892876	-1.709003E-012	-1.380791E-012	0	0.000000E+000
4	101.58258790	-1.447917E-012	-1.892495E-012	-1	0.000000E+000
4	101.58491609	-1.892495E-012	-1.387417E-012	0	0.000000E+000
4	101.58893251	-1.387417E-012	-1.785714E-012	-1	0.000000E+000
4	101.59442760	-1.785714E-012	-1.426625E-012	0	0.000000E+000
4	101.67376546	-1.426625E-012	-1.829483E-012	-1	0.000000E+000
4	101.68152780	-1.889958E-012	-1.433395E-012	0	0.000000E+000
4	101.68326566	-1.433395E-012	-1.844191E-012	-1	0.000000E+000
4	101.68826035	-1.844191E-012	-1.452446E-012	0	0.000000E+000
4	101.70043589	-1.452446E-012	-1.896926E-012	-1	0.000000E+000
4	101.70149889	-1.896926E-012	-1.441869E-012	0	0.000000E+000
4	101.71495616	-1.463109E-012	-1.743723E-012	-1	0.000000E+000
4	101.72352564	-1.798732E-012	-1.421651E-012	0	0.000000E+000
4	101.73384805	-1.372779E-012	-1.759607E-012	-1	0.000000E+000
4	101.73639647	-1.762691E-012	-1.365554E-012	0	0.000000E+000
4	101.76020892	-1.381095E-012	-1.687802E-012	-1	0.000000E+000
4	101.76610230	-1.789574E-012	-1.378050E-012	0	0.000000E+000
4	101.79242567	-1.469135E-012	-1.857839E-012	-1	0.000000E+000
4	101.79476365	-1.857839E-012	-1.464140E-012	0	0.000000E+000
4	101.83612907	-1.437493E-012	-1.793057E-012	-1	0.000000E+000
4	101.83880076	-1.763770E-012	-1.391583E-012	0	0.000000E+000
4	101.85597996	-1.391146E-012	-1.709509E-012	-1	0.000000E+000
4	101.86227763	-1.600539E-012	-1.339733E-012	0	0.000000E+000
4	101.86664595	-1.339733E-012	-1.646637E-012	-1	0.000000E+000
4	101.88549991	-1.646637E-012	-1.345855E-012	0	0.000000E+000
4	101.89157179	-1.454092E-012	-1.862663E-012	-1	0.000000E+000
4	101.89372964	-1.862663E-012	-1.437724E-012	0	0.000000E+000
4	101.93556645	-1.402915E-012	-1.758757E-012	-1	0.000000E+000
4	101.94135177	-1.740718E-012	-1.415805E-012	0	0.000000E+000
4	101.94325611	-1.443757E-012	-1.728112E-012	-1	0.000000E+000
4	101.95965833	-1.728112E-012	-1.410494E-012	0	0.000000E+000
4	101.96240854	-1.410494E-012	-1.802433E-012	-1	0.000000E+000
4	101.96381417	-1.802433E-012	-1.456045E-012	0	0.000000E+000
4	101.96846377	-1.456045E-012	-1.767793E-012	-1	0.000000E+000
4	101.97018793	-1.767793E-012	-1.447082E-012	0	0.000000E+000
4	101.98552476	-1.480036E-012	-1.814873E-012	-1	0.000000E+000
4	101.99557211	-1.715230E-012	-1.425162E-012	0	0.000000E+000
4	101.99650457	-1.425162E-012	-1.780669E-012	-1	0.000000E+000
4	102.00479125	-1.780669E-012	-1.468129E-012	0	0.000000E+000
4	102.00683420	-1.468339E-012	-1.878846E-012	-1	0.000000E+000
4	102.02207421	-1.757895E-012	-1.389411E-012	0	0.000000E+000
4	102.17134812	-1.374039E-012	-1.732368E-012	-1	0.000000E+000
4	102.17735001	-1.635156E-012	-1.332773E-012	0	0.000000E+000
4	102.22378112	-1.582461E-012	-2.036682E-012	-1	0.000000E+000
4	102.22839244	-1.891936E-012	-1.492704E-012	0	0.000000E+000
4	102.25260135	-1.422977E-012	-1.843468E-012	-1	0.000000E+000
4	102.25670455	-1.773516E-012	-1.396462E-012	0	0.000000E+000
4	102.35576888	-1.361270E-012	-1.703129E-012	-1	0.000000E+000
4	102.36168420	-1.651293E-012	-1.398894E-012	0	0.000000E+000
4	102.41529413	-1.439554E-012	-1.834117E-012	-1	0.000000E+000
4	102.41742990	-1.788932E-012	-1.444467E-012	0	0.000000E+000
4	102.42398197	-1.411840E-012	-1.803338E-012	-1	0.000000E+000
4	102.44192555	-1.708667E-012	-1.437796E-012	0	0.000000E+000
4	102.60965607	-1.431657E-012	-1.756356E-012	-1	0.000000E+000
4	102.61196422	-1.739430E-012	-1.412987E-012	0	0.000000E+000
4	102.89773339	-1.428245E-012	-1.812504E-012	-1	0.000000E+000
4	102.89901562	-1.804986E-012	-1.413370E-012	0	0.000000E+000
4	103.06866146	-1.444728E-012	-1.740842E-012	-1	0.000000E+000
4	103.07434078	-1.751143E-012	-1.416804E-012	0	0.000000E+000
4	103.29759174	-1.380757E-012	-1.825133E-012	-1	0.000000E+000
4	103.29945755	-1.825133E-012	-1.439584E-012	0	0.000000E+000
4	103.95466409	-1.414607E-012	-1.756701E-012	-1	0.000000E+000
4	103.95696184	-1.642962E-012	-1.419527E-012	0	0.000000E+000
4	104.12944387	-1.368004E-012	-1.745114E-012	-1	0.000000E+000
4	104.13069989	-1.709046E-012	-1.369643E-012	0	0.000000E+000
4	104.17553269	-1.393787E-012	-1.826313E-012	-1	0.000000E+000
4	104.18233263	-1.711666E-012	-1.355654E-012	0	0.000000E+000
4	104.22302647	-1.380322E-012	-1.736265E-012	-1	0.000000E+000
4	104.22440079	-1.759451E-012	-1.368558E-012	0	0.000000E+000
4	104.96425461	-1.440748E-012	-1.783485E-012	-1	0.000000E+000
4	104.96611428	-1.783485E-012	-1.448766E-012	0	0.000000E+000
4	104.99066409	-1.418441E-012	-1.765215E-012	-1	0.000000E+000
4	104.99163610	-1.765215E-012	-1.436760E-012	0	0.000000E+000
4	105.00913070	-1.417140E-012	-1.742395E-012	-1	0.000000E+000
4	105.01284413	-1.729533E-012	-1.422334E-012	0	0.000000E+000
4	105.08122198	-1.436512E-012	-1.785516E-012	-1	0.000000E+000
4	105.08211215	-1.785516E-012	-1.465607E-012	0	0.000000E+000
4	105.54866017	-1.442982E-012	-1.846770E-012	-1	0.000000E+000
4	105.55206095	-1.840391E-012	-1.451191E-012	0	0.000000E+000
4	106.05989865	-1.397374E-012	-1.719710E-012	-1	0.000000E+000
4	106.06352345	-1.704338E-012	-1.421598E-012	0	0.000000E+000
4	106.06610980	-1.431931E-012	-1.901136E-012	-1	0.000000E+000
4	106.06873304	-1.881370E-012	-1.491988E-012	0	0.000000E+000
4	106.09681805	-1.381240E-012	-1.784202E-012	-1	0.000000E+000
4	106.10109038	-1.722483E-012	-1.419950E-012	0	0.000000E+000
4	106.13168724	-1.419950E-012	-1.827399E-012	-1	0.000000E+000
4	106.13236949	-1.827399E-012	-1.433192E-012	0	0.000000E+000
4	106.14387981	-1.430597E-012	-1.757961E-012	-1	0.000000E+000
4	106.14485540	-1.746942E-012	-1.411402E-012	0	0.000000E+000
4	106.61001731	-1.435368E-012	-1.804209E-012	-1	0.000000E+000
4	106.62529152	-1.814726E-012	-1.487258E-012	0	0.000000E+000
4	106.62961652	-1.519570E-012	-1.876522E-012	-1	0.000000E+000
4	106.63033687	-1.876522E-012	-1.523458E-012	0	0.000000E+000
4	106.64272132	-1.498539E-012	-1.856849E-012	-1	0.000000E+000
4	106.64392603	-1.845797E-012	-1.471415E-012	0	0.000000E+000
4	106.73043364	-1.448271E-012	-1.818725E-012	-1	0.000000E+000
4	106.73766724	-1.696211E-012	-1.424400E-012	0	0.000000E+000
4	106.77301199	-1.441898E-012	-1.736589E-012	-1	0.000000E+000
4	106.77851454	-1.793197E-012	-1.390681E-012	0	0.000000E+000
4	106.84062613	-1.434266E-012	-1.712142E-012	-1	0.000000E+000
4	106.85310684	-1.675963E-012	-1.383704E-012	0	0.000000E+000
4	106.86720593	-1.429532E-012	-1.724532E-012	-1	0.000000E+000
4	106.86889102	-1.724532E-012	-1.371383E-012	0	0.000000E+000
4	106.88553426	-1.371383E-012	-1.692496E-012	-1	0.000000E+000
4	106.88821296	-1.692496E-012	-1.359426E-012	0	0.000000E+000
4	106.96942895	-1.479304E-012	-1.837668E-012	-1	0.000000E+000
4	106.97100608	-1.794404E-012	-1.462564E-012	0	0.000000E+000
4	107.02462497	-1.462564E-012	-1.870695E-012	-1	0.000000E+000
4	107.02661392	-1.856006E-012	-1.471208E-012	0	0.000000E+000
4	107.32608344	-1.449312E-012	-1.825712E-012	-1	0.000000E+000
4	107.32830450	-1.788541E-012	-1.409043E-012	0	0.000000E+000
4	107.34821356	-1.448483E-012	-1.841786E-012	-1	0.000000E+000
4	107.35164975	-1.758474E-012	-1.451274E-012	0	0.000000E+000
4	107.49020266	-1.408649E-012	-1.788122E-012	-1	0.000000E+000
4	107.49358311	-1.762972E-012	-1.357614E-012	0	0.000000E+000
4	107.59557941	-1.377898E-012	-1.658412E-012	-1	0.000000E+000
4	107.59706325	-1.659006E-012	-1.367902E-012	0	0.000000E+000
4	107.62541239	-1.434881E-012	-1.684170E-012	-1	0.000000E+000
4	107.62854525	-1.701937E-012	-1.405386E-012	0	0.000000E+000
4	107.70367081	-1.442131E-012	-1.748170E-012	-1	0.000000E+000
4	107.70442702	-1.748170E-012	-1.426406E-012	0	0.000000E+000
4	107.72473417	-1.424400E-012	-1.771636E-012	-1	0.000000E+000
4	107.72888763	-1.750903E-012	-1.459439E-012	0	0.000000E+000
4	107.81253745	-1.460473E-012	-1.789859E-012	-1	0.000000E+000
4	107.81728908	-1.776865E-012	-1.462594E-012	0	0.000000E+000
4	108.59498337	-1.466109E-012	-1.790986E-012	-1	0.000000E+000
4	108.59648878	-1.790986E-012	-1.488494E-012	0	0.000000E+000
4	108.70319443	-1.488494E-012	-1.942805E-012	-1	0.000000E+000
4	108.70473891	-1.942805E-012	-1.448039E-012	0	0.000000E+000
4	108.70897548	-1.448039E-012	-1.778756E-012	-1	0.000000E+000
4	108.70943993	-1.778756E-012	-1.439935E-012	0	0.000000E+000
4	108.93385011	-1.461940E-012	-1.747192E-012	-1	0.000000E+000
4	108.94825068	-1.648281E-012	-1.418904E-012	0	0.000000E+000
4	108.97704698	-1.431617E-012	-1.732884E-012	-1	0.000000E+000
4	108.98240588	-1.680921E-012	-1.378396E-012	0	0.000000E+000
4	109.24098764	-1.439783E-012	-1.759077E-012	-1	0.000000E+000
4	109.24240771	-1.759077E-012	-1.399283E-012	0	0.000000E+000
4	109.36805977	-1.420023E-012	-1.718022E-012	-1	0.000000E+000
4	109.37180608	-1.666870E-012	-1.422116E-012	0	0.000000E+000
4	109.71470504	-1.463534E-012	-1.726205E-012	-1	0.000000E+000
4	109.71566333	-1.695089E-012	-1.421055E-012	0	0.000000E+000
4	109.74278718	-1.446769E-012	-1.744949E-012	-1	0.000000E+000
4	109.75072659	-1.713298E-012	-1.432162E-012	0	0.000000E+000
4	109.75868877	-1.456488E-012	-1.748587E-012	-1	0.000000E+000
4	109.75996133	-1.732000E-012	-1.394542E-012	0	0.000000E+000
4	109.84400252	-1.429166E-012	-1.776271E-012	-1	0.000000E+000
4	109.85341415	-1.642241E-012	-1.438626E-012	0	0.000000E+000
4	109.89366315	-1.462385E-012	-1.855066E-012	-1	0.000000E+000
4	109.89823586	-1.855066E-012	-1.449384E-012	0	0.000000E+000
4	110.00913009	-1.424896E-012	-1.799219E-012	-1	0.000000E+000
4	110.02472757	-1.774737E-012	-1.429141E-012	0	0.000000E+000
4	110.02972151	-1.445839E-012	-1.748936E-012	-1	0.000000E+000
4	110.03187720	-1.733318E-012	-1.434461E-012	0	0.000000E+000
4	110.08739761	-1.434461E-012	-1.840936E-012	-1	0.000000E+000
4	110.08954049	-1.840936E-012	-1.447301E-012	0	0.000000E+000
4	110.09279128	-1.447301E-012	-1.805264E-012	-1	0.000000E+000
4	110.09408970	-1.790296E-012	-1.441563E-012	0	0.000000E+000
4	110.09683091	-1.452064E-012	-1.783624E-012	-1	0.000000E+000
4	110.10568337	-1.675133E-012	-1.469941E-012	0	0.000000E+000
4	110.18861354	-1.469941E-012	-1.925360E-012	-1	0.000000E+000
4	110.19595239	-1.925360E-012	-1.424616E-012	0	0.000000E+000
4	110.19681424	-1.424616E-012	-1.740952E-012	-1	0.000000E+000
4	110.20739237	-1.857588E-012	-1.399750E-012	0	0.000000E+000
4	110.31486289	-1.433638E-012	-1.782372E-012	-1	0.000000E+000
4	110.31660135	-1.782372E-012	-1.429991E-012	0	0.000000E+000
4	110.37484730	-1.427262E-012	-1.774331E-012	-1	0.000000E+000
4	110.37815011	-1.710625E-012	-1.407007E-012	0	0.000000E+000
4	110.38007519	-1.407007E-012	-1.749241E-012	-1	0.000000E+000
4	110.38450245	-1.731962E-012	-1.371202E-012	0	0.000000E+000
4	110.38958816	-1.389222E-012	-1.752834E-012	-1	0.000000E+000
4	110.39287753	-1.728373E-012	-1.331258E-012	0	0.000000E+000
4	110.39577279	-1.393094E-012	-1.733277E-012	-1	0.000000E+000
4	110.39873720	-1.785112E-012	-1.419366E-012	0	0.000000E+000
4	110.46574088	-1.411431E-012	-1.756596E-012	-1	0.000000E+000
4	110.46920939	-1.739726E-012	-1.416258E-012	0	0.000000E+000
4	110.49421060	-1.368321E-012	-1.653859E-012	-1	0.000000E+000
4	110.51305539	-1.627500E-012	-1.314364E-012	0	0.000000E+000
4	110.51489460	-1.314364E-012	-1.679870E-012	-1	0.000000E+000
4	110.51984123	-1.679870E-012	-1.324257E-012	0	0.000000E+000
4	110.52123581	-1.324257E-012	-1.762340E-012	-1	0.000000E+000
4	110.52338315	-1.762340E-012	-1.422568E-012	0	0.000000E+000
4	110.68284755	-1.422568E-012	-1.731239E-012	-1	0.000000E+000
4	110.69058880	-1.681163E-012	-1.352571E-012	0	0.000000E+000
4	110.71980701	-1.431770E-012	-1.800592E-012	-1	0.000000E+000
4	110.72136052	-1.800592E-012	-1.444016E-012	0	0.000000E+000
4	110.84589173	-1.444052E-012	-1.783060E-012	-1	0.000000E+000
4	110.87039658	-1.739401E-012	-1.413153E-012	0	0.000000E+000
4	110.87626751	-1.493662E-012	-1.749710E-012	-1	0.000000E+000
4	110.87749833	-1.753234E-012	-1.447467E-012	0	0.000000E+000
4	110.89695340	-1.454222E-012	-1.749812E-012	-1	0.000000E+000
4	110.89934603	-1.754916E-012	-1.420459E-012	0	0.000000E+000
4	110.91671214	-1.461427E-012	-1.815841E-012	-1	0.000000E+000
4	110.91781363	-1.802326E-012	-1.421367E-012	0	0.000000E+000
4	110.97496271	-1.425543E-012	-1.831431E-012	-1	0.000000E+000
4	110.97996659	-1.820329E-012	-1.401719E-012	0	0.000000E+000
4	110.99281880	-1.440132E-012	-1.759518E-012	-1	0.000000E+000
4	110.99663771	-1.686356E-012	-1.415949E-012	0	0.000000E+000
4	110.99784998	-1.436451E-012	-1.772439E-012	-1	0.000000E+000
4	111.00590335	-1.821218E-012	-1.468368E-012	0	0.000000E+000
4	111.04356529	-1.479625E-012	-1.865475E-012	-1	0.000000E+000
4	111.04976607	-1.680143E-012	-1.396283E-012	0	0.000000E+000
4	111.08279977	-1.396283E-012	-1.871531E-012	-1	0.000000E+000
4	111.09210000	-1.724662E-012	-1.413353E-012	0	0.000000E+000
4	111.10446309	-1.418530E-012	-1.749957E-012	-1	0.000000E+000
4	111.11410305	-1.791686E-012	-1.363771E-012	0	0.000000E+000
4	111.11984554	-1.421700E-012	-1.767219E-012	-1	0.000000E+000
4	111.12843444	-1.724023E-012	-1.401318E-012	0	0.000000E+000
4	111.33283981	-1.472099E-012	-1.756332E-012	-1	0.000000E+000
4	111.33329599	-1.756332E-012	-1.423022E-012	0	0.000000E+000
4	111.33731308	-1.423022E-012	-1.739132E-012	-1	0.000000E+000
4	111.34238021	-1.637939E-012	-1.395846E-012	0	0.000000E+000
4	111.46079427	-1.391977E-012	-1.756682E-012	-1	0.000000E+000
4	111.46381099	-1.756682E-012	-1.412920E-012	0	0.000000E+000
4	111.46713328	-1.412920E-012	-1.717201E-012	-1	0.000000E+000
4	111.47445783	-1.580532E-012	-1.321107E-012	0	0.000000E+000
4	111.48509415	-1.447868E-012	-1.858594E-012	-1	0.000000E+000
4	111.48929927	-1.784153E-012	-1.461399E-012	0	0.000000E+000
4	111.49683069	-1.418123E-012	-1.705718E-012	-1	0.000000E+000
4	111.50019171	-1.689198E-012	-1.369572E-012	0	0.000000E+000
4	111.50199080	-1.369572E-012	-1.687327E-012	-1	0.000000E+000
4	111.51260842	-1.589170E-012	-1.370214E-012	0	0.000000E+000
4	111.51895791	-1.410287E-012	-1.661073E-012	-1	0.000000E+000
4	111.52399192	-1.664521E-012	-1.346161E-012	0	0.000000E+000
4	111.52555951	-1.427638E-012	-1.799302E-012	-1	0.000000E+000
4	111.52761088	-1.799302E-012	-1.424739E-012	0	0.000000E+000
4	111.53244602	-1.433681E-012	-1.755486E-012	-1	0.000000E+000
4	111.54113860	-1.694060E-012	-1.382921E-012	0	0.000000E+000
4	111.54555506	-1.397162E-012	-1.773352E-012	-1	0.000000E+000
4	111.55711286	-1.621537E-012	-1.362324E-012	0	0.000000E+000
4	111.56357783	-1.358769E-012	-1.713936E-012	-1	0.000000E+000
4	111.56806607	-1.707873E-012	-1.359244E-012	0	0.000000E+000
4	111.59348058	-1.420684E-012	-1.662591E-012	-1	0.000000E+000
4	111.60603985	-1.701872E-012	-1.398900E-012	0	0.000000E+000
4	111.61595344	-1.489577E-012	-1.778871E-012	-1	0.000000E+000
4	111.61787045	-1.788276E-012	-1.406663E-012	0	0.000000E+000
4	112.19187456	-1.353799E-012	-1.682428E-012	-1	0.000000E+000
4	112.19436504	-1.608570E-012	-1.317192E-012	0	0.000000E+000
4	112.21195352	-1.317192E-012	-1.751543E-012	-1	0.000000E+000
4	112.21497340	-1.751543E-012	-1.349541E-012	0	0.000000E+000
4	112.61192658	-1.397430E-012	-1.673692E-012	-1	0.000000E+000
4	112.61988287	-1.624625E-012	-1.349908E-012	0	0.000000E+000
4	112.62441233	-1.397816E-012	-1.685141E-012	-1	0.000000E+000
4	112.62681109	-1.668604E-012	-1.353265E-012	0	0.000000E+000
4	112.64702318	-1.401023E-012	-1.754600E-012	-1	0.000000E+000
4	112.65693295	-1.651215E-012	-1.416293E-012	0	0.000000E+000
4	112.67506899	-1.356976E-012	-1.676817E-012	-1	0.000000E+000
4	112.67812076	-1.658161E-012	-1.343307E-012	0	0.000000E+000
4	112.67982747	-1.343307E-012	-1.655798E-012	-1	0.000000E+000
4	112.70539354	-1.620700E-012	-1.336711E-012	0	0.000000E+000
4	112.84696302	-1.388547E-012	-1.720013E-012	-1	0.000000E+000
4	112.84912365	-1.716431E-012	-1.418974E-012	0	0.000000E+000
4	112.85849186	-1.454911E-012	-1.777317E-012	-1	0.000000E+000
4	112.86002770	-1.777317E-012	-1.409852E-012	0	0.000000E+000
4	112.86284233	-1.409852E-012	-1.778185E-012	-1	0.000000E+000
4	112.86413122	-1.778185E-012	-1.431201E-012	0	0.000000E+000
4	112.90764327	-1.402877E-012	-1.750501E-012	-1	0.000000E+000
4	112.91022027	-1.734683E-012	-1.367136E-012	0	0.000000E+000
4	112.98432516	-1.469596E-012	-1.844434E-012	-1	0.000000E+000
4	112.98540766	-1.844434E-012	-1.414137E-012	0	0.000000E+000
4	113.50365093	-1.412544E-012	-1.732666E-012	-1	0.000000E+000
4	113.50916139	-1.703684E-012	-1.403991E-012	0	0.000000E+000
4	113.53821062	-1.441903E-012	-1.720614E-012	-1	0.000000E+000
4	113.54028091	-1.720614E-012	-1.418283E-012	0	0.000000E+000
4	113.63238382	-1.418283E-012	-1.741443E-012	-1	0.000000E+000
4	113.63460000	-1.688801E-012	-1.397845E-012	0	0.000000E+000
4	114.75001627	-1.415124E-012	-1.764554E-012	-1	0.000000E+000
4	114.75591137	-1.836475E-012	-1.425875E-012	0	0.000000E+000
4	115.47181928	-1.398949E-012	-1.735264E-012	-1	0.000000E+000
4	115.47464146	-1.765535E-012	-1.435052E-012	0	0.000000E+000
4	116.06945151	-1.399775E-012	-1.802129E-012	-1	0.000000E+000
4	116.07084647	-1.807697E-012	-1.425774E-012	0	0.000000E+000
4	116.98431749	-1.395794E-012	-1.714849E-012	-1	0.000000E+000
4	116.99167218	-1.661358E-012	-1.396420E-012	0	0.000000E+000
4	116.99567296	-1.462207E-012	-1.853078E-012	-1	0.000000E+000
4	117.00258899	-1.652521E-012	-1.428317E-012	0	0.000000E+000
4	117.01920625	-1.428317E-012	-1.700380E-012	-1	0.000000E+000
4	117.02395772	-1.679893E-012	-1.439902E-012	0	0.000000E+000
4	117.05971556	-1.383361E-012	-1.829970E-012	-1	0.000000E+000
4	117.06148698	-1.829970E-012	-1.454227E-012	0	0.000000E+000
4	117.21069807	-1.484987E-012	-1.754803E-012	-1	0.000000E+000
4	117.21360627	-1.754803E-012	-1.433118E-012	0	0.000000E+000
4	117.28359405	-1.433118E-012	-1.783214E-012	-1	0.000000E+000
4	117.28606834	-1.744766E-012	-1.448495E-012	0	0.000000E+000
4	117.32151326	-1.477519E-012	-1.851607E-012	-1	0.000000E+000
4	117.32293804	-1.843954E-012	-1.419058E-012	0	0.000000E+000
4	117.32601934	-1.454946E-012	-1.872902E-012	-1	0.000000E+000
4	117.32723589	-1.872902E-012	-1.413081E-012	0	0.000000E+000
4	117.35039023	-1.417584E-012	-1.744525E-012	-1	0.000000E+000
4	117.35293870	-1.728599E-012	-1.395211E-012	0	0.000000E+000
4	117.77430918	-1.470581E-012	-1.752405E-012	-1	0.000000E+000
4	117.77916744	-1.736139E-012	-1.380724E-012	0	0.000000E+000
4	117.80463393	-1.456434E-012	-1.686912E-012	-1	0.000000E+000
4	117.80744233	-1.686912E-012	-1.398820E-012	0	0.000000E+000
4	118.17765726	-1.438106E-012	-1.718456E-012	-1	0.000000E+000
4	118.17938921	-1.718456E-012	-1.403231E-012	0	0.000000E+000
4	118.96213568	-1.445224E-012	-1.787949E-012	-1	0.000000E+000
4	118.96344320	-1.756813E-012	-1.402343E-012	0	0.000000E+000
4	119.31566776	-1.426695E-012	-1.728807E-012	-1	0.000000E+000
4	119.31658374	-1.726632E-012	-1.428301E-012	0	0.000000E+000
4	119.56770251	-1.446555E-012	-1.850809E-012	-1	0.000000E+000
4	119.56947202	-1.850714E-012	-1.421147E-012	0	0.000000E+000
4	119.64995651	-1.423490E-012	-1.724325E-012	-1	0.000000E+000
4	119.65215752	-1.742831E-012	-1.421992E-012	0	0.000000E+000
4	120.03629406	-1.424642E-012	-1.809102E-012	-1	0.000000E+000
4	120.03719389	-1.809102E-012	-1.445993E-012	0	0.000000E+000
4	120.15041294	-1.439249E-012	-1.804675E-012	-1	0.000000E+000
4	120.15158053	-1.801571E-012	-1.449852E-012	0	0.000000E+000
4	120.15528923	-1.471141E-012	-1.783729E-012	-1	0.000000E+000
4	120.15663789	-1.783729E-012	-1.419133E-012	0	0.000000E+000
4	120.16699118	-1.448352E-012	-1.970169E-012	-1	0.000000E+000
4	120.16842202	-1.908689E-012	-1.400025E-012	0	0.000000E+000
4	120.45144490	-1.422129E-012	-1.837636E-012	-1	0.000000E+000
4	120.45486891	-1.769190E-012	-1.413696E-012	0	0.000000E+000
4	120.51666661	-1.413026E-012	-1.821150E-012	-1	0.000000E+000
4	120.51828238	-1.821150E-012	-1.455192E-012	0	0.000000E+000
4	120.66448437	-1.445613E-012	-1.897310E-012	-1	0.000000E+000
4	120.66609412	-1.897310E-012	-1.483675E-012	0	0.000000E+000
4	120.79923876	-1.419200E-012	-1.794888E-012	-1	0.000000E+000
4	120.81413345	-1.641763E-012	-1.438668E-012	0	0.000000E+000
4	120.89791863	-1.406280E-012	-1.747572E-012	-1	0.000000E+000
4	120.90093746	-1.743688E-012	-1.400402E-012	0	0.000000E+000
4	121.05686730	-1.471943E-012	-1.792278E-012	-1	0.000000E+000
4	121.06170624	-1.792278E-012	-1.358282E-012	0	0.000000E+000
4	121.09785740	-1.358282E-012	-1.709570E-012	-1	0.000000E+000
4	121.09948738	-1.709570E-012	-1.389259E-012	0	0.000000E+000
4	121.29975779	-1.468529E-012	-1.865687E-012	-1	0.000000E+000
4	121.30133075	-1.865687E-012	-1.433242E-012	0	0.000000E+000
4	121.56745417	-1.440749E-012	-1.860018E-012	-1	0.000000E+000
4	121.56901059	-1.860018E-012	-1.448331E-012	0	0.000000E+000
4	123.76703897	-1.441145E-012	-1.777338E-012	-1	0.000000E+000
4	123.76852165	-1.734754E-012	-1.420579E-012	0	0.000000E+000
4	124.08811186	-1.469637E-012	-1.741272E-012	-1	0.000000E+000
4	124.09117003	-1.731438E-012	-1.432836E-012	0	0.000000E+000
4	124.19187762	-1.417089E-012	-1.747815E-012	-1	0.000000E+000
4	124.19295181	-1.745656E-012	-1.388996E-012	0	0.000000E+000
4	124.29843519	-1.448634E-012	-1.720108E-012	-1	0.000000E+000
4	124.29945905	-1.716546E-012	-1.425934E-012	0	0.000000E+000
4	124.32424119	-1.414773E-012	-1.806056E-012	-1	0.000000E+000
4	124.32826156	-1.719220E-012	-1.435463E-012	0	0.000000E+000
4	124.33399746	-1.400906E-012	-1.802044E-012	-1	0.000000E+000
4	124.34308713	-1.691374E-012	-1.358700E-012	0	0.000000E+000
4	124.35647646	-1.454913E-012	-1.761894E-012	-1	0.000000E+000
4	124.35929671	-1.761894E-012	-1.394273E-012	0	0.000000E+000
4	124.36168422	-1.428830E-012	-1.716640E-012	-1	0.000000E+000
4	124.36516207	-1.718976E-012	-1.430144E-012	0	0.000000E+000
4	124.38562634	-1.393158E-012	-1.761490E-012	-1	0.000000E+000
4	124.39098483	-1.622016E-012	-1.394283E-012	0	0.000000E+000
4	124.39323480	-1.393158E-012	-1.761490E-012	-1	0.000000E+000
4	124.39785618	-1.711164E-012	-1.412759E-012	0	0.000000E+000
4	124.40720993	-1.414110E-012	-1.757172E-012	-1	0.000000E+000
4	124.41133249	-1.686751E-012	-1.421005E-012	0	0.000000E+000
4	124.41744467	-1.406751E-012	-1.816350E-012	-1	0.000000E+000
4	124.41875613	-1.757586E-012	-1.386929E-012	0	0.000000E+000
4	124.41999789	-1.386929E-012	-1.701272E-012	-1	0.000000E+000
4	124.42540602	-1.655774E-012	-1.369469E-012	0	0.000000E+000
4	124.43808755	-1.430400E-012	-1.785760E-012	-1	0.000000E+000
4	124.43980349	-1.770293E-012	-1.443725E-012	0	0.000000E+000
4	124.56846175	-1.440499E-012	-1.748286E-012	-1	0.000000E+000
4	124.57620418	-1.673760E-012	-1.425534E-012	0	0.000000E+000
4	124.57845740	-1.464115E-012	-1.800107E-012	-1	0.000000E+000
4	124.58129034	-1.765530E-012	-1.413580E-012	0	0.000000E+000
4	124.69137794	-1.491167E-012	-1.808025E-012	-1	0.000000E+000
4	124.69407496	-1.715955E-012	-1.412078E-012	0	0.000000E+000
4	124.71473293	-1.471936E-012	-1.770776E-012	-1	0.000000E+000
4	124.71598032	-1.727359E-012	-1.397170E-012	0	0.000000E+000
4	124.79623068	-1.463240E-012	-1.793960E-012	-1	0.000000E+000
4	124.79812795	-1.756192E-012	-1.447118E-012	0	0.000000E+000
4	124.81270374	-1.454888E-012	-1.759237E-012	-1	0.000000E+000
4	124.81469330	-1.661472E-012	-1.453271E-012	0	0.000000E+000
4	126.33637496	-1.408331E-012	-1.790579E-012	-1	0.000000E+000
4	126.33815699	-1.745265E-012	-1.385744E-012	0	0.000000E+000
4	126.57030623	-1.439894E-012	-1.721807E-012	-1	0.000000E+000
4	126.57338965	-1.697223E-012	-1.431078E-012	0	0.000000E+000
4	127.51327415	-1.443467E-012	-1.884490E-012	-1	0.000000E+000
4	127.51521140	-1.875807E-012	-1.403767E-012	0	0.000000E+000
4	127.72670796	-1.445125E-012	-1.716570E-012	-1	0.000000E+000
4	127.72822980	-1.692835E-012	-1.415063E-012	0	0.000000E+000
4	127.80917925	-1.420277E-012	-1.781239E-012	-1	0.000000E+000
4	127.81122419	-1.768644E-012	-1.442454E-012	0	0.000000E+000
4	127.81439323	-1.425895E-012	-1.787077E-012	-1	0.000000E+000
4	127.81796630	-1.767280E-012	-1.418722E-012	0	0.000000E+000
4	130.29830101	-1.438702E-012	-1.780277E-012	-1	0.000000E+000
4	130.30017770	-1.785170E-012	-1.450817E-012	0	0.000000E+000
4	130.30231209	-1.486739E-012	-1.801569E-012	-1	0.000000E+000
4	130.30542842	-1.801569E-012	-1.437313E-012	0	0.000000E+000
4	130.88470956	-1.437313E-012	-1.983244E-012	-1	0.000000E+000
4	130.88587672	-1.983244E-012	-1.476212E-012	0	0.000000E+000
4	131.02377195	-1.452925E-012	-1.873393E-012	-1	0.000000E+000
4	131.02515721	-1.836924E-012	-1.444457E-012	0	0.000000E+000
4	131.03428834	-1.482562E-012	-1.809721E-012	-1	0.000000E+000
4	131.03501457	-1.809721E-012	-1.457070E-012	0	0.000000E+000
4	133.28597091	-1.418105E-012	-1.773527E-012	-1	0.000000E+000
4	133.29103300	-1.764787E-012	-1.412987E-012	0	0.000000E+000
4	133.29900080	-1.476660E-012	-1.779018E-012	-1	0.000000E+000
4	133.30398003	-1.779018E-012	-1.434947E-012	0	0.000000E+000
4	133.72330710	-1.434947E-012	-2.270999E-012	-1	0.000000E+000
4	133.72755365	-1.968623E-012	-1.443873E-012	0	0.000000E+000
4	134.34978767	-1.434615E-012	-1.772439E-012	-1	0.000000E+000
4	134.35226270	-1.777083E-012	-1.469720E-012	0	0.000000E+000
4	135.78305014	-1.433854E-012	-1.814795E-012	-1	0.000000E+000
4	135.78381102	-1.814795E-012	-1.425264E-012	0	0.000000E+000
4	136.11937544	-1.424760E-012	-1.792871E-012	-1	0.000000E+000
4	136.12179801	-1.770000E-012	-1.406714E-012	0	0.000000E+000
4	137.19737992	-1.415387E-012	-1.778456E-012	-1	0.000000E+000
4	137.19859827	-1.747044E-012	-1.405012E-012	0	0.000000E+000
4	137.43009780	-1.422863E-012	-1.728376E-012	-1	0.000000E+000
4	137.43108916	-1.728376E-012	-1.365955E-012	0	0.000000E+000
4	137.43160000	-1.365955E-012	-1.762600E-012	-1	0.000000E+000
4	137.43943761	-1.728376E-012	-1.386306E-012	0	0.000000E+000
4	138.12970153	-1.420108E-012	-1.648689E-012	-1	0.000000E+000
4	138.13359285	-1.680997E-012	-1.419663E-012	0	0.000000E+000
4	138.15063539	-1.425321E-012	-1.780441E-012	-1	0.000000E+000
4	138.15149201	-1.780441E-012	-1.400923E-012	0	0.000000E+000
4	139.44011049	-1.400923E-012	-1.763222E-012	-1	0.000000E+000
4	139.44278319	-1.763222E-012	-1.370060E-012	0	0.000000E+000
4	140.12013951	-1.425670E-012	-1.761489E-012	-1	0.000000E+000
4	140.12543894	-1.713499E-012	-1.408868E-012	0	0.000000E+000
4	140.31831086	-1.416764E-012	-1.729104E-012	-1	0.000000E+000
4	140.31965626	-1.723987E-012	-1.394743E-012	0	0.000000E+000
4	140.32133809	-1.416764E-012	-1.754772E-012	-1	0.000000E+000
4	140.32501948	-1.747526E-012	-1.384671E-012	0	0.000000E+000
4	141.43993132	-1.425321E-012	-1.737660E-012	-1	0.000000E+000
4	141.45108523	-1.730544E-012	-1.401401E-012	0	0.000000E+000
4	141.48658875	-1.442433E-012	-1.780441E-012	-1	0.000000E+000
4	141.48751168	-1.753101E-012	-1.414555E-012	0	0.000000E+000
4	141.52275936	-1.442181E-012	-1.782855E-012	-1	0.000000E+000
4	141.52430322	-1.785332E-012	-1.428747E-012	0	0.000000E+000
4	141.59566111	-1.419488E-012	-1.786125E-012	-1	0.000000E+000
4	141.61167583	-1.606006E-012	-1.408901E-012	0	0.000000E+000
4	141.66165187	-1.433909E-012	-1.777541E-012	-1	0.000000E+000
4	141.66794332	-1.778962E-012	-1.408744E-012	0	0.000000E+000
4	141.71836037	-1.444127E-012	-1.765733E-012	-1	0.000000E+000
4	141.72929298	-1.729536E-012	-1.388865E-012	0	0.000000E+000
4	144.20713116	-1.434535E-012	-1.755861E-012	-1	0.000000E+000
4	144.21499195	-1.727463E-012	-1.385826E-012	0	0.000000E+000
4	144.36120878	-1.452957E-012	-1.793910E-012	-1	0.000000E+000
4	144.36380955	-1.728580E-012	-1.403367E-012	0	0.000000E+000
4	144.46967222	-1.450631E-012	-1.852270E-012	-1	0.000000E+000
4	144.47130995	-1.842332E-012	-1.449977E-012	0	0.000000E+000
4	144.50759265	-1.447624E-012	-1.803466E-012	-1	0.000000E+000
4	144.50901859	-1.731918E-012	-1.377014E-012	0	0.000000E+000
4	144.58139945	-1.377014E-012	-1.755860E-012	-1	0.000000E+000
4	144.58223002	-1.764629E-012	-1.403941E-012	0	0.000000E+000
4	145.16373625	-1.435924E-012	-1.766503E-012	-1	0.000000E+000
4	145.16544092	-1.766503E-012	-1.380198E-012	0	0.000000E+000
4	145.22817951	-1.380198E-012	-1.730838E-012	-1	0.000000E+000
4	145.22979814	-1.741274E-012	-1.370342E-012	0	0.000000E+000
4	145.39835579	-1.449243E-012	-1.756291E-012	-1	0.000000E+000
4	145.39986734	-1.736895E-012	-1.403225E-012	0	0.000000E+000
4	145.88609531	-1.417026E-012	-1.749282E-012	-1	0.000000E+000
4	145.88769098	-1.718697E-012	-1.401037E-012	0	0.000000E+000
4	145.89016105	-1.408470E-012	-1.792062E-012	-1	0.000000E+000
4	145.89315664	-1.703179E-012	-1.385524E-012	0	0.000000E+000
4	146.55217027	-1.430292E-012	-1.764159E-012	-1	0.000000E+000
4	146.55752818	-1.666750E-012	-1.356475E-012	0	0.000000E+000
4	146.57808785	-1.407812E-012	-1.805944E-012	-1	0.000000E+000
4	146.58128534	-1.687828E-012	-1.413409E-012	0	0.000000E+000
4	146.63705956	-1.445275E-012	-1.757746E-012	-1	0.000000E+000
4	146.64382679	-1.638946E-012	-1.345123E-012	0	0.000000E+000
4	147.23580763	-1.413572E-012	-1.740158E-012	-1	0.000000E+000
4	147.23685727	-1.738331E-012	-1.381823E-012	0	0.000000E+000
4	148.09501580	-1.412502E-012	-1.811998E-012	-1	0.000000E+000
4	148.09728701	-1.760043E-012	-1.385604E-012	0	0.000000E+000
4	150.24193239	-1.385604E-012	-1.751909E-012	-1	0.000000E+000
4	150.24283660	-1.751909E-012	-1.400378E-012	0	0.000000E+000
4	151.33085230	-1.433634E-012	-1.752307E-012	-1	0.000000E+000
4	151.33157407	-1.752307E-012	-1.397469E-012	0	0.000000E+000
4	151.35445238	-1.397469E-012	-1.752576E-012	-1	0.000000E+000
4	151.36499801	-1.735776E-012	-1.401276E-012	0	0.000000E+000
4	151.37678055	-1.414986E-012	-1.749288E-012	-1	0.000000E+000
4	151.39152552	-1.728290E-012	-1.400965E-012	0	0.000000E+000
4	151.50552800	-1.441284E-012	-1.770723E-012	-1	0.000000E+000
4	151.51198659	-1.727942E-012	-1.400478E-012	0	0.000000E+000
4	151.66998930	-1.464018E-012	-1.754286E-012	-1	0.000000E+000
4	151.67169565	-1.724286E-012	-1.419840E-012	0	0.000000E+000
4	151.77287625	-1.432994E-012	-1.786942E-012	-1	0.000000E+000
4	151.77462528	-1.762598E-012	-1.408150E-012	0	0.000000E+000
4	151.78150574	-1.432994E-012	-1.786942E-012	-1	0.000000E+000
4	151.79142123	-1.675180E-012	-1.407130E-012	0	0.000000E+000
4	151.94473646	-1.450354E-012	-1.842980E-012	-1	0.000000E+000
4	151.94589917	-1.787341E-012	-1.463353E-012	0	0.000000E+000
4	152.36698514	-1.465825E-012	-1.873904E-012	-1	0.000000E+000
4	152.36856288	-1.873904E-012	-1.468360E-012	0	0.000000E+000
4	152.49436682	-1.414447E-012	-1.784624E-012	-1	0.000000E+000
4	152.49625552	-1.772830E-012	-1.411350E-012	0	0.000000E+000
4	152.70717878	-1.437815E-012	-1.780322E-012	-1	0.000000E+000
4	152.70856216	-1.760862E-012	-1.412649E-012	0	0.000000E+000
4	152.71724017	-1.458718E-012	-1.777360E-012	-1	0.000000E+000
4	152.71999955	-1.724945E-012	-1.409702E-012	0	0.000000E+000
4	153.05911960	-1.465784E-012	-1.861630E-012	-1	0.000000E+000
4	153.06525006	-1.743317E-012	-1.384383E-012	0	0.000000E+000
4	153.11938074	-1.445146E-012	-1.752719E-012	-1	0.000000E+000
4	153.12425359	-1.643167E-012	-1.335230E-012	0	0.000000E+000
4	153.30577354	-1.446460E-012	-1.828687E-012	-1	0.000000E+000
4	153.30710316	-1.838017E-012	-1.455086E-012	0	0.000000E+000
4	153.36454457	-1.469898E-012	-1.828215E-012	-1	0.000000E+000
4	153.37617043	-1.676985E-012	-1.401010E-012	0	0.000000E+000
4	153.71372232	-1.447158E-012	-1.746234E-012	-1	0.000000E+000
4	153.71626134	-1.754137E-012	-1.395866E-012	0	0.000000E+000
4	153.72625956	-1.421490E-012	-1.814683E-012	-1	0.000000E+000
4	153.73027308	-1.719912E-012	-1.391361E-012	0	0.000000E+000
4	153.81521888	-1.465759E-012	-1.751177E-012	-1	0.000000E+000
4	153.81611939	-1.731838E-012	-1.415408E-012	0	0.000000E+000
4	154.13339537	-1.425718E-012	-1.773995E-012	-1	0.000000E+000
4	154.13431883	-1.761621E-012	-1.391618E-012	0	0.000000E+000
4	154.18675005	-1.437751E-012	-1.754371E-012	-1	0.000000E+000
4	154.18817122	-1.736233E-012	-1.418462E-012	0	0.000000E+000
4	154.50787283	-1.475951E-012	-1.783812E-012	-1	0.000000E+000
4	154.50870350	-1.778320E-012	-1.406817E-012	0	0.000000E+000
4	155.11849064	-1.422470E-012	-1.808967E-012	-1	0.000000E+000
4	155.12005683	-1.801584E-012	-1.371432E-012	0	0.000000E+000
4	155.13654972	-1.417626E-012	-1.743326E-012	-1	0.000000E+000
4	155.13722642	-1.743326E-012	-1.384495E-012	0	0.000000E+000
4	155.59914305	-1.416805E-012	-1.745419E-012	-1	0.000000E+000
4	155.60128840	-1.672527E-012	-1.381477E-012	0	0.000000E+000
4	156.52725363	-1.453933E-012	-1.800785E-012	-1	0.000000E+000
4	156.53147758	-1.636719E-012	-1.380422E-012	0	0.000000E+000
4	159.46797701	-1.414646E-012	-1.787286E-012	-1	0.000000E+000
4	159.46901075	-1.771887E-012	-1.394227E-012	0	0.000000E+000
4	159.87741435	-1.486426E-012	-1.883338E-012	-1	0.000000E+000
4	159.87829804	-1.883338E-012	-1.412958E-012	0	0.000000E+000
4	159.92474972	-1.421699E-012	-1.842572E-012	-1	0.000000E+000
4	159.92549278	-1.842572E-012	-1.443428E-012	0	0.000000E+000
4	168.25316752	-1.437119E-012	-1.802519E-012	-1	0.000000E+000
4	168.25613563	-1.795854E-012	-1.399869E-012	0	0.000000E+000
4	169.59333185	-1.413241E-012	-1.904347E-012	-1	0.000000E+000
4	169.60976971	-1.793117E-012	-1.412419E-012	0	0.000000E+000
4	172.56185165	-1.388945E-012	-1.739890E-012	-1	0.000000E+000
4	172.57016673	-1.764725E-012	-1.349647E-012	0	0.000000E+000
4	173.75370527	-1.383872E-012	-1.759055E-012	-1	0.000000E+000
4	173.75519561	-1.712715E-012	-1.368978E-012	0	0.000000E+000
4	173.76834836	-1.411105E-012	-1.830825E-012	-1	0.000000E+000
4	173.78292413	-1.830825E-012	-1.420857E-012	0	0.000000E+000
4	173.99284411	-1.450600E-012	-1.783753E-012	-1	0.000000E+000
4	173.99360663	-1.783753E-012	-1.410393E-012	0	0.000000E+000
4	174.84598195	-1.410393E-012	-1.762132E-012	-1	0.000000E+000
4	174.84989434	-1.762132E-012	-1.410316E-012	0	0.000000E+000
4	174.85665457	-1.408500E-012	-1.762095E-012	-1	0.000000E+000
4	174.85931781	-1.772929E-012	-1.402131E-012	0	0.000000E+000
4	174.86266245	-1.410316E-012	-1.769357E-012	-1	0.000000E+000
4	174.86518331	-1.769357E-012	-1.402825E-012	0	0.000000E+000
4	174.88644773	-1.423721E-012	-1.796520E-012	-1	0.000000E+000
4	174.89155626	-1.851528E-012	-1.395905E-012	0	0.000000E+000
4	175.37506711	-1.432352E-012	-1.770953E-012	-1	0.000000E+000
4	175.37582582	-1.769343E-012	-1.382677E-012	0	0.000000E+000
4	175.44874338	-1.356491E-012	-1.835990E-012	-1	0.000000E+000
4	175.44904840	-1.835990E-012	-1.375677E-012	0	0.000000E+000
4	177.40635396	-1.436557E-012	-1.851558E-012	-1	0.000000E+000
4	177.40770084	-1.744320E-012	-1.369572E-012	0	0.000000E+000
4	177.43908614	-1.409224E-012	-1.914358E-012	-1	0.000000E+000
4	177.44114663	-1.914358E-012	-1.431132E-012	0	0.000000E+000
4	178.27454677	-1.425554E-012	-1.833865E-012	-1	0.000000E+000
4	178.27674960	-1.847459E-012	-1.414071E-012	0	0.000000E+000
4	178.96950883	-1.386600E-012	-1.767810E-012	-1	0.000000E+000
4	178.97120569	-1.776493E-012	-1.381911E-012	0	0.000000E+000
4	180.34350895	-1.372255E-012	-1.698657E-012	-1	0.000000E+000
4	180.35200066	-1.755809E-012	-1.387339E-012	0	0.000000E+000
4	180.35543958	-1.439232E-012	-1.751677E-012	-1	0.000000E+000
4	180.35662292	-1.751677E-012	-1.373666E-012	0	0.000000E+000
