22	1.58498625	-2.115721E-012	-2.719104E-012	-1	0.000000E+000
22	1.59820498	-2.909339E-012	-2.181080E-012	0	0.000000E+000
22	1.59966663	-2.181080E-012	-2.716495E-012	-1	0.000000E+000
22	1.60207497	-2.716495E-012	-2.064139E-012	0	0.000000E+000
22	1.61535203	-2.012759E-012	-2.689936E-012	-1	0.000000E+000
22	1.63955282	-2.634246E-012	-2.108084E-012	0	0.000000E+000
22	1.64626709	-2.180745E-012	-2.705226E-012	-1	0.000000E+000
22	1.65708065	-2.708046E-012	-2.080955E-012	0	0.000000E+000
22	1.65827320	-2.085851E-012	-2.633276E-012	-1	0.000000E+000
22	1.69038521	-2.740254E-012	-2.151313E-012	0	0.000000E+000
22	1.70215392	-2.129090E-012	-2.686143E-012	-1	0.000000E+000
22	1.72558745	-2.748211E-012	-2.266143E-012	0	0.000000E+000
22	1.72607500	-2.266143E-012	-2.704153E-012	-1	0.000000E+000
22	1.73702674	-2.749342E-012	-2.257589E-012	0	0.000000E+000
22	1.73969261	-2.257589E-012	-2.715354E-012	-1	0.000000E+000
22	1.74626060	-2.715354E-012	-2.074371E-012	0	0.000000E+000
22	1.74817575	-2.059121E-012	-2.479720E-012	-1	0.000000E+000
22	1.76301030	-2.572972E-012	-2.131706E-012	0	0.000000E+000
22	1.76416224	-2.162616E-012	-2.682269E-012	-1	0.000000E+000
22	1.77764029	-2.720424E-012	-2.210760E-012	0	0.000000E+000
22	1.77800750	-2.210760E-012	-2.722316E-012	-1	0.000000E+000
22	1.79984755	-2.621016E-012	-2.178917E-012	0	0.000000E+000
22	1.80483151	-2.080855E-012	-2.534914E-012	-1	0.000000E+000
22	1.88657079	-2.725671E-012	-2.175712E-012	0	0.000000E+000
22	1.88738124	-2.175712E-012	-2.759045E-012	-1	0.000000E+000
22	1.95437224	-2.734496E-012	-2.158508E-012	0	0.000000E+000
22	1.95741852	-2.158508E-012	-2.698931E-012	-1	0.000000E+000
22	1.98634469	-2.652846E-012	-2.032765E-012	0	0.000000E+000
22	1.98699885	-2.032765E-012	-2.707834E-012	-1	0.000000E+000
22	2.06797519	-2.679153E-012	-2.289216E-012	0	0.000000E+000
22	2.06838725	-2.289216E-012	-2.657901E-012	-1	0.000000E+000
22	2.07682072	-2.693150E-012	-2.180358E-012	0	0.000000E+000
22	2.08269567	-2.289579E-012	-2.683264E-012	-1	0.000000E+000
22	2.09360036	-2.627743E-012	-2.143932E-012	0	0.000000E+000
22	2.09409550	-2.143932E-012	-2.637374E-012	-1	0.000000E+000
22	2.12335216	-2.681483E-012	-2.219499E-012	0	0.000000E+000
22	2.12490000	-2.219499E-012	-2.737755E-012	-1	0.000000E+000
22	2.12584719	-2.737755E-012	-2.305314E-012	0	0.000000E+000
22	2.12639734	-2.305314E-012	-2.737755E-012	-1	0.000000E+000
22	2.14531312	-2.633821E-012	-2.217976E-012	0	0.000000E+000
22	2.14580108	-2.217976E-012	-2.671815E-012	-1	0.000000E+000
22	2.20037186	-2.649795E-012	-2.286745E-012	0	0.000000E+000
22	2.21326292	-2.286745E-012	-2.644860E-012	-1	0.000000E+000
22	2.25981868	-2.662064E-012	-2.301476E-012	0	0.000000E+000
22	2.26817659	-2.244860E-012	-2.748217E-012	-1	0.000000E+000
22	2.28768409	-2.737142E-012	-2.304357E-012	0	0.000000E+000
22	2.28822691	-2.304357E-012	-2.669994E-012	-1	0.000000E+000
22	2.33762782	-2.676579E-012	-2.084401E-012	0	0.000000E+000
22	2.33815000	-2.049992E-012	-2.482772E-012	-1	0.000000E+000
22	2.39162792	-2.576625E-012	-2.032223E-012	0	0.000000E+000
22	2.39215000	-2.032223E-012	-2.633937E-012	-1	0.000000E+000
22	2.43024626	-2.730414E-012	-2.157769E-012	0	0.000000E+000
22	2.43073532	-2.157769E-012	-2.725254E-012	-1	0.000000E+000
22	2.46496471	-2.655975E-012	-2.226674E-012	0	0.000000E+000
22	2.46605460	-2.258370E-012	-2.672457E-012	-1	0.000000E+000
22	2.59606302	-2.663052E-012	-2.306485E-012	0	0.000000E+000
22	2.59736465	-2.303501E-012	-2.702896E-012	-1	0.000000E+000
22	2.60328185	-2.707783E-012	-2.344753E-012	0	0.000000E+000
22	2.60487565	-2.324028E-012	-2.697940E-012	-1	0.000000E+000
22	2.64027239	-2.660085E-012	-2.236120E-012	0	0.000000E+000
22	2.64062875	-2.236120E-012	-2.651024E-012	-1	0.000000E+000
22	2.64730175	-2.696016E-012	-2.297499E-012	0	0.000000E+000
22	2.64759661	-2.297499E-012	-2.666089E-012	-1	0.000000E+000
22	2.66071496	-2.700904E-012	-2.251885E-012	0	0.000000E+000
22	2.66120000	-2.251885E-012	-2.707004E-012	-1	0.000000E+000
22	2.67941067	-2.722468E-012	-2.051950E-012	0	0.000000E+000
22	2.67990804	-2.051950E-012	-2.749165E-012	-1	0.000000E+000
22	2.68308336	-2.749165E-012	-2.164882E-012	0	0.000000E+000
22	2.68348104	-2.164882E-012	-2.743841E-012	-1	0.000000E+000
22	2.72039494	-2.761378E-012	-2.188095E-012	0	0.000000E+000
22	2.72197500	-2.188095E-012	-2.678646E-012	-1	0.000000E+000
22	2.74294266	-2.787185E-012	-2.188095E-012	0	0.000000E+000
22	2.74342500	-2.188095E-012	-2.705047E-012	-1	0.000000E+000
22	2.74537756	-2.724874E-012	-2.240488E-012	0	0.000000E+000
22	2.74590000	-2.240488E-012	-2.675812E-012	-1	0.000000E+000
22	2.74848325	-2.658608E-012	-2.293134E-012	0	0.000000E+000
22	2.74908829	-2.293134E-012	-2.670485E-012	-1	0.000000E+000
22	2.81263457	-2.676359E-012	-2.111805E-012	0	0.000000E+000
22	2.81614061	-2.111805E-012	-2.638464E-012	-1	0.000000E+000
22	2.83388283	-2.688660E-012	-2.133143E-012	0	0.000000E+000
22	2.83432824	-2.133143E-012	-2.708773E-012	-1	0.000000E+000
22	2.88608570	-2.664944E-012	-2.251302E-012	0	0.000000E+000
22	2.88695490	-2.251302E-012	-2.559022E-012	-1	0.000000E+000
22	2.90876669	-2.524613E-012	-2.187180E-012	0	0.000000E+000
22	2.91038790	-2.210283E-012	-2.511617E-012	-1	0.000000E+000
22	2.93260074	-2.512525E-012	-2.162753E-012	0	0.000000E+000
22	2.93372588	-2.178549E-012	-2.526788E-012	-1	0.000000E+000
22	2.95659516	-2.663211E-012	-2.172171E-012	0	0.000000E+000
22	2.95715144	-2.172171E-012	-2.706546E-012	-1	0.000000E+000
22	2.97365000	-2.577514E-012	-2.145787E-012	0	0.000000E+000
22	2.97415000	-2.145787E-012	-2.529209E-012	-1	0.000000E+000
22	2.98499715	-2.594457E-012	-2.100942E-012	0	0.000000E+000
22	2.98549608	-2.100942E-012	-2.548820E-012	-1	0.000000E+000
22	3.04289878	-2.637704E-012	-2.051056E-012	0	0.000000E+000
22	3.04364200	-2.051056E-012	-2.690554E-012	-1	0.000000E+000
22	3.04818191	-2.672917E-012	-2.211005E-012	0	0.000000E+000
22	3.04907035	-2.211005E-012	-2.635274E-012	-1	0.000000E+000
22	3.08047953	-2.736853E-012	-2.309297E-012	0	0.000000E+000
22	3.08452830	-2.300695E-012	-2.723559E-012	-1	0.000000E+000
22	3.10530521	-2.723559E-012	-2.201109E-012	0	0.000000E+000
22	3.10570325	-2.201109E-012	-2.630803E-012	-1	0.000000E+000
22	3.13312810	-2.699906E-012	-2.108979E-012	0	0.000000E+000
22	3.14587178	-2.134455E-012	-2.619828E-012	-1	0.000000E+000
22	3.16296664	-2.588432E-012	-1.999651E-012	0	0.000000E+000
22	3.16354423	-1.999651E-012	-2.656562E-012	-1	0.000000E+000
22	3.22834716	-2.613552E-012	-2.159212E-012	0	0.000000E+000
22	3.22900038	-2.159212E-012	-2.674161E-012	-1	0.000000E+000
22	3.26120690	-2.665799E-012	-2.054721E-012	0	0.000000E+000
22	3.26268129	-2.083257E-012	-2.612137E-012	-1	0.000000E+000
22	3.28300579	-2.492616E-012	-2.097423E-012	0	0.000000E+000
22	3.28388415	-2.106772E-012	-2.532413E-012	-1	0.000000E+000
22	3.32234922	-2.617555E-012	-2.123118E-012	0	0.000000E+000
22	3.32711978	-2.099405E-012	-2.621258E-012	-1	0.000000E+000
22	3.34298267	-2.671428E-012	-2.209611E-012	0	0.000000E+000
22	3.34347500	-2.209611E-012	-2.630407E-012	-1	0.000000E+000
22	3.36924360	-2.668320E-012	-2.112582E-012	0	0.000000E+000
22	3.36983549	-2.112582E-012	-2.634513E-012	-1	0.000000E+000
22	3.38170032	-2.637571E-012	-2.102025E-012	0	0.000000E+000
22	3.40117215	-2.122798E-012	-2.694322E-012	-1	0.000000E+000
22	3.41188789	-2.591189E-012	-2.004850E-012	0	0.000000E+000
22	3.41359607	-2.004850E-012	-2.497090E-012	-1	0.000000E+000
22	3.42140009	-2.513127E-012	-1.882444E-012	0	0.000000E+000
22	3.42192500	-1.882444E-012	-2.528292E-012	-1	0.000000E+000
22	3.46807500	-2.700335E-012	-1.996841E-012	0	0.000000E+000
22	3.47396335	-1.955304E-012	-2.479945E-012	-1	0.000000E+000
22	3.50381853	-2.712203E-012	-2.203756E-012	0	0.000000E+000
22	3.50527156	-2.225262E-012	-2.687025E-012	-1	0.000000E+000
22	3.51088971	-2.734560E-012	-2.217935E-012	0	0.000000E+000
22	3.51147054	-2.217935E-012	-2.652795E-012	-1	0.000000E+000
22	3.53300993	-2.543921E-012	-2.104673E-012	0	0.000000E+000
22	3.53351282	-2.104673E-012	-2.606710E-012	-1	0.000000E+000
22	3.56026407	-2.647160E-012	-2.133706E-012	0	0.000000E+000
22	3.56088271	-2.133706E-012	-2.635494E-012	-1	0.000000E+000
22	3.57381049	-2.754717E-012	-2.120837E-012	0	0.000000E+000
22	3.57700000	-2.120837E-012	-2.703591E-012	-1	0.000000E+000
22	3.58290763	-2.617311E-012	-2.191307E-012	0	0.000000E+000
22	3.58371373	-2.191307E-012	-2.717613E-012	-1	0.000000E+000
22	3.59212331	-2.665463E-012	-2.134609E-012	0	0.000000E+000
22	3.59582730	-2.074394E-012	-2.610273E-012	-1	0.000000E+000
22	3.65256438	-2.394409E-012	-1.927144E-012	0	0.000000E+000
22	3.65428750	-1.927144E-012	-2.358868E-012	-1	0.000000E+000
22	3.65484282	-2.358868E-012	-1.917282E-012	0	0.000000E+000
22	3.65951556	-1.900183E-012	-2.380609E-012	-1	0.000000E+000
22	3.68227721	-2.375091E-012	-1.832927E-012	0	0.000000E+000
22	3.68360752	-1.832927E-012	-2.395886E-012	-1	0.000000E+000
22	3.69008208	-2.491548E-012	-2.080130E-012	0	0.000000E+000
22	3.69065365	-2.080130E-012	-2.572001E-012	-1	0.000000E+000
22	3.71146635	-2.572001E-012	-2.029520E-012	0	0.000000E+000
22	3.71193782	-2.029520E-012	-2.499701E-012	-1	0.000000E+000
22	3.71723040	-2.491221E-012	-2.119043E-012	0	0.000000E+000
22	3.72203541	-2.130393E-012	-2.491623E-012	-1	0.000000E+000
22	3.72315773	-2.485688E-012	-2.156026E-012	0	0.000000E+000
22	3.72770103	-2.113015E-012	-2.450973E-012	-1	0.000000E+000
22	3.73278665	-2.422934E-012	-1.949704E-012	0	0.000000E+000
22	3.73354479	-1.949704E-012	-2.444963E-012	-1	0.000000E+000
22	3.73645671	-2.472107E-012	-2.088549E-012	0	0.000000E+000
22	3.73784403	-2.088894E-012	-2.519917E-012	-1	0.000000E+000
22	3.74375472	-2.614115E-012	-2.219003E-012	0	0.000000E+000
22	3.74516081	-2.298229E-012	-2.762142E-012	-1	0.000000E+000
22	3.74631232	-2.703195E-012	-2.269370E-012	0	0.000000E+000
22	3.74699569	-2.269370E-012	-2.640077E-012	-1	0.000000E+000
22	3.80629743	-2.640077E-012	-2.191054E-012	0	0.000000E+000
22	3.81044682	-2.191054E-012	-2.678959E-012	-1	0.000000E+000
22	3.81290526	-2.751605E-012	-2.247298E-012	0	0.000000E+000
22	3.81340000	-2.247298E-012	-2.664179E-012	-1	0.000000E+000
22	3.81790000	-2.664179E-012	-2.193540E-012	0	0.000000E+000
22	3.81881659	-2.193540E-012	-2.565286E-012	-1	0.000000E+000
22	3.81988372	-2.565286E-012	-2.113407E-012	0	0.000000E+000
22	3.83336657	-2.126358E-012	-2.549289E-012	-1	0.000000E+000
22	3.83837204	-2.587766E-012	-2.051268E-012	0	0.000000E+000
22	3.83948574	-2.051268E-012	-2.652216E-012	-1	0.000000E+000
22	3.87601418	-2.591229E-012	-2.188716E-012	0	0.000000E+000
22	3.87710372	-2.188716E-012	-2.666097E-012	-1	0.000000E+000
22	3.88361461	-2.656118E-012	-2.207552E-012	0	0.000000E+000
22	3.88415000	-2.207552E-012	-2.738265E-012	-1	0.000000E+000
22	3.89036307	-2.693107E-012	-2.268347E-012	0	0.000000E+000
22	3.89092420	-2.268347E-012	-2.868219E-012	-1	0.000000E+000
22	3.89305363	-2.721983E-012	-2.289090E-012	0	0.000000E+000
22	3.90039446	-2.237407E-012	-2.729584E-012	-1	0.000000E+000
22	3.90938035	-2.554632E-012	-2.188219E-012	0	0.000000E+000
22	3.91067644	-2.254055E-012	-2.718653E-012	-1	0.000000E+000
22	3.91808322	-2.726717E-012	-2.263931E-012	0	0.000000E+000
22	3.91844548	-2.263931E-012	-2.651623E-012	-1	0.000000E+000
22	3.92712220	-2.585884E-012	-2.124898E-012	0	0.000000E+000
22	3.92987062	-2.124898E-012	-2.689939E-012	-1	0.000000E+000
22	3.96931320	-2.667567E-012	-2.223999E-012	0	0.000000E+000
22	3.97087498	-2.223999E-012	-2.619493E-012	-1	0.000000E+000
22	3.97700025	-2.599515E-012	-2.115986E-012	0	0.000000E+000
22	3.99790661	-2.118816E-012	-2.598841E-012	-1	0.000000E+000
22	4.06714506	-2.635900E-012	-2.084061E-012	0	0.000000E+000
22	4.08865460	-2.088276E-012	-2.571659E-012	-1	0.000000E+000
22	4.09429693	-2.684295E-012	-2.054535E-012	0	0.000000E+000
22	4.09496599	-2.054535E-012	-2.601448E-012	-1	0.000000E+000
22	4.09571285	-2.601448E-012	-2.067851E-012	0	0.000000E+000
22	4.09606695	-2.067851E-012	-2.616495E-012	-1	0.000000E+000
22	4.14154248	-2.688708E-012	-2.181786E-012	0	0.000000E+000
22	4.14222160	-2.181786E-012	-2.593326E-012	-1	0.000000E+000
22	4.18424607	-2.670745E-012	-2.262958E-012	0	0.000000E+000
22	4.18577500	-2.262958E-012	-2.698358E-012	-1	0.000000E+000
22	4.19409784	-2.690907E-012	-2.268724E-012	0	0.000000E+000
22	4.19484284	-2.268724E-012	-2.747658E-012	-1	0.000000E+000
22	4.19769260	-2.747658E-012	-2.305264E-012	0	0.000000E+000
22	4.19819455	-2.305264E-012	-2.723170E-012	-1	0.000000E+000
22	4.20224330	-2.737028E-012	-2.338547E-012	0	0.000000E+000
22	4.20456878	-2.332727E-012	-2.736863E-012	-1	0.000000E+000
22	4.21162091	-2.663336E-012	-2.288345E-012	0	0.000000E+000
22	4.21203879	-2.288345E-012	-2.672390E-012	-1	0.000000E+000
22	4.22711986	-2.707840E-012	-2.293991E-012	0	0.000000E+000
22	4.23684035	-2.172665E-012	-2.748615E-012	-1	0.000000E+000
22	4.30062506	-2.662160E-012	-1.928143E-012	0	0.000000E+000
22	4.30133111	-1.928143E-012	-2.610806E-012	-1	0.000000E+000
22	4.33320449	-2.576398E-012	-2.102521E-012	0	0.000000E+000
22	4.33370000	-2.102521E-012	-2.473855E-012	-1	0.000000E+000
22	4.35127542	-2.671708E-012	-2.125651E-012	0	0.000000E+000
22	4.35200002	-2.125651E-012	-2.679089E-012	-1	0.000000E+000
22	4.37633189	-2.669842E-012	-2.201104E-012	0	0.000000E+000
22	4.37676688	-2.201104E-012	-2.659245E-012	-1	0.000000E+000
22	4.38204861	-2.659245E-012	-2.193327E-012	0	0.000000E+000
22	4.38242203	-2.193327E-012	-2.729794E-012	-1	0.000000E+000
22	4.38772098	-2.755600E-012	-2.353080E-012	0	0.000000E+000
22	4.38870109	-2.353080E-012	-2.705313E-012	-1	0.000000E+000
22	4.39241127	-2.702862E-012	-2.119210E-012	0	0.000000E+000
22	4.39309174	-2.119210E-012	-2.665944E-012	-1	0.000000E+000
22	4.39686737	-2.665944E-012	-2.085526E-012	0	0.000000E+000
22	4.39760810	-2.085526E-012	-2.694885E-012	-1	0.000000E+000
22	4.42159485	-2.540324E-012	-2.128515E-012	0	0.000000E+000
22	4.42272860	-2.128515E-012	-2.743211E-012	-1	0.000000E+000
22	4.42945926	-2.731559E-012	-2.291728E-012	0	0.000000E+000
22	4.43365796	-2.120025E-012	-2.621206E-012	-1	0.000000E+000
22	4.45994592	-2.677203E-012	-2.114069E-012	0	0.000000E+000
22	4.46074589	-2.114069E-012	-2.677232E-012	-1	0.000000E+000
22	4.49698734	-2.709079E-012	-2.130941E-012	0	0.000000E+000
22	4.49731523	-2.130941E-012	-2.656902E-012	-1	0.000000E+000
22	4.51929766	-2.656902E-012	-2.007951E-012	0	0.000000E+000
22	4.51998755	-2.007951E-012	-2.705123E-012	-1	0.000000E+000
22	4.53448027	-2.628418E-012	-1.916342E-012	0	0.000000E+000
22	4.54342615	-2.001768E-012	-2.674046E-012	-1	0.000000E+000
22	4.58421288	-2.761418E-012	-2.180419E-012	0	0.000000E+000
22	4.58462063	-2.180419E-012	-2.615744E-012	-1	0.000000E+000
22	4.58654742	-2.677300E-012	-2.077375E-012	0	0.000000E+000
22	4.58705870	-2.077375E-012	-2.566241E-012	-1	0.000000E+000
22	4.59024352	-2.566241E-012	-1.925990E-012	0	0.000000E+000
22	4.59073307	-1.925990E-012	-2.493059E-012	-1	0.000000E+000
22	4.72468285	-2.587866E-012	-1.931769E-012	0	0.000000E+000
22	4.73106351	-1.897324E-012	-2.431663E-012	-1	0.000000E+000
22	4.73994700	-2.468371E-012	-1.924885E-012	0	0.000000E+000
22	4.74052689	-1.924885E-012	-2.503451E-012	-1	0.000000E+000
22	4.74749129	-2.456307E-012	-1.984489E-012	0	0.000000E+000
22	4.76243370	-1.929087E-012	-2.521635E-012	-1	0.000000E+000
22	4.77472499	-2.737027E-012	-2.206799E-012	0	0.000000E+000
22	4.77564562	-2.206799E-012	-2.689972E-012	-1	0.000000E+000
22	4.79736372	-2.689972E-012	-2.198007E-012	0	0.000000E+000
22	4.79780257	-2.198007E-012	-2.609799E-012	-1	0.000000E+000
22	4.80792891	-2.685414E-012	-2.163789E-012	0	0.000000E+000
22	4.80830320	-2.163789E-012	-2.647535E-012	-1	0.000000E+000
22	4.82923828	-2.620382E-012	-2.087380E-012	0	0.000000E+000
22	4.83029359	-2.087380E-012	-2.513694E-012	-1	0.000000E+000
22	4.83599690	-2.617854E-012	-2.133630E-012	0	0.000000E+000
22	4.83858371	-2.066899E-012	-2.636948E-012	-1	0.000000E+000
22	4.84427433	-2.642724E-012	-2.157097E-012	0	0.000000E+000
22	4.84523215	-2.157097E-012	-2.759526E-012	-1	0.000000E+000
22	4.85551496	-2.848602E-012	-2.121390E-012	0	0.000000E+000
22	4.85897757	-2.121390E-012	-2.642781E-012	-1	0.000000E+000
22	4.87081517	-2.696564E-012	-2.141917E-012	0	0.000000E+000
22	4.87327295	-2.141917E-012	-2.626576E-012	-1	0.000000E+000
22	4.90824118	-2.572816E-012	-1.894271E-012	0	0.000000E+000
22	4.90898617	-1.928679E-012	-2.621164E-012	-1	0.000000E+000
22	4.97312311	-2.664174E-012	-2.143208E-012	0	0.000000E+000
22	4.97516292	-2.143208E-012	-2.669171E-012	-1	0.000000E+000
22	4.97924089	-2.650803E-012	-2.226201E-012	0	0.000000E+000
22	4.98009868	-2.226201E-012	-2.643587E-012	-1	0.000000E+000
22	4.98850426	-2.643587E-012	-2.072735E-012	0	0.000000E+000
22	4.98897720	-2.072735E-012	-2.636212E-012	-1	0.000000E+000
22	5.02874669	-2.670810E-012	-2.319556E-012	0	0.000000E+000
22	5.03224357	-2.319556E-012	-2.685783E-012	-1	0.000000E+000
22	5.03694475	-2.685783E-012	-2.091900E-012	0	0.000000E+000
22	5.04336350	-1.961397E-012	-2.579945E-012	-1	0.000000E+000
22	5.07668469	-2.642549E-012	-2.062336E-012	0	0.000000E+000
22	5.09264041	-2.169320E-012	-2.755576E-012	-1	0.000000E+000
22	5.09373976	-2.755576E-012	-2.146818E-012	0	0.000000E+000
22	5.09999004	-2.070121E-012	-2.638964E-012	-1	0.000000E+000
22	5.11307888	-2.648399E-012	-2.183168E-012	0	0.000000E+000
22	5.11390704	-2.183168E-012	-2.562996E-012	-1	0.000000E+000
22	5.12646002	-2.576397E-012	-1.930162E-012	0	0.000000E+000
22	5.12767822	-1.946102E-012	-2.612542E-012	-1	0.000000E+000
22	5.14022001	-2.569100E-012	-2.144045E-012	0	0.000000E+000
22	5.14190538	-2.144045E-012	-2.596135E-012	-1	0.000000E+000
22	5.15580522	-2.700865E-012	-2.165730E-012	0	0.000000E+000
22	5.15706432	-2.165730E-012	-2.741676E-012	-1	0.000000E+000
22	5.16297193	-2.646536E-012	-2.194475E-012	0	0.000000E+000
22	5.16366824	-2.194475E-012	-2.668606E-012	-1	0.000000E+000
22	5.22308142	-2.712180E-012	-2.028015E-012	0	0.000000E+000
22	5.22491293	-2.028015E-012	-2.622686E-012	-1	0.000000E+000
22	5.26000846	-2.622686E-012	-2.104992E-012	0	0.000000E+000
22	5.26137978	-2.104992E-012	-2.630360E-012	-1	0.000000E+000
22	5.26779300	-2.702905E-012	-2.026241E-012	0	0.000000E+000
22	5.26917979	-2.026241E-012	-2.599110E-012	-1	0.000000E+000
22	5.28225379	-2.548731E-012	-2.132646E-012	0	0.000000E+000
22	5.28415783	-2.193628E-012	-2.592142E-012	-1	0.000000E+000
22	5.28492070	-2.592142E-012	-2.186346E-012	0	0.000000E+000
22	5.28803743	-2.186346E-012	-2.549065E-012	-1	0.000000E+000
22	5.29358955	-2.584780E-012	-2.248144E-012	0	0.000000E+000
22	5.30273838	-2.248144E-012	-2.701905E-012	-1	0.000000E+000
22	5.30897748	-2.696557E-012	-2.049650E-012	0	0.000000E+000
22	5.30948230	-2.049650E-012	-2.603589E-012	-1	0.000000E+000
22	5.32628491	-2.706632E-012	-2.153224E-012	0	0.000000E+000
22	5.32772804	-2.170550E-012	-2.603602E-012	-1	0.000000E+000
22	5.39865913	-2.681021E-012	-2.294595E-012	0	0.000000E+000
22	5.40046408	-2.268788E-012	-2.678329E-012	-1	0.000000E+000
22	5.40301155	-2.678329E-012	-2.182288E-012	0	0.000000E+000
22	5.40366205	-2.182288E-012	-2.708755E-012	-1	0.000000E+000
22	5.40565748	-2.690522E-012	-2.288591E-012	0	0.000000E+000
22	5.40737948	-2.349876E-012	-2.712310E-012	-1	0.000000E+000
22	5.41148297	-2.644150E-012	-2.156785E-012	0	0.000000E+000
22	5.41192408	-2.156785E-012	-2.634677E-012	-1	0.000000E+000
22	5.44577040	-2.683366E-012	-2.216365E-012	0	0.000000E+000
22	5.44626662	-2.216365E-012	-2.682965E-012	-1	0.000000E+000
22	5.46332398	-2.657644E-012	-2.187798E-012	0	0.000000E+000
22	5.46389632	-2.187798E-012	-2.676546E-012	-1	0.000000E+000
22	5.47301533	-2.654318E-012	-2.020532E-012	0	0.000000E+000
22	5.47477500	-2.020532E-012	-2.658735E-012	-1	0.000000E+000
22	5.50652090	-2.710706E-012	-2.136686E-012	0	0.000000E+000
22	5.50709093	-2.136686E-012	-2.706060E-012	-1	0.000000E+000
22	5.50873287	-2.706060E-012	-2.111067E-012	0	0.000000E+000
22	5.50932406	-2.111067E-012	-2.785841E-012	-1	0.000000E+000
22	5.52029288	-2.662245E-012	-2.187701E-012	0	0.000000E+000
22	5.52083760	-2.187701E-012	-2.593320E-012	-1	0.000000E+000
22	5.55177599	-2.685835E-012	-2.157053E-012	0	0.000000E+000
22	5.55219224	-2.157053E-012	-2.687652E-012	-1	0.000000E+000
22	5.55526220	-2.687652E-012	-2.272589E-012	0	0.000000E+000
22	5.55608243	-2.272589E-012	-2.747915E-012	-1	0.000000E+000
22	5.56402165	-2.684850E-012	-2.136648E-012	0	0.000000E+000
22	5.56471656	-2.136648E-012	-2.779146E-012	-1	0.000000E+000
22	5.57196080	-2.667318E-012	-2.148219E-012	0	0.000000E+000
22	5.58096790	-2.148219E-012	-2.724888E-012	-1	0.000000E+000
22	5.59988344	-2.766740E-012	-2.309075E-012	0	0.000000E+000
22	5.60069507	-2.309075E-012	-2.743364E-012	-1	0.000000E+000
22	5.61098255	-2.590494E-012	-2.057297E-012	0	0.000000E+000
22	5.62290757	-2.148190E-012	-2.680462E-012	-1	0.000000E+000
22	5.67775684	-2.710376E-012	-2.199787E-012	0	0.000000E+000
22	5.67971556	-2.199787E-012	-2.696812E-012	-1	0.000000E+000
22	5.68600665	-2.747846E-012	-2.346917E-012	0	0.000000E+000
22	5.68695113	-2.332124E-012	-2.763915E-012	-1	0.000000E+000
22	5.69111871	-2.706452E-012	-2.180309E-012	0	0.000000E+000
22	5.69161457	-2.180309E-012	-2.747687E-012	-1	0.000000E+000
22	5.69311693	-2.747687E-012	-2.059798E-012	0	0.000000E+000
22	5.69395638	-2.059798E-012	-2.713574E-012	-1	0.000000E+000
22	5.70296885	-2.642072E-012	-2.299915E-012	0	0.000000E+000
22	5.70414407	-2.298954E-012	-2.721743E-012	-1	0.000000E+000
22	5.70993838	-2.610662E-012	-2.210610E-012	0	0.000000E+000
22	5.71073927	-2.210610E-012	-2.619181E-012	-1	0.000000E+000
22	5.71967187	-2.592509E-012	-2.045295E-012	0	0.000000E+000
22	5.72025299	-2.045295E-012	-2.659708E-012	-1	0.000000E+000
22	5.73011100	-2.699340E-012	-2.344130E-012	0	0.000000E+000
22	5.73296307	-2.360134E-012	-2.752279E-012	-1	0.000000E+000
22	5.73504014	-2.752279E-012	-2.269704E-012	0	0.000000E+000
22	5.73541386	-2.269704E-012	-2.669238E-012	-1	0.000000E+000
22	5.81150015	-2.671905E-012	-2.188472E-012	0	0.000000E+000
22	5.81230279	-2.188472E-012	-2.643707E-012	-1	0.000000E+000
22	5.85081725	-2.752044E-012	-2.104563E-012	0	0.000000E+000
22	5.85288535	-2.104563E-012	-2.679225E-012	-1	0.000000E+000
22	5.87697043	-2.681748E-012	-2.260294E-012	0	0.000000E+000
22	5.87736657	-2.260294E-012	-2.689212E-012	-1	0.000000E+000
22	5.90644847	-2.630117E-012	-2.126122E-012	0	0.000000E+000
22	5.90690407	-2.126122E-012	-2.662932E-012	-1	0.000000E+000
22	5.92485555	-2.589393E-012	-2.149189E-012	0	0.000000E+000
22	5.92578603	-2.149189E-012	-2.664473E-012	-1	0.000000E+000
22	5.95136805	-2.655950E-012	-2.097223E-012	0	0.000000E+000
22	5.95213541	-2.097223E-012	-2.664215E-012	-1	0.000000E+000
22	5.96279743	-2.685997E-012	-2.079691E-012	0	0.000000E+000
22	5.96341313	-2.079691E-012	-2.653327E-012	-1	0.000000E+000
22	5.97026953	-2.747940E-012	-2.273467E-012	0	0.000000E+000
22	5.97083185	-2.273467E-012	-2.737184E-012	-1	0.000000E+000
22	6.02611546	-2.720483E-012	-2.311212E-012	0	0.000000E+000
22	6.02719033	-2.327329E-012	-2.752833E-012	-1	0.000000E+000
22	6.03098097	-2.752833E-012	-2.160433E-012	0	0.000000E+000
22	6.03841919	-2.133321E-012	-2.707489E-012	-1	0.000000E+000
22	6.04656731	-2.740676E-012	-2.128149E-012	0	0.000000E+000
22	6.04705000	-2.128149E-012	-2.711952E-012	-1	0.000000E+000
22	6.05937115	-2.780470E-012	-2.194063E-012	0	0.000000E+000
22	6.05977507	-2.194063E-012	-2.733620E-012	-1	0.000000E+000
22	6.08376446	-2.725545E-012	-2.285860E-012	0	0.000000E+000
22	6.08461666	-2.285860E-012	-2.729975E-012	-1	0.000000E+000
22	6.12277436	-2.696764E-012	-2.331736E-012	0	0.000000E+000
22	6.12327500	-2.331736E-012	-2.671991E-012	-1	0.000000E+000
22	6.12377500	-2.671991E-012	-2.331736E-012	0	0.000000E+000
22	6.12407361	-2.331736E-012	-2.671991E-012	-1	0.000000E+000
22	6.12688965	-2.671991E-012	-2.163468E-012	0	0.000000E+000
22	6.12725880	-2.163468E-012	-2.666932E-012	-1	0.000000E+000
22	6.15699650	-2.584954E-012	-1.972581E-012	0	0.000000E+000
22	6.15766626	-1.972581E-012	-2.526005E-012	-1	0.000000E+000
22	6.16945046	-2.505950E-012	-2.023069E-012	0	0.000000E+000
22	6.17015831	-2.023069E-012	-2.729475E-012	-1	0.000000E+000
22	6.17356910	-2.729475E-012	-2.128526E-012	0	0.000000E+000
22	6.18717997	-2.142962E-012	-2.653427E-012	-1	0.000000E+000
22	6.19856562	-2.653427E-012	-2.205831E-012	0	0.000000E+000
22	6.19985279	-2.205831E-012	-2.682962E-012	-1	0.000000E+000
22	6.20102803	-2.663327E-012	-2.156418E-012	0	0.000000E+000
22	6.20168434	-2.156418E-012	-2.703917E-012	-1	0.000000E+000
22	6.21846372	-2.676435E-012	-2.155761E-012	0	0.000000E+000
22	6.22303241	-2.145598E-012	-2.712701E-012	-1	0.000000E+000
22	6.23716870	-2.712701E-012	-2.190969E-012	0	0.000000E+000
22	6.24910470	-2.164741E-012	-2.794482E-012	-1	0.000000E+000
22	6.26295642	-2.719457E-012	-2.298176E-012	0	0.000000E+000
22	6.26349564	-2.298176E-012	-2.800629E-012	-1	0.000000E+000
22	6.27660307	-2.705073E-012	-2.179199E-012	0	0.000000E+000
22	6.28595686	-2.187145E-012	-2.709534E-012	-1	0.000000E+000
22	6.31545466	-2.771004E-012	-2.329837E-012	0	0.000000E+000
22	6.32181125	-2.381249E-012	-2.817367E-012	-1	0.000000E+000
22	6.32737648	-2.818345E-012	-2.393852E-012	0	0.000000E+000
22	6.32790000	-2.393852E-012	-2.764076E-012	-1	0.000000E+000
22	6.34769020	-2.691619E-012	-2.271375E-012	0	0.000000E+000
22	6.35887388	-2.322988E-012	-2.660687E-012	-1	0.000000E+000
22	6.36543634	-2.609074E-012	-2.251395E-012	0	0.000000E+000
22	6.36588737	-2.251395E-012	-2.681112E-012	-1	0.000000E+000
22	6.37159018	-2.681112E-012	-2.030519E-012	0	0.000000E+000
22	6.37270310	-2.030519E-012	-2.619510E-012	-1	0.000000E+000
22	6.40057500	-2.619510E-012	-2.255989E-012	0	0.000000E+000
22	6.40198539	-2.255989E-012	-2.653714E-012	-1	0.000000E+000
22	6.41172770	-2.610301E-012	-2.185000E-012	0	0.000000E+000
22	6.41237942	-2.185000E-012	-2.597532E-012	-1	0.000000E+000
22	6.47197491	-2.750191E-012	-2.314995E-012	0	0.000000E+000
22	6.48904717	-2.289764E-012	-2.719747E-012	-1	0.000000E+000
22	6.51264198	-2.769236E-012	-2.321594E-012	0	0.000000E+000
22	6.51345136	-2.321594E-012	-2.707769E-012	-1	0.000000E+000
22	6.53813305	-2.668653E-012	-2.320336E-012	0	0.000000E+000
22	6.53916010	-2.335590E-012	-2.705919E-012	-1	0.000000E+000
22	6.54382551	-2.691433E-012	-2.361373E-012	0	0.000000E+000
22	6.54480821	-2.361373E-012	-2.772888E-012	-1	0.000000E+000
22	6.54769772	-2.764286E-012	-2.297531E-012	0	0.000000E+000
22	6.54818325	-2.297531E-012	-2.736435E-012	-1	0.000000E+000
22	6.55113061	-2.736435E-012	-2.213341E-012	0	0.000000E+000
22	6.55167586	-2.213341E-012	-2.688729E-012	-1	0.000000E+000
22	6.55734117	-2.708101E-012	-2.100676E-012	0	0.000000E+000
22	6.55804657	-2.100676E-012	-2.653229E-012	-1	0.000000E+000
22	6.56778713	-2.693109E-012	-2.269506E-012	0	0.000000E+000
22	6.56816311	-2.269506E-012	-2.688566E-012	-1	0.000000E+000
22	6.57822049	-2.674685E-012	-2.267830E-012	0	0.000000E+000
22	6.57873498	-2.267830E-012	-2.672057E-012	-1	0.000000E+000
22	6.59035928	-2.652228E-012	-2.188512E-012	0	0.000000E+000
22	6.59083538	-2.188512E-012	-2.673658E-012	-1	0.000000E+000
22	6.63032065	-2.688135E-012	-2.279234E-012	0	0.000000E+000
22	6.63163259	-2.279234E-012	-2.679056E-012	-1	0.000000E+000
22	6.63287367	-2.679496E-012	-2.057559E-012	0	0.000000E+000
22	6.63397722	-2.057559E-012	-2.638249E-012	-1	0.000000E+000
22	6.64651253	-2.630231E-012	-2.154627E-012	0	0.000000E+000
22	6.64690636	-2.154627E-012	-2.712198E-012	-1	0.000000E+000
22	6.65335865	-2.741168E-012	-2.205028E-012	0	0.000000E+000
22	6.65385000	-2.205028E-012	-2.678573E-012	-1	0.000000E+000
22	6.65729179	-2.674014E-012	-2.276234E-012	0	0.000000E+000
22	6.65767186	-2.276234E-012	-2.674083E-012	-1	0.000000E+000
22	6.66376881	-2.689702E-012	-2.217020E-012	0	0.000000E+000
22	6.66417276	-2.217020E-012	-2.643670E-012	-1	0.000000E+000
22	6.67581584	-2.658662E-012	-2.246468E-012	0	0.000000E+000
22	6.67652804	-2.249405E-012	-2.703757E-012	-1	0.000000E+000
22	6.68811593	-2.621695E-012	-2.114570E-012	0	0.000000E+000
