5	0.06155723	-1.100040E-012	-1.662857E-012	-1	0.000000E+000
5	0.08023913	-1.685081E-012	-1.139025E-012	0	0.000000E+000
5	0.08057178	-1.139025E-012	-1.600208E-012	-1	0.000000E+000
5	0.12474266	-1.618663E-012	-9.947428E-013	0	0.000000E+000
5	0.12610986	-1.027767E-012	-1.622915E-012	-1	0.000000E+000
5	0.25264156	-1.572996E-012	-1.134744E-012	0	0.000000E+000
5	0.25299568	-1.134744E-012	-1.593059E-012	-1	0.000000E+000
5	0.38165547	-1.488176E-012	-1.034515E-012	0	0.000000E+000
5	0.38217500	-1.034515E-012	-1.487286E-012	-1	0.000000E+000
5	0.55384780	-1.635426E-012	-1.078317E-012	0	0.000000E+000
5	0.55456776	-1.078317E-012	-1.598541E-012	-1	0.000000E+000
5	0.78934941	-1.537487E-012	-1.057097E-012	0	0.000000E+000
5	0.78979511	-1.057097E-012	-1.552584E-012	-1	0.000000E+000
5	0.82153730	-1.547159E-012	-1.094552E-012	0	0.000000E+000
5	0.82205231	-1.094552E-012	-1.559997E-012	-1	0.000000E+000
5	0.90773705	-1.486494E-012	-1.088987E-012	0	0.000000E+000
5	0.90867748	-1.088987E-012	-1.568065E-012	-1	0.000000E+000
5	1.05121123	-1.558657E-012	-1.150077E-012	0	0.000000E+000
5	1.05198483	-1.150077E-012	-1.612313E-012	-1	0.000000E+000
5	1.08459050	-1.606624E-012	-1.132485E-012	0	0.000000E+000
5	1.08633922	-1.132485E-012	-1.666785E-012	-1	0.000000E+000
5	1.20776597	-1.515077E-012	-1.141525E-012	0	0.000000E+000
5	1.20819539	-1.141525E-012	-1.602896E-012	-1	0.000000E+000
5	1.57470877	-1.490661E-012	-1.129962E-012	0	0.000000E+000
5	1.57504009	-1.129962E-012	-1.565094E-012	-1	0.000000E+000
5	1.80024766	-1.641052E-012	-1.148254E-012	0	0.000000E+000
5	1.80141307	-1.149746E-012	-1.654811E-012	-1	0.000000E+000
5	1.92107148	-1.587203E-012	-1.132171E-012	0	0.000000E+000
5	1.92155000	-1.132171E-012	-1.598914E-012	-1	0.000000E+000
5	2.07445619	-1.618104E-012	-1.098974E-012	0	0.000000E+000
5	2.07495000	-1.098974E-012	-1.611080E-012	-1	0.000000E+000
5	2.12478058	-1.539935E-012	-1.081919E-012	0	0.000000E+000
5	2.12641270	-1.081919E-012	-1.499498E-012	-1	0.000000E+000
5	2.46565353	-1.499498E-012	-1.004084E-012	0	0.000000E+000
5	2.46608487	-1.004084E-012	-1.517152E-012	-1	0.000000E+000
5	2.61146979	-1.490736E-012	-1.002395E-012	0	0.000000E+000
5	2.61222348	-1.002395E-012	-1.530385E-012	-1	0.000000E+000
5	2.68165536	-1.543784E-012	-1.076637E-012	0	0.000000E+000
5	2.68355782	-1.076136E-012	-1.559733E-012	-1	0.000000E+000
5	2.77877098	-1.558768E-012	-1.120729E-012	0	0.000000E+000
5	2.78133830	-1.115632E-012	-1.565904E-012	-1	0.000000E+000
5	2.80645208	-1.538428E-012	-1.008423E-012	0	0.000000E+000
5	2.80899593	-1.008423E-012	-1.603679E-012	-1	0.000000E+000
5	2.90313218	-1.568224E-012	-1.060912E-012	0	0.000000E+000
5	2.90365000	-1.060912E-012	-1.599294E-012	-1	0.000000E+000
5	3.04043541	-1.619475E-012	-1.099963E-012	0	0.000000E+000
5	3.04088498	-1.099963E-012	-1.542728E-012	-1	0.000000E+000
5	3.16969516	-1.593681E-012	-1.119555E-012	0	0.000000E+000
5	3.17131177	-1.146791E-012	-1.624501E-012	-1	0.000000E+000
5	3.19172293	-1.590463E-012	-1.031151E-012	0	0.000000E+000
5	3.19387500	-1.031151E-012	-1.627633E-012	-1	0.000000E+000
5	3.22693439	-1.641399E-012	-1.032300E-012	0	0.000000E+000
5	3.22810014	-1.032300E-012	-1.637118E-012	-1	0.000000E+000
5	3.34732074	-1.615857E-012	-1.125297E-012	0	0.000000E+000
5	3.35148569	-1.125297E-012	-1.588095E-012	-1	0.000000E+000
5	3.49635568	-1.496685E-012	-9.650937E-013	0	0.000000E+000
5	3.49681817	-9.650937E-013	-1.581778E-012	-1	0.000000E+000
5	3.50428843	-1.533304E-012	-9.797179E-013	0	0.000000E+000
5	3.50540452	-9.889659E-013	-1.527115E-012	-1	0.000000E+000
5	3.51395029	-1.580317E-012	-1.019871E-012	0	0.000000E+000
5	3.51447500	-1.019871E-012	-1.576817E-012	-1	0.000000E+000
5	3.53145527	-1.560082E-012	-1.138311E-012	0	0.000000E+000
5	3.53200000	-1.138311E-012	-1.619542E-012	-1	0.000000E+000
5	3.66871644	-1.561643E-012	-1.107166E-012	0	0.000000E+000
5	3.66939768	-1.107166E-012	-1.590547E-012	-1	0.000000E+000
5	3.73324897	-1.571836E-012	-1.039542E-012	0	0.000000E+000
5	3.73372500	-1.039542E-012	-1.535546E-012	-1	0.000000E+000
5	3.91232145	-1.542555E-012	-1.025965E-012	0	0.000000E+000
5	3.91344879	-9.971298E-013	-1.610698E-012	-1	0.000000E+000
5	3.96168631	-1.552259E-012	-1.077856E-012	0	0.000000E+000
5	3.96220000	-1.077856E-012	-1.541024E-012	-1	0.000000E+000
5	4.15084859	-1.608583E-012	-1.012007E-012	0	0.000000E+000
5	4.15141627	-1.012007E-012	-1.600621E-012	-1	0.000000E+000
5	4.24995207	-1.466136E-012	-1.063320E-012	0	0.000000E+000
5	4.25038649	-1.063320E-012	-1.501658E-012	-1	0.000000E+000
5	4.52824356	-1.548920E-012	-9.574988E-013	0	0.000000E+000
5	4.52887409	-9.574988E-013	-1.521365E-012	-1	0.000000E+000
5	4.53261119	-1.522321E-012	-1.045310E-012	0	0.000000E+000
5	4.53407457	-1.070078E-012	-1.570353E-012	-1	0.000000E+000
5	4.65118336	-1.539888E-012	-1.010518E-012	0	0.000000E+000
5	4.65157983	-1.010518E-012	-1.548470E-012	-1	0.000000E+000
5	4.71382692	-1.554327E-012	-1.067979E-012	0	0.000000E+000
5	4.71437500	-1.067979E-012	-1.632715E-012	-1	0.000000E+000
5	4.71682008	-1.632715E-012	-1.068017E-012	0	0.000000E+000
5	4.71724356	-1.068017E-012	-1.660358E-012	-1	0.000000E+000
5	5.15642333	-1.573865E-012	-1.147425E-012	0	0.000000E+000
5	5.15687343	-1.147425E-012	-1.649566E-012	-1	0.000000E+000
5	5.97144648	-1.632272E-012	-1.131992E-012	0	0.000000E+000
5	5.97217948	-1.131992E-012	-1.663190E-012	-1	0.000000E+000
5	6.26929624	-1.692365E-012	-1.154012E-012	0	0.000000E+000
5	6.26977500	-1.154012E-012	-1.616132E-012	-1	0.000000E+000
5	6.28155998	-1.606961E-012	-1.114929E-012	0	0.000000E+000
5	6.28205000	-1.114929E-012	-1.659728E-012	-1	0.000000E+000
5	6.37646892	-1.634720E-012	-1.099309E-012	0	0.000000E+000
5	6.37707807	-1.099309E-012	-1.562528E-012	-1	0.000000E+000
5	6.41151820	-1.515971E-012	-1.008653E-012	0	0.000000E+000
5	6.41200000	-1.008653E-012	-1.594924E-012	-1	0.000000E+000
5	6.52321159	-1.634972E-012	-1.019845E-012	0	0.000000E+000
5	6.52378181	-1.019845E-012	-1.604836E-012	-1	0.000000E+000
5	6.66668607	-1.661637E-012	-1.113686E-012	0	0.000000E+000
5	6.66770933	-1.113686E-012	-1.605885E-012	-1	0.000000E+000
5	6.81184445	-1.651181E-012	-1.148392E-012	0	0.000000E+000
5	6.81222473	-1.148392E-012	-1.625457E-012	-1	0.000000E+000
5	6.90918139	-1.617140E-012	-1.096536E-012	0	0.000000E+000
5	6.91092340	-1.096536E-012	-1.599486E-012	-1	0.000000E+000
5	7.30916217	-1.594143E-012	-9.893226E-013	0	0.000000E+000
5	7.31041485	-1.016984E-012	-1.535152E-012	-1	0.000000E+000
5	7.94390357	-1.611414E-012	-1.073436E-012	0	0.000000E+000
5	7.94493907	-1.117624E-012	-1.649762E-012	-1	0.000000E+000
5	8.94542500	-1.593940E-012	-1.094225E-012	0	0.000000E+000
5	8.94643987	-1.094225E-012	-1.574086E-012	-1	0.000000E+000
5	9.01669683	-1.652473E-012	-1.126012E-012	0	0.000000E+000
5	9.01700275	-1.126012E-012	-1.646698E-012	-1	0.000000E+000
5	9.25580454	-1.590613E-012	-1.097153E-012	0	0.000000E+000
5	9.25648078	-1.097153E-012	-1.649367E-012	-1	0.000000E+000
5	9.51227100	-1.648532E-012	-1.135568E-012	0	0.000000E+000
5	9.51277500	-1.135568E-012	-1.623805E-012	-1	0.000000E+000
5	9.69120178	-1.602093E-012	-1.095408E-012	0	0.000000E+000
5	9.69192703	-1.095408E-012	-1.716782E-012	-1	0.000000E+000
5	9.97696869	-1.775265E-012	-1.236206E-012	0	0.000000E+000
5	9.97798061	-1.236206E-012	-1.674418E-012	-1	0.000000E+000
5	10.01638225	-1.662774E-012	-1.232146E-012	0	0.000000E+000
5	10.01733946	-1.232146E-012	-1.745949E-012	-1	0.000000E+000
5	10.05131012	-1.704648E-012	-1.182174E-012	0	0.000000E+000
5	10.05258954	-1.213625E-012	-1.726671E-012	-1	0.000000E+000
5	10.11506220	-1.610576E-012	-1.144156E-012	0	0.000000E+000
5	10.11643555	-1.144156E-012	-1.578592E-012	-1	0.000000E+000
5	10.12500206	-1.607792E-012	-1.135030E-012	0	0.000000E+000
5	10.12582921	-1.135030E-012	-1.628552E-012	-1	0.000000E+000
5	10.37668036	-1.642990E-012	-1.163341E-012	0	0.000000E+000
5	10.37713802	-1.163341E-012	-1.682012E-012	-1	0.000000E+000
5	10.38790021	-1.745757E-012	-1.189281E-012	0	0.000000E+000
5	10.38960711	-1.214049E-012	-1.692116E-012	-1	0.000000E+000
5	10.45131789	-1.579828E-012	-1.138425E-012	0	0.000000E+000
5	10.45182695	-1.138425E-012	-1.572484E-012	-1	0.000000E+000
5	10.66418717	-1.746704E-012	-1.178521E-012	0	0.000000E+000
5	10.66462900	-1.178521E-012	-1.706909E-012	-1	0.000000E+000
5	10.89858424	-1.806801E-012	-1.198406E-012	0	0.000000E+000
5	10.89888541	-1.198406E-012	-1.717598E-012	-1	0.000000E+000
5	10.98079520	-1.807712E-012	-1.219868E-012	0	0.000000E+000
5	10.98116088	-1.219868E-012	-1.741900E-012	-1	0.000000E+000
5	11.19510277	-1.703752E-012	-1.104559E-012	0	0.000000E+000
5	11.19556505	-1.104559E-012	-1.674279E-012	-1	0.000000E+000
5	11.44106552	-1.783407E-012	-1.098145E-012	0	0.000000E+000
5	11.44199352	-1.098145E-012	-1.665302E-012	-1	0.000000E+000
5	11.46554417	-1.817623E-012	-1.179298E-012	0	0.000000E+000
5	11.46602670	-1.179298E-012	-1.774347E-012	-1	0.000000E+000
5	11.48991857	-1.574876E-012	-1.045059E-012	0	0.000000E+000
5	11.49042492	-1.045059E-012	-1.660937E-012	-1	0.000000E+000
5	11.67155503	-1.695683E-012	-1.180137E-012	0	0.000000E+000
5	11.67199262	-1.180137E-012	-1.685323E-012	-1	0.000000E+000
5	11.91386790	-1.618373E-012	-1.173195E-012	0	0.000000E+000
5	11.91452316	-1.173195E-012	-1.701472E-012	-1	0.000000E+000
5	11.99546515	-1.651937E-012	-1.200623E-012	0	0.000000E+000
5	11.99760215	-1.201247E-012	-1.651010E-012	-1	0.000000E+000
5	12.04457362	-1.553244E-012	-1.103997E-012	0	0.000000E+000
5	12.04526816	-1.103997E-012	-1.586671E-012	-1	0.000000E+000
5	12.12140601	-1.623961E-012	-1.040960E-012	0	0.000000E+000
5	12.12830905	-1.076491E-012	-1.691331E-012	-1	0.000000E+000
5	12.26349510	-1.639977E-012	-1.017667E-012	0	0.000000E+000
5	12.26431812	-1.017667E-012	-1.531365E-012	-1	0.000000E+000
5	12.36656185	-1.569975E-012	-1.125695E-012	0	0.000000E+000
5	12.36753903	-1.175175E-012	-1.632716E-012	-1	0.000000E+000
5	12.37527777	-1.553463E-012	-1.125695E-012	0	0.000000E+000
5	12.37602649	-1.125695E-012	-1.589289E-012	-1	0.000000E+000
5	12.50918333	-1.606449E-012	-1.091505E-012	0	0.000000E+000
5	12.51012139	-1.091505E-012	-1.608879E-012	-1	0.000000E+000
5	12.81268657	-1.553760E-012	-1.044815E-012	0	0.000000E+000
5	12.81317500	-1.044815E-012	-1.573631E-012	-1	0.000000E+000
5	13.11985581	-1.633817E-012	-1.097788E-012	0	0.000000E+000
5	13.12179202	-1.097788E-012	-1.583529E-012	-1	0.000000E+000
5	13.12361782	-1.583529E-012	-1.007626E-012	0	0.000000E+000
5	13.12439281	-1.007626E-012	-1.560073E-012	-1	0.000000E+000
5	13.20357660	-1.573950E-012	-9.841443E-013	0	0.000000E+000
5	13.20395142	-9.841443E-013	-1.553978E-012	-1	0.000000E+000
5	13.20796599	-1.553978E-012	-9.352645E-013	0	0.000000E+000
5	13.20925517	-9.352645E-013	-1.542884E-012	-1	0.000000E+000
5	13.33941599	-1.537889E-012	-1.076409E-012	0	0.000000E+000
5	13.34069782	-1.091867E-012	-1.541244E-012	-1	0.000000E+000
5	13.38174596	-1.592140E-012	-1.065565E-012	0	0.000000E+000
5	13.38203398	-1.065565E-012	-1.621416E-012	-1	0.000000E+000
5	13.40731144	-1.687697E-012	-1.062689E-012	0	0.000000E+000
5	15.91036316	-1.078704E-012	-1.597411E-012	-1	0.000000E+000
5	15.92953667	-1.507105E-012	-1.050306E-012	0	0.000000E+000
5	15.93007399	-1.050306E-012	-1.472816E-012	-1	0.000000E+000
5	15.95453381	-1.613095E-012	-1.035607E-012	0	0.000000E+000
5	15.95605168	-1.072520E-012	-1.643502E-012	-1	0.000000E+000
5	16.08826642	-1.570774E-012	-1.054699E-012	0	0.000000E+000
5	16.08864556	-1.054699E-012	-1.614848E-012	-1	0.000000E+000
5	16.19018359	-1.685549E-012	-1.138771E-012	0	0.000000E+000
5	16.19077280	-1.138771E-012	-1.709337E-012	-1	0.000000E+000
5	16.42122178	-1.649507E-012	-1.256940E-012	0	0.000000E+000
5	16.42262063	-1.256940E-012	-1.682420E-012	-1	0.000000E+000
5	16.65226694	-1.610195E-012	-1.154998E-012	0	0.000000E+000
5	16.65320175	-1.154998E-012	-1.621032E-012	-1	0.000000E+000
5	16.81426848	-1.621032E-012	-1.112980E-012	0	0.000000E+000
5	16.81477500	-1.104724E-012	-1.608778E-012	-1	0.000000E+000
5	17.19603454	-1.581903E-012	-1.079778E-012	0	0.000000E+000
5	17.19635512	-1.079778E-012	-1.572729E-012	-1	0.000000E+000
5	17.46480132	-1.594108E-012	-1.085204E-012	0	0.000000E+000
5	17.46532500	-1.085204E-012	-1.578056E-012	-1	0.000000E+000
5	17.71570984	-1.613470E-012	-1.003225E-012	0	0.000000E+000
5	17.71724579	-1.003225E-012	-1.596913E-012	-1	0.000000E+000
5	17.80601135	-1.569920E-012	-1.079658E-012	0	0.000000E+000
5	17.80661410	-1.079658E-012	-1.574516E-012	-1	0.000000E+000
5	18.06245412	-1.579820E-012	-1.100501E-012	0	0.000000E+000
5	18.06395829	-1.085368E-012	-1.584355E-012	-1	0.000000E+000
5	18.32848650	-1.594310E-012	-1.060681E-012	0	0.000000E+000
5	18.32975446	-1.044169E-012	-1.600173E-012	-1	0.000000E+000
5	18.38430235	-1.577187E-012	-1.010460E-012	0	0.000000E+000
5	18.38489007	-1.010460E-012	-1.543577E-012	-1	0.000000E+000
5	18.44750260	-1.598832E-012	-1.078329E-012	0	0.000000E+000
5	18.44840121	-1.078329E-012	-1.604656E-012	-1	0.000000E+000
5	18.52068945	-1.549721E-012	-1.050212E-012	0	0.000000E+000
5	18.52195616	-1.094113E-012	-1.572491E-012	-1	0.000000E+000
5	18.90972412	-1.569372E-012	-1.154927E-012	0	0.000000E+000
5	18.91100328	-1.160591E-012	-1.611762E-012	-1	0.000000E+000
5	18.96173693	-1.552323E-012	-9.815807E-013	0	0.000000E+000
5	18.96342112	-9.815807E-013	-1.561121E-012	-1	0.000000E+000
5	19.03478854	-1.568428E-012	-1.141860E-012	0	0.000000E+000
5	19.03557507	-1.141860E-012	-1.601652E-012	-1	0.000000E+000
5	19.06958013	-1.674927E-012	-1.094032E-012	0	0.000000E+000
5	19.07311493	-1.069265E-012	-1.645772E-012	-1	0.000000E+000
5	19.24606259	-1.548176E-012	-1.026025E-012	0	0.000000E+000
5	19.24648470	-1.026025E-012	-1.599558E-012	-1	0.000000E+000
5	19.36303541	-1.619289E-012	-1.100384E-012	0	0.000000E+000
5	19.36358610	-1.100384E-012	-1.619256E-012	-1	0.000000E+000
5	19.93964522	-1.549559E-012	-1.063344E-012	0	0.000000E+000
5	19.94038230	-1.063344E-012	-1.569584E-012	-1	0.000000E+000
5	20.00592460	-1.587248E-012	-1.039446E-012	0	0.000000E+000
5	20.00722397	-1.041562E-012	-1.570045E-012	-1	0.000000E+000
5	20.19307739	-1.565274E-012	-1.050515E-012	0	0.000000E+000
5	21.76200662	-1.080329E-012	-1.517089E-012	-1	0.000000E+000
5	22.28735455	-1.569081E-012	-9.838554E-013	0	0.000000E+000
5	22.28799538	-9.838554E-013	-1.584985E-012	-1	0.000000E+000
5	22.37944795	-1.610198E-012	-1.054010E-012	0	0.000000E+000
5	22.38014332	-1.054010E-012	-1.573844E-012	-1	0.000000E+000
5	22.59626200	-1.573189E-012	-1.000393E-012	0	0.000000E+000
5	22.59680741	-1.000393E-012	-1.606991E-012	-1	0.000000E+000
5	22.76077124	-1.511436E-012	-9.943206E-013	0	0.000000E+000
5	22.76145533	-9.943206E-013	-1.514522E-012	-1	0.000000E+000
5	22.76555293	-1.489754E-012	-9.977374E-013	0	0.000000E+000
5	22.76776052	-9.977374E-013	-1.544058E-012	-1	0.000000E+000
5	23.01737086	-1.525941E-012	-1.029373E-012	0	0.000000E+000
5	23.01882357	-1.070653E-012	-1.513722E-012	-1	0.000000E+000
5	23.16325774	-1.538622E-012	-1.070006E-012	0	0.000000E+000
5	23.16659216	-1.053494E-012	-1.570983E-012	-1	0.000000E+000
5	23.28959194	-1.559812E-012	-1.064847E-012	0	0.000000E+000
5	23.29012168	-1.064847E-012	-1.608717E-012	-1	0.000000E+000
5	23.85686245	-1.718646E-012	-1.136705E-012	0	0.000000E+000
5	23.86243289	-1.129167E-012	-1.693436E-012	-1	0.000000E+000
5	23.86894979	-1.632411E-012	-1.067377E-012	0	0.000000E+000
5	23.86937989	-1.067377E-012	-1.628505E-012	-1	0.000000E+000
5	23.90379557	-1.574672E-012	-1.079490E-012	0	0.000000E+000
5	23.91329834	-1.111072E-012	-1.712088E-012	-1	0.000000E+000
5	23.91467364	-1.712088E-012	-1.091978E-012	0	0.000000E+000
5	23.93798531	-1.176019E-012	-1.656850E-012	-1	0.000000E+000
5	24.05422107	-1.644214E-012	-1.203250E-012	0	0.000000E+000
5	24.05494435	-1.203250E-012	-1.724051E-012	-1	0.000000E+000
5	24.10797003	-1.537844E-012	-1.046841E-012	0	0.000000E+000
5	24.11157295	-1.104632E-012	-1.624512E-012	-1	0.000000E+000
5	24.20069710	-1.624512E-012	-1.122594E-012	0	0.000000E+000
5	24.20221562	-1.139106E-012	-1.581650E-012	-1	0.000000E+000
5	24.25150031	-1.590553E-012	-1.119733E-012	0	0.000000E+000
5	24.25292872	-1.119733E-012	-1.675035E-012	-1	0.000000E+000
5	24.29544356	-1.686654E-012	-1.179230E-012	0	0.000000E+000
5	24.29576518	-1.179230E-012	-1.670737E-012	-1	0.000000E+000
5	24.34821442	-1.720821E-012	-1.225550E-012	0	0.000000E+000
5	24.34864277	-1.225550E-012	-1.678974E-012	-1	0.000000E+000
5	24.38912703	-1.680341E-012	-1.175077E-012	0	0.000000E+000
5	24.39070529	-1.175077E-012	-1.645844E-012	-1	0.000000E+000
5	24.41489511	-1.609254E-012	-1.085807E-012	0	0.000000E+000
5	24.41533117	-1.085807E-012	-1.626668E-012	-1	0.000000E+000
5	24.71879782	-1.603695E-012	-1.101016E-012	0	0.000000E+000
5	24.71950424	-1.101016E-012	-1.597898E-012	-1	0.000000E+000
5	24.97115728	-1.584414E-012	-1.061830E-012	0	0.000000E+000
5	24.97258754	-1.061830E-012	-1.661591E-012	-1	0.000000E+000
5	24.98421510	-1.726028E-012	-1.173967E-012	0	0.000000E+000
5	24.98533322	-1.178898E-012	-1.679678E-012	-1	0.000000E+000
5	25.09124683	-1.665594E-012	-1.179633E-012	0	0.000000E+000
5	25.09253117	-1.188877E-012	-1.659441E-012	-1	0.000000E+000
5	25.28321189	-1.598595E-012	-1.042093E-012	0	0.000000E+000
5	25.28461663	-1.042093E-012	-1.598707E-012	-1	0.000000E+000
5	25.55240406	-1.580495E-012	-1.082570E-012	0	0.000000E+000
5	25.55276353	-1.082570E-012	-1.538638E-012	-1	0.000000E+000
5	25.56936020	-1.570098E-012	-1.079930E-012	0	0.000000E+000
5	25.56966972	-1.079930E-012	-1.602416E-012	-1	0.000000E+000
5	25.69008141	-1.564693E-012	-1.061373E-012	0	0.000000E+000
5	25.69170594	-1.119165E-012	-1.616757E-012	-1	0.000000E+000
5	25.73891637	-1.556878E-012	-1.147941E-012	0	0.000000E+000
5	25.73984919	-1.147941E-012	-1.585822E-012	-1	0.000000E+000
5	26.14845641	-1.537083E-012	-1.091665E-012	0	0.000000E+000
5	26.14881253	-1.091665E-012	-1.629536E-012	-1	0.000000E+000
5	26.33955927	-1.605074E-012	-1.149270E-012	0	0.000000E+000
5	26.34145632	-1.149270E-012	-1.613104E-012	-1	0.000000E+000
5	26.46534025	-1.663081E-012	-1.153554E-012	0	0.000000E+000
5	26.46734698	-1.153554E-012	-1.625239E-012	-1	0.000000E+000
5	26.70114786	-1.589414E-012	-1.135561E-012	0	0.000000E+000
5	26.70191981	-1.135561E-012	-1.616339E-012	-1	0.000000E+000
5	26.90343999	-1.682609E-012	-1.162500E-012	0	0.000000E+000
5	26.90428836	-1.162500E-012	-1.681332E-012	-1	0.000000E+000
5	27.18532500	-1.681332E-012	-1.220175E-012	0	0.000000E+000
5	27.18655171	-1.212622E-012	-1.664930E-012	-1	0.000000E+000
5	27.79683057	-1.545369E-012	-1.017393E-012	0	0.000000E+000
5	27.79790403	-1.048313E-012	-1.569687E-012	-1	0.000000E+000
5	28.33723226	-1.657968E-012	-1.075640E-012	0	0.000000E+000
5	28.48662574	-1.141688E-012	-1.689253E-012	-1	0.000000E+000
5	28.50762829	-1.788457E-012	-1.081617E-012	0	0.000000E+000
5	28.50837590	-1.081617E-012	-1.664117E-012	-1	0.000000E+000
5	28.87229280	-1.583436E-012	-1.035807E-012	0	0.000000E+000
5	29.20670964	-1.168354E-012	-1.696120E-012	-1	0.000000E+000
5	29.21640573	-1.630722E-012	-1.150497E-012	0	0.000000E+000
5	29.21692500	-1.150497E-012	-1.693736E-012	-1	0.000000E+000
5	29.32164866	-1.654475E-012	-1.163475E-012	0	0.000000E+000
5	29.32218515	-1.163475E-012	-1.653171E-012	-1	0.000000E+000
5	29.38983644	-1.741478E-012	-1.072908E-012	0	0.000000E+000
5	29.39082235	-1.072908E-012	-1.700476E-012	-1	0.000000E+000
5	29.46094959	-1.701122E-012	-1.176247E-012	0	0.000000E+000
5	29.46266055	-1.259942E-012	-1.755372E-012	-1	0.000000E+000
5	29.51774671	-1.785742E-012	-1.158317E-012	0	0.000000E+000
5	29.51822509	-1.158317E-012	-1.653648E-012	-1	0.000000E+000
5	29.60007999	-1.643450E-012	-1.165793E-012	0	0.000000E+000
5	29.60081345	-1.165793E-012	-1.741855E-012	-1	0.000000E+000
5	29.73479267	-1.635145E-012	-1.154476E-012	0	0.000000E+000
5	29.73545594	-1.154476E-012	-1.708004E-012	-1	0.000000E+000
5	29.79043593	-1.587557E-012	-1.022093E-012	0	0.000000E+000
5	29.79225550	-1.022093E-012	-1.648429E-012	-1	0.000000E+000
5	30.05615190	-1.613124E-012	-9.581474E-013	0	0.000000E+000
5	30.05726728	-1.024644E-012	-1.598962E-012	-1	0.000000E+000
5	30.11306270	-1.620423E-012	-1.049437E-012	0	0.000000E+000
5	30.11357540	-1.049437E-012	-1.629833E-012	-1	0.000000E+000
5	30.21712071	-1.581614E-012	-1.051867E-012	0	0.000000E+000
5	30.57531006	-1.051867E-012	-1.710888E-012	-1	0.000000E+000
5	30.90031759	-1.734378E-012	-1.135230E-012	0	0.000000E+000
5	30.90086505	-1.135230E-012	-1.614238E-012	-1	0.000000E+000
5	30.99412034	-1.648595E-012	-1.085410E-012	0	0.000000E+000
5	31.06491852	-1.124607E-012	-1.687108E-012	-1	0.000000E+000
5	31.14331626	-1.646654E-012	-1.099323E-012	0	0.000000E+000
5	31.14394230	-1.099323E-012	-1.634465E-012	-1	0.000000E+000
5	31.15328063	-1.667046E-012	-1.145952E-012	0	0.000000E+000
5	31.15366805	-1.145952E-012	-1.607722E-012	-1	0.000000E+000
5	31.22551027	-1.599842E-012	-1.066350E-012	0	0.000000E+000
5	31.22636391	-1.066350E-012	-1.684692E-012	-1	0.000000E+000
5	31.34304551	-1.654560E-012	-1.155037E-012	0	0.000000E+000
5	31.34404930	-1.155037E-012	-1.695857E-012	-1	0.000000E+000
5	31.53966194	-1.647494E-012	-1.117797E-012	0	0.000000E+000
5	31.54335294	-1.126053E-012	-1.622581E-012	-1	0.000000E+000
5	31.66704347	-1.628808E-012	-1.080519E-012	0	0.000000E+000
5	31.90747500	-1.080519E-012	-1.620869E-012	-1	0.000000E+000
5	31.92834602	-1.579272E-012	-1.105287E-012	0	0.000000E+000
5	31.92882500	-1.105287E-012	-1.605737E-012	-1	0.000000E+000
5	32.09334543	-1.595544E-012	-1.077186E-012	0	0.000000E+000
5	32.35901901	-1.051746E-012	-1.600410E-012	-1	0.000000E+000
5	32.36905237	-1.589469E-012	-1.068413E-012	0	0.000000E+000
5	32.61874791	-1.068413E-012	-1.574110E-012	-1	0.000000E+000
5	32.62419765	-1.565115E-012	-1.049714E-012	0	0.000000E+000
5	32.62514967	-1.049714E-012	-1.641380E-012	-1	0.000000E+000
5	32.79235165	-1.543577E-012	-9.675666E-013	0	0.000000E+000
5	32.79328249	-9.675666E-013	-1.560200E-012	-1	0.000000E+000
5	32.87415559	-1.534684E-012	-1.089595E-012	0	0.000000E+000
5	32.92672500	-1.089595E-012	-1.632011E-012	-1	0.000000E+000
5	32.92950933	-1.632011E-012	-1.091737E-012	0	0.000000E+000
5	32.93049876	-1.091737E-012	-1.688913E-012	-1	0.000000E+000
5	33.00231064	-1.640874E-012	-1.150136E-012	0	0.000000E+000
5	33.00295554	-1.150136E-012	-1.650751E-012	-1	0.000000E+000
5	33.06019048	-1.579531E-012	-1.094248E-012	0	0.000000E+000
5	33.06139371	-1.176511E-012	-1.607551E-012	-1	0.000000E+000
5	33.06752066	-1.607551E-012	-1.147163E-012	0	0.000000E+000
5	33.45017893	-1.162584E-012	-1.691113E-012	-1	0.000000E+000
5	33.48450148	-1.531209E-012	-1.066630E-012	0	0.000000E+000
5	33.48520909	-1.066630E-012	-1.608405E-012	-1	0.000000E+000
5	33.50682936	-1.602075E-012	-1.100713E-012	0	0.000000E+000
5	33.50732500	-1.100713E-012	-1.583360E-012	-1	0.000000E+000
5	33.62426276	-1.601769E-012	-1.091948E-012	0	0.000000E+000
5	33.72757500	-1.091948E-012	-1.599617E-012	-1	0.000000E+000
5	33.77815984	-1.586723E-012	-1.141466E-012	0	0.000000E+000
5	33.98328943	-1.141466E-012	-1.612525E-012	-1	0.000000E+000
5	34.12582544	-1.653836E-012	-1.165901E-012	0	0.000000E+000
5	34.12693089	-1.165901E-012	-1.686019E-012	-1	0.000000E+000
5	34.24265302	-1.705511E-012	-1.032327E-012	0	0.000000E+000
5	34.24360125	-1.032327E-012	-1.665892E-012	-1	0.000000E+000
5	34.42518024	-1.566096E-012	-1.045878E-012	0	0.000000E+000
5	34.61824333	-1.045878E-012	-1.629555E-012	-1	0.000000E+000
5	34.66319814	-1.677746E-012	-1.097739E-012	0	0.000000E+000
5	34.66366821	-1.097739E-012	-1.543242E-012	-1	0.000000E+000
5	34.67102727	-1.583775E-012	-1.051660E-012	0	0.000000E+000
5	34.67335310	-1.051660E-012	-1.577951E-012	-1	0.000000E+000
5	34.83679899	-1.588253E-012	-1.134537E-012	0	0.000000E+000
5	34.83757145	-1.134537E-012	-1.609579E-012	-1	0.000000E+000
5	34.85736534	-1.608733E-012	-1.112573E-012	0	0.000000E+000
5	35.46820718	-1.112573E-012	-1.634196E-012	-1	0.000000E+000
5	35.49054940	-1.584744E-012	-1.126355E-012	0	0.000000E+000
5	35.49088358	-1.126355E-012	-1.596678E-012	-1	0.000000E+000
5	35.68568953	-1.632875E-012	-1.180058E-012	0	0.000000E+000
5	35.72797421	-1.180058E-012	-1.661714E-012	-1	0.000000E+000
5	35.74672218	-1.650112E-012	-1.234460E-012	0	0.000000E+000
5	35.74754696	-1.234460E-012	-1.709248E-012	-1	0.000000E+000
5	35.79470503	-1.612550E-012	-1.169080E-012	0	0.000000E+000
5	35.95589750	-1.157155E-012	-1.677817E-012	-1	0.000000E+000
5	35.95708221	-1.648746E-012	-1.194155E-012	0	0.000000E+000
5	35.95762500	-1.194155E-012	-1.750455E-012	-1	0.000000E+000
5	36.00011361	-1.659639E-012	-1.061106E-012	0	0.000000E+000
5	36.00098591	-1.061106E-012	-1.614361E-012	-1	0.000000E+000
5	36.24337410	-1.616050E-012	-1.104063E-012	0	0.000000E+000
5	36.24392363	-1.104063E-012	-1.595829E-012	-1	0.000000E+000
5	36.43692538	-1.676881E-012	-1.160878E-012	0	0.000000E+000
5	36.52063314	-1.205221E-012	-1.673305E-012	-1	0.000000E+000
5	36.58702937	-1.592820E-012	-1.087295E-012	0	0.000000E+000
5	36.58777005	-1.087295E-012	-1.571959E-012	-1	0.000000E+000
5	36.97742026	-1.657213E-012	-1.099680E-012	0	0.000000E+000
5	36.97809558	-1.099680E-012	-1.575466E-012	-1	0.000000E+000
5	37.00301885	-1.611677E-012	-1.146478E-012	0	0.000000E+000
5	37.13627244	-1.146478E-012	-1.600331E-012	-1	0.000000E+000
5	37.17258239	-1.600331E-012	-1.098066E-012	0	0.000000E+000
5	37.17310611	-1.098066E-012	-1.663541E-012	-1	0.000000E+000
5	37.23270221	-1.594051E-012	-1.149622E-012	0	0.000000E+000
5	37.33903884	-1.075318E-012	-1.562526E-012	-1	0.000000E+000
5	37.46381861	-1.635798E-012	-1.074358E-012	0	0.000000E+000
5	37.46426925	-1.074358E-012	-1.549682E-012	-1	0.000000E+000
5	37.49165826	-1.600071E-012	-1.125429E-012	0	0.000000E+000
5	37.49560744	-1.141314E-012	-1.606589E-012	-1	0.000000E+000
5	37.51388085	-1.575441E-012	-1.130001E-012	0	0.000000E+000
5	37.51728307	-1.130001E-012	-1.619373E-012	-1	0.000000E+000
5	37.52344436	-1.627639E-012	-1.060793E-012	0	0.000000E+000
5	37.52389114	-1.060793E-012	-1.557932E-012	-1	0.000000E+000
5	37.52933727	-1.602071E-012	-1.070777E-012	0	0.000000E+000
5	37.52974624	-1.070777E-012	-1.586387E-012	-1	0.000000E+000
5	37.57073949	-1.597666E-012	-1.120851E-012	0	0.000000E+000
5	37.57420033	-1.120851E-012	-1.641057E-012	-1	0.000000E+000
5	37.86771702	-1.732252E-012	-1.165871E-012	0	0.000000E+000
5	37.86837841	-1.165871E-012	-1.636103E-012	-1	0.000000E+000
5	37.90836588	-1.692473E-012	-1.111714E-012	0	0.000000E+000
5	37.90965307	-1.111714E-012	-1.639579E-012	-1	0.000000E+000
5	37.95448130	-1.730800E-012	-1.121616E-012	0	0.000000E+000
5	38.37815150	-1.114697E-012	-1.553614E-012	-1	0.000000E+000
5	38.38140354	-1.553614E-012	-1.055062E-012	0	0.000000E+000
5	38.44944272	-1.118809E-012	-1.523348E-012	-1	0.000000E+000
5	38.45214385	-1.514146E-012	-1.060466E-012	0	0.000000E+000
5	38.46638195	-1.060466E-012	-1.550973E-012	-1	0.000000E+000
5	38.47002260	-1.488926E-012	-1.096659E-012	0	0.000000E+000
5	38.51236968	-1.070669E-012	-1.576696E-012	-1	0.000000E+000
5	38.63244455	-1.642604E-012	-1.176618E-012	0	0.000000E+000
5	38.71199097	-1.176618E-012	-1.668748E-012	-1	0.000000E+000
5	38.78033642	-1.694230E-012	-1.182483E-012	0	0.000000E+000
5	38.78092771	-1.182483E-012	-1.646935E-012	-1	0.000000E+000
5	38.84552553	-1.617836E-012	-1.176618E-012	0	0.000000E+000
5	38.84598847	-1.176618E-012	-1.654842E-012	-1	0.000000E+000
5	38.92324099	-1.654842E-012	-1.159139E-012	0	0.000000E+000
5	38.92374380	-1.159139E-012	-1.621803E-012	-1	0.000000E+000
5	39.06091465	-1.645322E-012	-1.170537E-012	0	0.000000E+000
5	39.33718777	-1.177944E-012	-1.621875E-012	-1	0.000000E+000
5	39.33858732	-1.621875E-012	-1.122222E-012	0	0.000000E+000
5	39.33929699	-1.122222E-012	-1.727291E-012	-1	0.000000E+000
5	39.35231588	-1.639479E-012	-1.230936E-012	0	0.000000E+000
5	39.35377520	-1.230936E-012	-1.705619E-012	-1	0.000000E+000
5	39.49390253	-1.705619E-012	-1.174710E-012	0	0.000000E+000
5	39.49439428	-1.174710E-012	-1.726605E-012	-1	0.000000E+000
5	39.84057433	-1.624944E-012	-1.126435E-012	0	0.000000E+000
5	39.84105000	-1.126435E-012	-1.628135E-012	-1	0.000000E+000
5	39.95965707	-1.595618E-012	-1.194701E-012	0	0.000000E+000
5	39.96044719	-1.194701E-012	-1.714405E-012	-1	0.000000E+000
5	39.97138055	-1.694929E-012	-1.131885E-012	0	0.000000E+000
5	40.02160251	-1.151572E-012	-1.729393E-012	-1	0.000000E+000
5	40.02233400	-1.729393E-012	-1.171418E-012	0	0.000000E+000
5	40.13896368	-1.108447E-012	-1.650512E-012	-1	0.000000E+000
5	40.13936757	-1.650512E-012	-1.153311E-012	0	0.000000E+000
5	40.57419225	-1.174635E-012	-1.798823E-012	-1	0.000000E+000
5	40.57478991	-1.798823E-012	-1.117355E-012	0	0.000000E+000
5	40.75885705	-1.132982E-012	-1.680230E-012	-1	0.000000E+000
5	40.75921436	-1.680230E-012	-1.175548E-012	0	0.000000E+000
5	41.06696125	-1.083055E-012	-1.642705E-012	-1	0.000000E+000
5	41.06738071	-1.642705E-012	-1.143658E-012	0	0.000000E+000
5	41.38241993	-1.124172E-012	-1.567906E-012	-1	0.000000E+000
5	41.38396933	-1.536533E-012	-1.049563E-012	0	0.000000E+000
5	41.41825158	-1.138736E-012	-1.676998E-012	-1	0.000000E+000
5	41.43101706	-1.639424E-012	-1.154488E-012	0	0.000000E+000
5	41.43152500	-1.154488E-012	-1.630076E-012	-1	0.000000E+000
5	41.48806427	-1.672417E-012	-1.151248E-012	0	0.000000E+000
5	41.49207500	-1.151248E-012	-1.617004E-012	-1	0.000000E+000
5	41.57070684	-1.734175E-012	-1.167905E-012	0	0.000000E+000
5	41.57125000	-1.167905E-012	-1.732376E-012	-1	0.000000E+000
5	42.00953096	-1.669266E-012	-1.158479E-012	0	0.000000E+000
5	42.02815256	-1.158479E-012	-1.752866E-012	-1	0.000000E+000
5	42.05183673	-1.641087E-012	-1.175184E-012	0	0.000000E+000
5	42.05293867	-1.175184E-012	-1.738068E-012	-1	0.000000E+000
5	42.31351037	-1.620196E-012	-1.064599E-012	0	0.000000E+000
5	42.31391798	-1.064599E-012	-1.618337E-012	-1	0.000000E+000
5	42.46722616	-1.629172E-012	-1.084843E-012	0	0.000000E+000
5	42.62329269	-1.093651E-012	-1.583892E-012	-1	0.000000E+000
5	42.92262680	-1.606199E-012	-1.150737E-012	0	0.000000E+000
5	42.92343911	-1.150737E-012	-1.586644E-012	-1	0.000000E+000
5	43.19310027	-1.547846E-012	-1.034595E-012	0	0.000000E+000
5	43.19369416	-1.034595E-012	-1.597758E-012	-1	0.000000E+000
5	43.23981493	-1.720033E-012	-1.031156E-012	0	0.000000E+000
5	43.24076862	-1.031156E-012	-1.669900E-012	-1	0.000000E+000
5	43.30179765	-1.614581E-012	-1.101371E-012	0	0.000000E+000
5	43.62948623	-1.063896E-012	-1.584156E-012	-1	0.000000E+000
5	43.96679720	-1.667328E-012	-1.128650E-012	0	0.000000E+000
5	44.14506566	-1.128650E-012	-1.587560E-012	-1	0.000000E+000
5	44.15353632	-1.566420E-012	-1.143616E-012	0	0.000000E+000
5	44.15382332	-1.143616E-012	-1.586396E-012	-1	0.000000E+000
5	44.19090934	-1.633632E-012	-1.177494E-012	0	0.000000E+000
5	44.19114874	-1.177494E-012	-1.594940E-012	-1	0.000000E+000
5	44.23774240	-1.582812E-012	-1.083465E-012	0	0.000000E+000
5	44.55658925	-1.132171E-012	-1.659453E-012	-1	0.000000E+000
5	44.76540000	-1.659453E-012	-1.167100E-012	0	0.000000E+000
5	44.76558058	-1.167100E-012	-1.598844E-012	-1	0.000000E+000
5	44.85704374	-1.655909E-012	-1.020047E-012	0	0.000000E+000
5	44.85755000	-1.020047E-012	-1.602981E-012	-1	0.000000E+000
5	44.89147575	-1.675788E-012	-1.156361E-012	0	0.000000E+000
5	44.92175000	-1.156361E-012	-1.675788E-012	-1	0.000000E+000
5	44.92383972	-1.675788E-012	-1.156361E-012	0	0.000000E+000
5	44.92425504	-1.156361E-012	-1.642015E-012	-1	0.000000E+000
5	44.99172553	-1.778137E-012	-1.170405E-012	0	0.000000E+000
5	44.99474578	-1.170405E-012	-1.748900E-012	-1	0.000000E+000
5	45.05270539	-1.613170E-012	-9.569700E-013	0	0.000000E+000
5	45.05353460	-9.569700E-013	-1.630174E-012	-1	0.000000E+000
5	45.07488491	-1.738063E-012	-1.103242E-012	0	0.000000E+000
5	45.07532411	-1.103242E-012	-1.662244E-012	-1	0.000000E+000
5	45.20633522	-1.626827E-012	-1.107498E-012	0	0.000000E+000
5	45.20682500	-1.107498E-012	-1.629898E-012	-1	0.000000E+000
5	45.21577805	-1.602293E-012	-1.149610E-012	0	0.000000E+000
5	45.21880864	-1.149610E-012	-1.692282E-012	-1	0.000000E+000
5	45.27756599	-1.692282E-012	-1.213404E-012	0	0.000000E+000
5	45.30426104	-1.219618E-012	-1.775980E-012	-1	0.000000E+000
5	45.32050647	-1.651275E-012	-1.169862E-012	0	0.000000E+000
5	45.32084285	-1.169862E-012	-1.671325E-012	-1	0.000000E+000
5	45.32774445	-1.725157E-012	-1.217753E-012	0	0.000000E+000
5	45.51448030	-1.141045E-012	-1.693868E-012	-1	0.000000E+000
5	45.61490894	-1.650622E-012	-1.115414E-012	0	0.000000E+000
5	46.01912478	-1.131807E-012	-1.638901E-012	-1	0.000000E+000
5	46.09931508	-1.574540E-012	-1.109354E-012	0	0.000000E+000
5	46.10057120	-1.109354E-012	-1.628854E-012	-1	0.000000E+000
5	46.12547329	-1.628854E-012	-1.133605E-012	0	0.000000E+000
5	46.19218353	-1.133605E-012	-1.675100E-012	-1	0.000000E+000
5	46.37789847	-1.825242E-012	-1.249091E-012	0	0.000000E+000
5	46.37857379	-1.249091E-012	-1.685697E-012	-1	0.000000E+000
5	46.56067077	-1.628808E-012	-1.075873E-012	0	0.000000E+000
5	46.56364785	-1.075873E-012	-1.622316E-012	-1	0.000000E+000
5	46.67010340	-1.628512E-012	-1.168770E-012	0	0.000000E+000
5	46.67062500	-1.168770E-012	-1.631767E-012	-1	0.000000E+000
5	46.74474591	-1.627330E-012	-1.138677E-012	0	0.000000E+000
5	46.74611792	-1.122248E-012	-1.668866E-012	-1	0.000000E+000
5	46.81671480	-1.625382E-012	-1.074282E-012	0	0.000000E+000
5	47.07199813	-1.074282E-012	-1.690392E-012	-1	0.000000E+000
5	47.11767186	-1.638835E-012	-1.225262E-012	0	0.000000E+000
5	47.11935377	-1.286647E-012	-1.712031E-012	-1	0.000000E+000
5	47.12171423	-1.712031E-012	-1.148910E-012	0	0.000000E+000
5	47.12470861	-1.148910E-012	-1.744664E-012	-1	0.000000E+000
5	47.12590261	-1.572169E-012	-1.162765E-012	0	0.000000E+000
5	47.12650341	-1.162765E-012	-1.696610E-012	-1	0.000000E+000
5	47.13597898	-1.745750E-012	-1.203781E-012	0	0.000000E+000
5	47.13646236	-1.203781E-012	-1.739360E-012	-1	0.000000E+000
5	47.16060114	-1.772359E-012	-1.179798E-012	0	0.000000E+000
5	47.16174828	-1.179798E-012	-1.683610E-012	-1	0.000000E+000
5	47.30372515	-1.715656E-012	-1.132561E-012	0	0.000000E+000
5	47.30655933	-1.132561E-012	-1.652688E-012	-1	0.000000E+000
5	47.32870685	-1.742292E-012	-1.220039E-012	0	0.000000E+000
5	47.32931050	-1.220039E-012	-1.735933E-012	-1	0.000000E+000
5	47.51306343	-1.771613E-012	-1.266128E-012	0	0.000000E+000
5	47.51546873	-1.266095E-012	-1.742875E-012	-1	0.000000E+000
5	47.53820872	-1.715679E-012	-9.581159E-013	0	0.000000E+000
5	47.54158486	-9.581159E-013	-1.530628E-012	-1	0.000000E+000
5	47.78153274	-1.706151E-012	-1.089950E-012	0	0.000000E+000
5	47.78396263	-1.089950E-012	-1.592903E-012	-1	0.000000E+000
5	47.80579200	-1.609142E-012	-1.114457E-012	0	0.000000E+000
5	48.95308154	-1.150987E-012	-1.684089E-012	-1	0.000000E+000
5	49.01919375	-1.640117E-012	-1.112273E-012	0	0.000000E+000
5	49.02260163	-1.111664E-012	-1.649666E-012	-1	0.000000E+000
5	49.07278305	-1.687560E-012	-1.186982E-012	0	0.000000E+000
5	49.11529209	-1.183355E-012	-1.720042E-012	-1	0.000000E+000
5	49.15365195	-1.644622E-012	-1.157509E-012	0	0.000000E+000
5	49.15417500	-1.157509E-012	-1.724254E-012	-1	0.000000E+000
5	49.35905000	-1.724254E-012	-1.223499E-012	0	0.000000E+000
5	49.36038192	-1.223499E-012	-1.746231E-012	-1	0.000000E+000
5	49.52527792	-1.678854E-012	-1.201299E-012	0	0.000000E+000
5	49.52563525	-1.201299E-012	-1.703213E-012	-1	0.000000E+000
5	49.57014237	-1.646575E-012	-1.153339E-012	0	0.000000E+000
5	49.96453994	-1.075018E-012	-1.671326E-012	-1	0.000000E+000
5	50.00969313	-1.689534E-012	-1.160568E-012	0	0.000000E+000
5	50.01059707	-1.160568E-012	-1.689408E-012	-1	0.000000E+000
5	50.04302131	-1.711951E-012	-1.115294E-012	0	0.000000E+000
5	50.24825530	-1.103630E-012	-1.654035E-012	-1	0.000000E+000
5	50.31783100	-1.643687E-012	-1.093790E-012	0	0.000000E+000
5	50.33630916	-1.093790E-012	-1.667544E-012	-1	0.000000E+000
5	50.47012254	-1.663518E-012	-1.134236E-012	0	0.000000E+000
5	50.47296556	-1.141430E-012	-1.625400E-012	-1	0.000000E+000
5	50.51209567	-1.660084E-012	-1.144500E-012	0	0.000000E+000
5	50.51256278	-1.144500E-012	-1.700231E-012	-1	0.000000E+000
5	50.59989983	-1.691916E-012	-1.120235E-012	0	0.000000E+000
5	50.68970009	-1.120235E-012	-1.647798E-012	-1	0.000000E+000
5	50.69815854	-1.636738E-012	-1.103992E-012	0	0.000000E+000
5	50.73450000	-1.103992E-012	-1.698846E-012	-1	0.000000E+000
5	50.76960242	-1.721260E-012	-1.156953E-012	0	0.000000E+000
5	50.77064686	-1.156953E-012	-1.759320E-012	-1	0.000000E+000
5	50.77455191	-1.764699E-012	-1.254899E-012	0	0.000000E+000
5	50.77485604	-1.254899E-012	-1.727036E-012	-1	0.000000E+000
5	50.80046817	-1.725729E-012	-1.202425E-012	0	0.000000E+000
5	50.80097500	-1.202425E-012	-1.742752E-012	-1	0.000000E+000
5	50.88042956	-1.678866E-012	-1.123830E-012	0	0.000000E+000
5	50.88172832	-1.166802E-012	-1.639339E-012	-1	0.000000E+000
5	50.89094909	-1.694699E-012	-1.174662E-012	0	0.000000E+000
5	50.93275494	-1.174662E-012	-1.657670E-012	-1	0.000000E+000
5	51.00765690	-1.608265E-012	-1.109864E-012	0	0.000000E+000
5	51.00860045	-1.109864E-012	-1.663476E-012	-1	0.000000E+000
5	51.02114826	-1.709040E-012	-1.222686E-012	0	0.000000E+000
5	51.02222160	-1.258636E-012	-1.774167E-012	-1	0.000000E+000
5	51.13986606	-1.609969E-012	-1.222686E-012	0	0.000000E+000
5	51.14063364	-1.222686E-012	-1.713679E-012	-1	0.000000E+000
5	51.18482989	-1.713679E-012	-1.186088E-012	0	0.000000E+000
5	51.18515772	-1.186088E-012	-1.661604E-012	-1	0.000000E+000
5	51.20063086	-1.724599E-012	-1.199491E-012	0	0.000000E+000
5	51.20115000	-1.199491E-012	-1.731602E-012	-1	0.000000E+000
5	51.28972227	-1.641192E-012	-1.169203E-012	0	0.000000E+000
5	51.29026686	-1.169203E-012	-1.678183E-012	-1	0.000000E+000
5	51.31519566	-1.664777E-012	-1.144392E-012	0	0.000000E+000
5	51.31564756	-1.144392E-012	-1.681094E-012	-1	0.000000E+000
5	51.32832351	-1.722922E-012	-1.188909E-012	0	0.000000E+000
5	51.32867152	-1.188909E-012	-1.645344E-012	-1	0.000000E+000
5	51.32942548	-1.645344E-012	-1.222858E-012	0	0.000000E+000
5	51.32968151	-1.222858E-012	-1.670111E-012	-1	0.000000E+000
5	51.48698338	-1.633817E-012	-1.130420E-012	0	0.000000E+000
5	51.82908805	-1.130420E-012	-1.703276E-012	-1	0.000000E+000
5	51.83461053	-1.703276E-012	-1.128372E-012	0	0.000000E+000
5	53.83796769	-1.128372E-012	-1.752738E-012	-1	0.000000E+000
5	53.83997128	-1.689454E-012	-1.178655E-012	0	0.000000E+000
5	59.82785964	-1.116196E-012	-1.738921E-012	-1	0.000000E+000
5	59.84058551	-1.646006E-012	-1.201209E-012	0	0.000000E+000
5	59.84093103	-1.201209E-012	-1.623056E-012	-1	0.000000E+000
5	60.31672033	-1.633589E-012	-1.160618E-012	0	0.000000E+000
5	60.31734550	-1.160618E-012	-1.695735E-012	-1	0.000000E+000
5	60.47818903	-1.614029E-012	-1.174726E-012	0	0.000000E+000
5	60.47872500	-1.174726E-012	-1.683240E-012	-1	0.000000E+000
5	60.56789750	-1.789134E-012	-1.109237E-012	0	0.000000E+000
5	60.56994751	-1.109237E-012	-1.754583E-012	-1	0.000000E+000
5	60.68106203	-1.592959E-012	-1.101626E-012	0	0.000000E+000
5	60.68215953	-1.101626E-012	-1.588876E-012	-1	0.000000E+000
5	60.75007271	-1.651002E-012	-1.080103E-012	0	0.000000E+000
5	60.75280645	-1.080103E-012	-1.592691E-012	-1	0.000000E+000
5	60.95636542	-1.628330E-012	-1.063105E-012	0	0.000000E+000
5	60.95693354	-1.063105E-012	-1.668883E-012	-1	0.000000E+000
5	61.03058807	-1.729768E-012	-1.184125E-012	0	0.000000E+000
5	61.03606908	-1.172790E-012	-1.682093E-012	-1	0.000000E+000
5	61.09980433	-1.714078E-012	-1.138311E-012	0	0.000000E+000
5	61.10068592	-1.138311E-012	-1.701172E-012	-1	0.000000E+000
5	61.12345250	-1.634561E-012	-1.114962E-012	0	0.000000E+000
5	61.12437270	-1.114962E-012	-1.718673E-012	-1	0.000000E+000
5	61.35686781	-1.771106E-012	-1.227960E-012	0	0.000000E+000
5	61.35735000	-1.227960E-012	-1.725547E-012	-1	0.000000E+000
5	61.37104506	-1.733286E-012	-1.123591E-012	0	0.000000E+000
5	61.37214074	-1.123591E-012	-1.721653E-012	-1	0.000000E+000
5	61.70041043	-1.689091E-012	-1.150505E-012	0	0.000000E+000
5	61.70109531	-1.150505E-012	-1.701312E-012	-1	0.000000E+000
5	61.81847003	-1.630710E-012	-1.188579E-012	0	0.000000E+000
5	61.81891841	-1.188579E-012	-1.677753E-012	-1	0.000000E+000
5	61.88688494	-1.678915E-012	-1.181762E-012	0	0.000000E+000
5	61.88730686	-1.181762E-012	-1.663994E-012	-1	0.000000E+000
5	61.94492310	-1.754331E-012	-1.222134E-012	0	0.000000E+000
5	61.94554219	-1.222134E-012	-1.732181E-012	-1	0.000000E+000
5	62.02954596	-1.677639E-012	-1.201270E-012	0	0.000000E+000
5	62.03088801	-1.201270E-012	-1.708599E-012	-1	0.000000E+000
5	62.10000354	-1.680540E-012	-1.154416E-012	0	0.000000E+000
5	62.10071547	-1.154416E-012	-1.687855E-012	-1	0.000000E+000
5	62.14368051	-1.646325E-012	-1.154185E-012	0	0.000000E+000
5	62.14451561	-1.154185E-012	-1.742362E-012	-1	0.000000E+000
5	62.66779390	-1.605074E-012	-1.101273E-012	0	0.000000E+000
5	62.66873393	-1.101273E-012	-1.537754E-012	-1	0.000000E+000
5	62.72719185	-1.652923E-012	-1.215717E-012	0	0.000000E+000
5	62.73085980	-1.207379E-012	-1.720170E-012	-1	0.000000E+000
5	62.74770318	-1.667275E-012	-1.144062E-012	0	0.000000E+000
5	62.74836791	-1.144062E-012	-1.705621E-012	-1	0.000000E+000
5	62.81717177	-1.628155E-012	-1.100133E-012	0	0.000000E+000
5	62.81917718	-1.100133E-012	-1.668378E-012	-1	0.000000E+000
5	62.87824001	-1.699625E-012	-1.188796E-012	0	0.000000E+000
5	62.87894190	-1.188796E-012	-1.704387E-012	-1	0.000000E+000
5	62.90923467	-1.613161E-012	-1.086164E-012	0	0.000000E+000
5	62.90967995	-1.086164E-012	-1.650070E-012	-1	0.000000E+000
5	62.94413049	-1.749839E-012	-1.168074E-012	0	0.000000E+000
5	62.94465000	-1.168074E-012	-1.632372E-012	-1	0.000000E+000
5	63.33292845	-1.685405E-012	-1.141971E-012	0	0.000000E+000
5	63.33327989	-1.141971E-012	-1.744276E-012	-1	0.000000E+000
5	63.50597079	-1.628086E-012	-1.156237E-012	0	0.000000E+000
5	63.50637921	-1.156237E-012	-1.698268E-012	-1	0.000000E+000
5	63.60297248	-1.636678E-012	-1.086010E-012	0	0.000000E+000
5	63.60431582	-1.110778E-012	-1.639982E-012	-1	0.000000E+000
5	63.68166913	-1.674822E-012	-1.185849E-012	0	0.000000E+000
5	63.68335557	-1.185849E-012	-1.728891E-012	-1	0.000000E+000
5	63.81630075	-1.723577E-012	-1.272102E-012	0	0.000000E+000
5	63.81693968	-1.272102E-012	-1.774479E-012	-1	0.000000E+000
5	63.96452992	-1.716897E-012	-1.107440E-012	0	0.000000E+000
5	63.96530425	-1.107440E-012	-1.732094E-012	-1	0.000000E+000
5	64.00582500	-1.732094E-012	-1.174386E-012	0	0.000000E+000
5	64.00742161	-1.124851E-012	-1.624285E-012	-1	0.000000E+000
5	64.02173626	-1.641181E-012	-1.144074E-012	0	0.000000E+000
5	64.02219911	-1.144074E-012	-1.652333E-012	-1	0.000000E+000
5	64.10145009	-1.637966E-012	-1.176735E-012	0	0.000000E+000
5	64.10185824	-1.176735E-012	-1.766007E-012	-1	0.000000E+000
5	64.26362684	-1.659058E-012	-1.085483E-012	0	0.000000E+000
5	64.26423841	-1.085483E-012	-1.749128E-012	-1	0.000000E+000
5	64.38924996	-1.612420E-012	-1.156226E-012	0	0.000000E+000
5	64.38972500	-1.156226E-012	-1.622234E-012	-1	0.000000E+000
5	64.49982866	-1.633087E-012	-1.083051E-012	0	0.000000E+000
5	64.50032987	-1.083051E-012	-1.581028E-012	-1	0.000000E+000
5	64.61621551	-1.581028E-012	-1.114287E-012	0	0.000000E+000
5	64.61772292	-1.114287E-012	-1.613428E-012	-1	0.000000E+000
5	64.64818319	-1.637774E-012	-1.074462E-012	0	0.000000E+000
5	64.64865883	-1.074462E-012	-1.690665E-012	-1	0.000000E+000
5	64.69644060	-1.689064E-012	-1.250620E-012	0	0.000000E+000
5	64.69713102	-1.250620E-012	-1.810661E-012	-1	0.000000E+000
5	64.75737160	-1.638606E-012	-1.216607E-012	0	0.000000E+000
5	64.75819428	-1.216607E-012	-1.716551E-012	-1	0.000000E+000
5	64.83772404	-1.716551E-012	-1.217497E-012	0	0.000000E+000
5	64.83820472	-1.217497E-012	-1.695491E-012	-1	0.000000E+000
5	64.88455477	-1.692488E-012	-1.191998E-012	0	0.000000E+000
5	64.88532424	-1.191998E-012	-1.627278E-012	-1	0.000000E+000
5	65.19112725	-1.660443E-012	-1.216239E-012	0	0.000000E+000
5	65.19165827	-1.216239E-012	-1.628938E-012	-1	0.000000E+000
5	65.24646855	-1.684366E-012	-1.053944E-012	0	0.000000E+000
5	65.24702733	-1.053944E-012	-1.619914E-012	-1	0.000000E+000
5	65.31299583	-1.623761E-012	-1.170494E-012	0	0.000000E+000
5	65.31350000	-1.170494E-012	-1.614819E-012	-1	0.000000E+000
5	65.52376030	-1.789820E-012	-1.049303E-012	0	0.000000E+000
5	65.52458517	-1.049303E-012	-1.708657E-012	-1	0.000000E+000
5	65.52535065	-1.708657E-012	-1.049303E-012	0	0.000000E+000
5	65.52607943	-1.049303E-012	-1.751723E-012	-1	0.000000E+000
5	65.52869997	-1.751723E-012	-1.242208E-012	0	0.000000E+000
5	65.52907064	-1.242208E-012	-1.748137E-012	-1	0.000000E+000
5	65.57152768	-1.655292E-012	-1.201424E-012	0	0.000000E+000
5	65.57216097	-1.201424E-012	-1.627187E-012	-1	0.000000E+000
5	65.81780992	-1.792141E-012	-1.167203E-012	0	0.000000E+000
5	65.81880625	-1.167203E-012	-1.710377E-012	-1	0.000000E+000
5	65.84975659	-1.855569E-012	-1.306579E-012	0	0.000000E+000
5	65.85249275	-1.368469E-012	-1.876965E-012	-1	0.000000E+000
5	66.18696637	-1.746145E-012	-1.244106E-012	0	0.000000E+000
5	66.19076481	-1.257186E-012	-1.783683E-012	-1	0.000000E+000
5	66.25374067	-1.671750E-012	-1.072321E-012	0	0.000000E+000
5	66.25431894	-1.072321E-012	-1.731714E-012	-1	0.000000E+000
5	66.32893989	-1.842537E-012	-1.298532E-012	0	0.000000E+000
5	66.32943135	-1.298532E-012	-1.722394E-012	-1	0.000000E+000
5	66.41871291	-1.650981E-012	-1.157837E-012	0	0.000000E+000
5	66.41925000	-1.157837E-012	-1.663625E-012	-1	0.000000E+000
5	66.46991931	-1.663625E-012	-1.160056E-012	0	0.000000E+000
5	66.47075239	-1.160056E-012	-1.662366E-012	-1	0.000000E+000
5	66.78847613	-1.634451E-012	-1.163881E-012	0	0.000000E+000
5	66.78935931	-1.163881E-012	-1.627359E-012	-1	0.000000E+000
5	66.93525646	-1.620134E-012	-1.087900E-012	0	0.000000E+000
5	66.93565734	-1.087900E-012	-1.643561E-012	-1	0.000000E+000
5	66.94656750	-1.708539E-012	-1.075863E-012	0	0.000000E+000
5	66.94794549	-1.075863E-012	-1.717286E-012	-1	0.000000E+000
5	67.05725057	-1.749666E-012	-1.181048E-012	0	0.000000E+000
5	67.05786995	-1.181048E-012	-1.780076E-012	-1	0.000000E+000
5	67.08891379	-1.686846E-012	-1.123156E-012	0	0.000000E+000
5	67.08936013	-1.123156E-012	-1.683202E-012	-1	0.000000E+000
5	67.09888526	-1.641571E-012	-1.222044E-012	0	0.000000E+000
5	67.09935610	-1.222044E-012	-1.698670E-012	-1	0.000000E+000
5	67.39508515	-1.690808E-012	-1.192803E-012	0	0.000000E+000
5	67.39689932	-1.225826E-012	-1.682706E-012	-1	0.000000E+000
5	67.48598569	-1.705057E-012	-1.170127E-012	0	0.000000E+000
5	67.48668572	-1.170127E-012	-1.698484E-012	-1	0.000000E+000
5	67.56964264	-1.671060E-012	-1.019989E-012	0	0.000000E+000
5	67.57103755	-1.022994E-012	-1.667555E-012	-1	0.000000E+000
5	67.60768981	-1.657391E-012	-1.182936E-012	0	0.000000E+000
5	67.60809676	-1.182936E-012	-1.709295E-012	-1	0.000000E+000
5	67.70522938	-1.762155E-012	-1.241298E-012	0	0.000000E+000
5	67.70690634	-1.200018E-012	-1.693890E-012	-1	0.000000E+000
5	68.10218862	-1.785964E-012	-1.241240E-012	0	0.000000E+000
5	68.10618191	-1.241240E-012	-1.747247E-012	-1	0.000000E+000
5	68.11052469	-1.747247E-012	-1.145367E-012	0	0.000000E+000
5	68.11370787	-1.145367E-012	-1.726191E-012	-1	0.000000E+000
5	68.11942865	-1.598217E-012	-1.163766E-012	0	0.000000E+000
5	68.11995000	-1.163766E-012	-1.778053E-012	-1	0.000000E+000
5	68.12350028	-1.654214E-012	-1.120915E-012	0	0.000000E+000
5	68.12759958	-1.109138E-012	-1.610398E-012	-1	0.000000E+000
5	68.13716435	-1.560280E-012	-1.041292E-012	0	0.000000E+000
5	68.14177266	-1.041292E-012	-1.639791E-012	-1	0.000000E+000
5	68.25048689	-1.628098E-012	-1.099868E-012	0	0.000000E+000
5	68.25401729	-1.099868E-012	-1.643637E-012	-1	0.000000E+000
5	68.26099287	-1.714021E-012	-1.232391E-012	0	0.000000E+000
5	68.26225165	-1.232391E-012	-1.678822E-012	-1	0.000000E+000
5	68.27902920	-1.690608E-012	-1.188509E-012	0	0.000000E+000
5	68.27957500	-1.188509E-012	-1.761167E-012	-1	0.000000E+000
5	68.30612516	-1.761167E-012	-1.154685E-012	0	0.000000E+000
5	68.30660334	-1.154685E-012	-1.648963E-012	-1	0.000000E+000
5	68.31419536	-1.753109E-012	-1.227001E-012	0	0.000000E+000
5	68.31658825	-1.232892E-012	-1.793132E-012	-1	0.000000E+000
5	68.34737636	-1.693428E-012	-1.272686E-012	0	0.000000E+000
5	68.34863826	-1.340502E-012	-1.790231E-012	-1	0.000000E+000
5	68.41931534	-1.715927E-012	-1.197004E-012	0	0.000000E+000
5	68.42091259	-1.195810E-012	-1.761690E-012	-1	0.000000E+000
5	68.57635873	-1.698154E-012	-1.198415E-012	0	0.000000E+000
5	68.57717315	-1.198415E-012	-1.628059E-012	-1	0.000000E+000
5	68.58788510	-1.628059E-012	-1.206588E-012	0	0.000000E+000
5	68.58826317	-1.206588E-012	-1.682029E-012	-1	0.000000E+000
5	68.82315488	-1.620005E-012	-1.148236E-012	0	0.000000E+000
5	68.82385025	-1.148236E-012	-1.745018E-012	-1	0.000000E+000
5	68.83318833	-1.664105E-012	-1.137940E-012	0	0.000000E+000
5	68.83370474	-1.137940E-012	-1.737013E-012	-1	0.000000E+000
5	69.13912319	-1.724971E-012	-1.158874E-012	0	0.000000E+000
5	69.14296732	-1.142362E-012	-1.702820E-012	-1	0.000000E+000
5	69.22166641	-1.672735E-012	-1.211416E-012	0	0.000000E+000
5	69.22205796	-1.211416E-012	-1.756239E-012	-1	0.000000E+000
5	69.32444196	-1.914771E-012	-1.282999E-012	0	0.000000E+000
5	69.32472797	-1.282999E-012	-1.858432E-012	-1	0.000000E+000
5	69.41387831	-1.668607E-012	-1.151665E-012	0	0.000000E+000
5	69.41440236	-1.151665E-012	-1.703438E-012	-1	0.000000E+000
5	69.78456697	-1.685720E-012	-1.085588E-012	0	0.000000E+000
5	69.78683291	-1.085588E-012	-1.652210E-012	-1	0.000000E+000
5	69.86706904	-1.669056E-012	-1.142946E-012	0	0.000000E+000
5	69.86818856	-1.142946E-012	-1.668569E-012	-1	0.000000E+000
5	70.05313531	-1.724307E-012	-1.279127E-012	0	0.000000E+000
5	70.05466091	-1.267687E-012	-1.793581E-012	-1	0.000000E+000
5	70.09922711	-1.608724E-012	-1.163544E-012	0	0.000000E+000
5	70.09962052	-1.163544E-012	-1.639742E-012	-1	0.000000E+000
5	70.12299274	-1.751952E-012	-1.172728E-012	0	0.000000E+000
5	70.12350000	-1.172728E-012	-1.727040E-012	-1	0.000000E+000
5	70.15491123	-1.776404E-012	-1.226796E-012	0	0.000000E+000
5	70.15600424	-1.226796E-012	-1.741510E-012	-1	0.000000E+000
5	70.31610074	-1.686995E-012	-1.273767E-012	0	0.000000E+000
5	70.31778368	-1.263959E-012	-1.745299E-012	-1	0.000000E+000
5	70.41388682	-1.685687E-012	-1.266747E-012	0	0.000000E+000
5	70.41442663	-1.266747E-012	-1.777748E-012	-1	0.000000E+000
5	70.55881704	-1.777748E-012	-1.388346E-012	0	0.000000E+000
5	70.56050095	-1.368872E-012	-1.800847E-012	-1	0.000000E+000
5	70.60590062	-1.777447E-012	-1.325468E-012	0	0.000000E+000
5	70.60618957	-1.325468E-012	-1.795771E-012	-1	0.000000E+000
5	70.63985245	-1.745233E-012	-1.303221E-012	0	0.000000E+000
5	70.64037500	-1.303221E-012	-1.778139E-012	-1	0.000000E+000
5	70.67224347	-1.659147E-012	-1.239156E-012	0	0.000000E+000
5	70.67294980	-1.239156E-012	-1.670765E-012	-1	0.000000E+000
5	70.92863957	-1.670765E-012	-1.227324E-012	0	0.000000E+000
5	70.92941710	-1.227324E-012	-1.654990E-012	-1	0.000000E+000
5	70.95084541	-1.669713E-012	-1.217433E-012	0	0.000000E+000
5	70.95112231	-1.217433E-012	-1.651785E-012	-1	0.000000E+000
5	71.07433928	-1.635175E-012	-1.219703E-012	0	0.000000E+000
5	71.07485000	-1.219703E-012	-1.765504E-012	-1	0.000000E+000
5	71.07580402	-1.765504E-012	-1.248306E-012	0	0.000000E+000
5	71.07642155	-1.248306E-012	-1.711851E-012	-1	0.000000E+000
5	71.13382003	-1.521504E-012	-9.764874E-013	0	0.000000E+000
5	71.13501451	-9.764874E-013	-1.618490E-012	-1	0.000000E+000
5	71.18095723	-1.606372E-012	-1.131967E-012	0	0.000000E+000
5	71.18231885	-1.115455E-012	-1.595696E-012	-1	0.000000E+000
5	71.19463572	-1.711601E-012	-1.211615E-012	0	0.000000E+000
5	71.19594651	-1.197781E-012	-1.763229E-012	-1	0.000000E+000
5	71.23947713	-1.579506E-012	-1.120799E-012	0	0.000000E+000
5	71.23997005	-1.120799E-012	-1.607702E-012	-1	0.000000E+000
5	71.43661476	-1.654485E-012	-1.163241E-012	0	0.000000E+000
5	71.43737534	-1.163241E-012	-1.658528E-012	-1	0.000000E+000
5	71.59164946	-1.625917E-012	-1.174415E-012	0	0.000000E+000
5	71.59196889	-1.174415E-012	-1.611677E-012	-1	0.000000E+000
5	71.63498310	-1.694019E-012	-1.191671E-012	0	0.000000E+000
5	71.63522846	-1.191671E-012	-1.658001E-012	-1	0.000000E+000
5	71.84228617	-1.657376E-012	-1.178776E-012	0	0.000000E+000
5	71.84268263	-1.178776E-012	-1.626184E-012	-1	0.000000E+000
5	72.05106335	-1.669466E-012	-1.203215E-012	0	0.000000E+000
5	72.05348487	-1.203215E-012	-1.685724E-012	-1	0.000000E+000
5	72.11604247	-1.692451E-012	-1.235542E-012	0	0.000000E+000
5	72.11655000	-1.235542E-012	-1.739393E-012	-1	0.000000E+000
5	72.12403023	-1.661200E-012	-1.156460E-012	0	0.000000E+000
5	72.12497066	-1.156460E-012	-1.618785E-012	-1	0.000000E+000
5	72.30962049	-1.673584E-012	-1.135653E-012	0	0.000000E+000
5	72.31039882	-1.135653E-012	-1.658634E-012	-1	0.000000E+000
5	72.62626749	-1.802807E-012	-1.157881E-012	0	0.000000E+000
5	72.62675275	-1.157881E-012	-1.725404E-012	-1	0.000000E+000
5	72.72739870	-1.715302E-012	-1.212608E-012	0	0.000000E+000
5	72.72777670	-1.212608E-012	-1.711055E-012	-1	0.000000E+000
5	72.88563199	-1.719877E-012	-1.088702E-012	0	0.000000E+000
5	72.88980861	-1.187942E-012	-1.720451E-012	-1	0.000000E+000
5	72.99445389	-1.602647E-012	-1.036195E-012	0	0.000000E+000
5	72.99653042	-1.044451E-012	-1.660856E-012	-1	0.000000E+000
5	73.26679607	-1.764515E-012	-1.186208E-012	0	0.000000E+000
5	73.26714538	-1.186208E-012	-1.673101E-012	-1	0.000000E+000
5	73.29517810	-1.745696E-012	-1.188654E-012	0	0.000000E+000
5	73.29570000	-1.188654E-012	-1.761708E-012	-1	0.000000E+000
5	73.34730702	-1.651873E-012	-1.214993E-012	0	0.000000E+000
5	73.34918594	-1.214993E-012	-1.655655E-012	-1	0.000000E+000
5	73.36295920	-1.655655E-012	-1.208332E-012	0	0.000000E+000
5	73.36325709	-1.208332E-012	-1.660664E-012	-1	0.000000E+000
5	73.38170342	-1.655114E-012	-1.173078E-012	0	0.000000E+000
5	73.38220000	-1.173078E-012	-1.621647E-012	-1	0.000000E+000
5	73.39431218	-1.689051E-012	-1.190101E-012	0	0.000000E+000
5	73.39471443	-1.190101E-012	-1.667466E-012	-1	0.000000E+000
5	73.44456158	-1.631098E-012	-1.150571E-012	0	0.000000E+000
5	73.44505000	-1.150571E-012	-1.612926E-012	-1	0.000000E+000
5	73.53015445	-1.677623E-012	-1.128313E-012	0	0.000000E+000
5	73.53051769	-1.128313E-012	-1.627315E-012	-1	0.000000E+000
5	73.58528545	-1.643799E-012	-1.154718E-012	0	0.000000E+000
5	73.58577500	-1.154718E-012	-1.676338E-012	-1	0.000000E+000
5	73.73929378	-1.700496E-012	-1.252425E-012	0	0.000000E+000
5	73.74055014	-1.252634E-012	-1.704687E-012	-1	0.000000E+000
5	73.85106791	-1.668561E-012	-1.251736E-012	0	0.000000E+000
5	73.85226717	-1.251736E-012	-1.724216E-012	-1	0.000000E+000
5	73.89428407	-1.724216E-012	-1.214641E-012	0	0.000000E+000
5	73.89674731	-1.214641E-012	-1.699481E-012	-1	0.000000E+000
5	74.04147239	-1.707945E-012	-1.296724E-012	0	0.000000E+000
5	74.04352064	-1.263700E-012	-1.692703E-012	-1	0.000000E+000
5	74.10367635	-1.707575E-012	-1.213835E-012	0	0.000000E+000
5	74.10417500	-1.213835E-012	-1.665077E-012	-1	0.000000E+000
5	74.21162877	-1.665077E-012	-1.141319E-012	0	0.000000E+000
5	74.21212464	-1.141319E-012	-1.681697E-012	-1	0.000000E+000
5	74.25387491	-1.668620E-012	-1.197353E-012	0	0.000000E+000
5	74.25475624	-1.197353E-012	-1.721035E-012	-1	0.000000E+000
5	74.33143476	-1.595169E-012	-1.181243E-012	0	0.000000E+000
5	74.33173482	-1.181243E-012	-1.615671E-012	-1	0.000000E+000
5	74.33473199	-1.616508E-012	-1.167967E-012	0	0.000000E+000
5	74.33737091	-1.167967E-012	-1.643905E-012	-1	0.000000E+000
5	74.48067909	-1.614883E-012	-1.206394E-012	0	0.000000E+000
5	74.48159868	-1.206394E-012	-1.688645E-012	-1	0.000000E+000
5	74.53928715	-1.676097E-012	-1.245545E-012	0	0.000000E+000
5	74.53977500	-1.245545E-012	-1.672919E-012	-1	0.000000E+000
5	74.58341884	-1.700845E-012	-1.186926E-012	0	0.000000E+000
5	74.58392500	-1.186926E-012	-1.642815E-012	-1	0.000000E+000
5	74.62393180	-1.693841E-012	-1.198522E-012	0	0.000000E+000
5	74.62442500	-1.198522E-012	-1.690444E-012	-1	0.000000E+000
5	74.72696319	-1.647017E-012	-1.120744E-012	0	0.000000E+000
5	74.72747500	-1.120744E-012	-1.648804E-012	-1	0.000000E+000
5	74.89816502	-1.654504E-012	-1.127351E-012	0	0.000000E+000
5	74.89855223	-1.127351E-012	-1.678042E-012	-1	0.000000E+000
5	74.92729734	-1.702297E-012	-1.192699E-012	0	0.000000E+000
5	74.92780000	-1.192699E-012	-1.701656E-012	-1	0.000000E+000
5	75.04387974	-1.755574E-012	-1.182932E-012	0	0.000000E+000
5	75.04489595	-1.182932E-012	-1.669645E-012	-1	0.000000E+000
5	75.04858797	-1.712434E-012	-1.182811E-012	0	0.000000E+000
5	75.04914040	-1.182811E-012	-1.640650E-012	-1	0.000000E+000
5	75.10097963	-1.671456E-012	-1.128403E-012	0	0.000000E+000
5	75.10175118	-1.128403E-012	-1.753203E-012	-1	0.000000E+000
5	75.16921447	-1.727554E-012	-1.270452E-012	0	0.000000E+000
5	75.16977821	-1.270452E-012	-1.738817E-012	-1	0.000000E+000
5	75.26968213	-1.595886E-012	-1.069751E-012	0	0.000000E+000
5	75.27026318	-1.069751E-012	-1.680800E-012	-1	0.000000E+000
5	75.44084492	-1.676248E-012	-1.171605E-012	0	0.000000E+000
5	75.44271615	-1.107662E-012	-1.711706E-012	-1	0.000000E+000
5	75.47619973	-1.696359E-012	-1.162458E-012	0	0.000000E+000
5	75.47817820	-1.211994E-012	-1.733259E-012	-1	0.000000E+000
5	75.48689536	-1.608644E-012	-1.151548E-012	0	0.000000E+000
5	75.48845925	-1.182691E-012	-1.709651E-012	-1	0.000000E+000
5	75.68492227	-1.733531E-012	-1.113315E-012	0	0.000000E+000
5	75.68596922	-1.113315E-012	-1.655591E-012	-1	0.000000E+000
5	75.76239500	-1.657164E-012	-1.100687E-012	0	0.000000E+000
5	75.76290000	-1.100687E-012	-1.686242E-012	-1	0.000000E+000
5	75.96352644	-1.695482E-012	-1.109849E-012	0	0.000000E+000
5	75.96492324	-1.169637E-012	-1.674712E-012	-1	0.000000E+000
5	76.34249253	-1.742034E-012	-1.235186E-012	0	0.000000E+000
5	76.34280507	-1.235186E-012	-1.691403E-012	-1	0.000000E+000
5	76.61078922	-1.679435E-012	-1.197838E-012	0	0.000000E+000
5	76.61127500	-1.197838E-012	-1.716236E-012	-1	0.000000E+000
5	76.78977173	-1.690465E-012	-1.276521E-012	0	0.000000E+000
5	76.79103338	-1.267833E-012	-1.815127E-012	-1	0.000000E+000
5	76.82674187	-1.683200E-012	-1.149970E-012	0	0.000000E+000
5	76.82737965	-1.149970E-012	-1.669293E-012	-1	0.000000E+000
5	76.90134594	-1.707814E-012	-1.185218E-012	0	0.000000E+000
5	76.90202704	-1.185218E-012	-1.643204E-012	-1	0.000000E+000
5	76.91168960	-1.643204E-012	-1.213906E-012	0	0.000000E+000
5	76.91220000	-1.213906E-012	-1.652582E-012	-1	0.000000E+000
5	77.11056149	-1.652582E-012	-1.147562E-012	0	0.000000E+000
5	77.11102759	-1.147562E-012	-1.647521E-012	-1	0.000000E+000
5	77.19171692	-1.702779E-012	-1.237711E-012	0	0.000000E+000
5	77.19220000	-1.237711E-012	-1.743025E-012	-1	0.000000E+000
5	77.29176004	-1.742744E-012	-1.301510E-012	0	0.000000E+000
5	77.29227500	-1.301510E-012	-1.785083E-012	-1	0.000000E+000
5	77.29745020	-1.785083E-012	-1.320379E-012	0	0.000000E+000
5	77.29771673	-1.320379E-012	-1.728210E-012	-1	0.000000E+000
5	77.36384608	-1.596171E-012	-1.160812E-012	0	0.000000E+000
5	77.36440252	-1.160812E-012	-1.697753E-012	-1	0.000000E+000
5	77.37176928	-1.621188E-012	-1.142941E-012	0	0.000000E+000
5	77.37287599	-1.142941E-012	-1.653142E-012	-1	0.000000E+000
5	77.44465272	-1.584258E-012	-1.168519E-012	0	0.000000E+000
5	77.44515000	-1.168519E-012	-1.604721E-012	-1	0.000000E+000
5	77.48577650	-1.551232E-012	-1.150050E-012	0	0.000000E+000
5	77.48630000	-1.150050E-012	-1.627644E-012	-1	0.000000E+000
5	77.50682629	-1.647402E-012	-1.194313E-012	0	0.000000E+000
5	77.50868055	-1.213365E-012	-1.661353E-012	-1	0.000000E+000
5	77.70392067	-1.634622E-012	-1.132673E-012	0	0.000000E+000
5	77.70442500	-1.132673E-012	-1.602782E-012	-1	0.000000E+000
5	78.17492640	-1.630506E-012	-1.136264E-012	0	0.000000E+000
5	78.17587589	-1.157616E-012	-1.638707E-012	-1	0.000000E+000
5	78.30323077	-1.627095E-012	-1.049160E-012	0	0.000000E+000
5	78.30373541	-1.049160E-012	-1.676643E-012	-1	0.000000E+000
5	78.35525106	-1.646339E-012	-1.226751E-012	0	0.000000E+000
5	78.35557881	-1.226751E-012	-1.672398E-012	-1	0.000000E+000
5	78.37064387	-1.587576E-012	-1.200008E-012	0	0.000000E+000
5	78.37240385	-1.221621E-012	-1.661829E-012	-1	0.000000E+000
5	78.39660187	-1.631249E-012	-1.148629E-012	0	0.000000E+000
5	78.39846454	-1.148629E-012	-1.617061E-012	-1	0.000000E+000
5	78.48746328	-1.668056E-012	-1.103103E-012	0	0.000000E+000
5	78.48936822	-1.103103E-012	-1.643732E-012	-1	0.000000E+000
5	78.49751227	-1.644990E-012	-1.036572E-012	0	0.000000E+000
5	78.49869247	-1.106187E-012	-1.774523E-012	-1	0.000000E+000
5	78.51059931	-1.857272E-012	-1.265210E-012	0	0.000000E+000
5	78.51215000	-1.265210E-012	-1.913294E-012	-1	0.000000E+000
5	78.59994725	-1.752893E-012	-1.128848E-012	0	0.000000E+000
5	78.60244186	-1.128848E-012	-1.618661E-012	-1	0.000000E+000
5	78.60992601	-1.751420E-012	-1.176628E-012	0	0.000000E+000
5	78.61047500	-1.176628E-012	-1.678328E-012	-1	0.000000E+000
5	78.80175877	-1.678328E-012	-1.210302E-012	0	0.000000E+000
5	78.80216648	-1.210302E-012	-1.780544E-012	-1	0.000000E+000
5	78.82894244	-1.737471E-012	-1.223907E-012	0	0.000000E+000
5	78.83004100	-1.229434E-012	-1.765999E-012	-1	0.000000E+000
5	79.02022377	-1.695173E-012	-1.229857E-012	0	0.000000E+000
5	79.02114730	-1.229857E-012	-1.709793E-012	-1	0.000000E+000
5	79.04076158	-1.706448E-012	-1.284961E-012	0	0.000000E+000
5	79.04156096	-1.284961E-012	-1.781839E-012	-1	0.000000E+000
5	79.07583977	-1.699280E-012	-1.139389E-012	0	0.000000E+000
5	79.07705207	-1.121924E-012	-1.746873E-012	-1	0.000000E+000
5	79.08075114	-1.737251E-012	-1.185425E-012	0	0.000000E+000
5	79.08117215	-1.185425E-012	-1.678649E-012	-1	0.000000E+000
5	79.09527679	-1.722831E-012	-1.185518E-012	0	0.000000E+000
5	79.09602019	-1.185518E-012	-1.738800E-012	-1	0.000000E+000
5	79.25818068	-1.768563E-012	-1.259914E-012	0	0.000000E+000
5	79.26079218	-1.177354E-012	-1.665244E-012	-1	0.000000E+000
5	79.32659853	-1.704453E-012	-1.179717E-012	0	0.000000E+000
5	79.32710755	-1.179717E-012	-1.693179E-012	-1	0.000000E+000
5	79.35725759	-1.648766E-012	-1.148964E-012	0	0.000000E+000
5	79.35827345	-1.148964E-012	-1.695010E-012	-1	0.000000E+000
5	79.37623986	-1.688415E-012	-1.201294E-012	0	0.000000E+000
5	79.37675000	-1.201294E-012	-1.691786E-012	-1	0.000000E+000
5	79.43588625	-1.656030E-012	-1.241282E-012	0	0.000000E+000
5	79.43639528	-1.241282E-012	-1.716865E-012	-1	0.000000E+000
5	79.67215685	-1.681563E-012	-1.281663E-012	0	0.000000E+000
5	79.67311601	-1.279223E-012	-1.698612E-012	-1	0.000000E+000
5	79.70613429	-1.731521E-012	-1.244260E-012	0	0.000000E+000
5	79.70904797	-1.244260E-012	-1.719894E-012	-1	0.000000E+000
5	79.81364102	-1.652700E-012	-1.102470E-012	0	0.000000E+000
5	79.81416624	-1.102470E-012	-1.668445E-012	-1	0.000000E+000
5	80.05504934	-1.692483E-012	-1.063510E-012	0	0.000000E+000
5	80.05586880	-1.063510E-012	-1.692318E-012	-1	0.000000E+000
5	80.08162756	-1.765072E-012	-1.256947E-012	0	0.000000E+000
5	80.08217500	-1.256947E-012	-1.811928E-012	-1	0.000000E+000
5	80.12589017	-1.814384E-012	-1.301152E-012	0	0.000000E+000
5	80.12681503	-1.301152E-012	-1.804028E-012	-1	0.000000E+000
5	80.18210488	-1.712319E-012	-1.248037E-012	0	0.000000E+000
5	80.18253421	-1.248037E-012	-1.734661E-012	-1	0.000000E+000
5	80.18802514	-1.719415E-012	-1.228969E-012	0	0.000000E+000
5	80.18836319	-1.228969E-012	-1.730288E-012	-1	0.000000E+000
5	80.19586731	-1.697136E-012	-1.188844E-012	0	0.000000E+000
5	80.58468488	-1.128148E-012	-1.589319E-012	-1	0.000000E+000
5	80.60433384	-1.598459E-012	-1.144644E-012	0	0.000000E+000
5	80.60485000	-1.144644E-012	-1.574294E-012	-1	0.000000E+000
5	80.77537726	-1.678161E-012	-1.151727E-012	0	0.000000E+000
5	80.77587500	-1.151727E-012	-1.667623E-012	-1	0.000000E+000
5	80.81365931	-1.703045E-012	-1.091604E-012	0	0.000000E+000
5	80.81523860	-1.091604E-012	-1.681433E-012	-1	0.000000E+000
5	80.88186705	-1.692374E-012	-1.132289E-012	0	0.000000E+000
5	80.88268298	-1.132289E-012	-1.680288E-012	-1	0.000000E+000
5	80.92196662	-1.679142E-012	-1.194824E-012	0	0.000000E+000
5	80.92228704	-1.194824E-012	-1.674207E-012	-1	0.000000E+000
5	81.39489914	-1.613608E-012	-1.228667E-012	0	0.000000E+000
5	81.39578159	-1.228667E-012	-1.731117E-012	-1	0.000000E+000
5	81.40641616	-1.689006E-012	-1.261163E-012	0	0.000000E+000
5	81.40711939	-1.261163E-012	-1.690544E-012	-1	0.000000E+000
5	81.44937346	-1.690544E-012	-1.273993E-012	0	0.000000E+000
5	81.45033882	-1.273993E-012	-1.678060E-012	-1	0.000000E+000
5	81.55988679	-1.616222E-012	-1.273401E-012	0	0.000000E+000
5	81.56012457	-1.273401E-012	-1.699951E-012	-1	0.000000E+000
5	81.67755997	-1.634729E-012	-1.216850E-012	0	0.000000E+000
5	81.67799896	-1.216850E-012	-1.617952E-012	-1	0.000000E+000
5	81.69240862	-1.667534E-012	-1.193591E-012	0	0.000000E+000
5	81.69290000	-1.193591E-012	-1.725621E-012	-1	0.000000E+000
5	81.74221111	-1.648396E-012	-1.097768E-012	0	0.000000E+000
5	81.74284710	-1.097768E-012	-1.641260E-012	-1	0.000000E+000
5	81.78283585	-1.682095E-012	-1.156955E-012	0	0.000000E+000
5	81.78327585	-1.156955E-012	-1.715425E-012	-1	0.000000E+000
5	81.81763081	-1.649748E-012	-1.095227E-012	0	0.000000E+000
5	81.81841069	-1.095227E-012	-1.620394E-012	-1	0.000000E+000
5	81.88666473	-1.588688E-012	-1.119432E-012	0	0.000000E+000
5	81.88767873	-1.122006E-012	-1.662338E-012	-1	0.000000E+000
5	81.94560737	-1.670782E-012	-1.220707E-012	0	0.000000E+000
5	81.94612500	-1.220707E-012	-1.658982E-012	-1	0.000000E+000
5	81.98556475	-1.675048E-012	-1.244334E-012	0	0.000000E+000
5	81.98745697	-1.244334E-012	-1.741082E-012	-1	0.000000E+000
5	81.99099685	-1.726297E-012	-1.307960E-012	0	0.000000E+000
5	81.99194728	-1.307960E-012	-1.786282E-012	-1	0.000000E+000
5	82.09721828	-1.648565E-012	-1.108896E-012	0	0.000000E+000
5	82.09963278	-1.108896E-012	-1.681193E-012	-1	0.000000E+000
5	82.11037267	-1.774260E-012	-1.248996E-012	0	0.000000E+000
5	82.11074416	-1.248996E-012	-1.707322E-012	-1	0.000000E+000
5	82.11357817	-1.707322E-012	-1.235738E-012	0	0.000000E+000
5	82.11410000	-1.235738E-012	-1.758942E-012	-1	0.000000E+000
5	82.16632655	-1.758942E-012	-1.337604E-012	0	0.000000E+000
5	82.16786484	-1.337604E-012	-1.760054E-012	-1	0.000000E+000
5	82.20046562	-1.735346E-012	-1.155146E-012	0	0.000000E+000
5	82.20151627	-1.161855E-012	-1.737793E-012	-1	0.000000E+000
5	82.21427812	-1.689494E-012	-1.331608E-012	0	0.000000E+000
5	82.21524037	-1.336617E-012	-1.723243E-012	-1	0.000000E+000
5	82.26973795	-1.637852E-012	-1.131953E-012	0	0.000000E+000
5	82.27063400	-1.131953E-012	-1.629632E-012	-1	0.000000E+000
5	82.29996963	-1.698834E-012	-1.181251E-012	0	0.000000E+000
5	82.30035621	-1.181251E-012	-1.680121E-012	-1	0.000000E+000
5	82.31057452	-1.691878E-012	-1.279991E-012	0	0.000000E+000
5	82.31096600	-1.279991E-012	-1.708470E-012	-1	0.000000E+000
5	82.37030668	-1.656274E-012	-1.171365E-012	0	0.000000E+000
5	82.37158474	-1.259556E-012	-1.803175E-012	-1	0.000000E+000
5	82.41323128	-1.609090E-012	-1.163357E-012	0	0.000000E+000
5	82.41408817	-1.163357E-012	-1.601362E-012	-1	0.000000E+000
5	82.48644620	-1.747848E-012	-1.242103E-012	0	0.000000E+000
5	82.48784000	-1.219406E-012	-1.703745E-012	-1	0.000000E+000
5	82.73762399	-1.665206E-012	-1.272967E-012	0	0.000000E+000
5	82.73841321	-1.272967E-012	-1.707302E-012	-1	0.000000E+000
5	82.80741574	-1.649772E-012	-1.206361E-012	0	0.000000E+000
5	82.80848750	-1.205084E-012	-1.672330E-012	-1	0.000000E+000
5	83.46828569	-1.747848E-012	-1.151288E-012	0	0.000000E+000
5	83.46972742	-1.151288E-012	-1.623699E-012	-1	0.000000E+000
5	83.48473255	-1.730983E-012	-1.150001E-012	0	0.000000E+000
5	83.48520463	-1.150001E-012	-1.694165E-012	-1	0.000000E+000
5	83.60760897	-1.654442E-012	-1.194829E-012	0	0.000000E+000
5	83.60801140	-1.194829E-012	-1.631950E-012	-1	0.000000E+000
5	83.71227610	-1.657412E-012	-1.193230E-012	0	0.000000E+000
5	83.71277500	-1.193230E-012	-1.657966E-012	-1	0.000000E+000
5	83.73641448	-1.650540E-012	-1.132023E-012	0	0.000000E+000
5	83.73690221	-1.132023E-012	-1.662718E-012	-1	0.000000E+000
5	83.88767807	-1.690483E-012	-1.163390E-012	0	0.000000E+000
5	83.88909085	-1.163390E-012	-1.728036E-012	-1	0.000000E+000
5	83.94069574	-1.697626E-012	-1.221132E-012	0	0.000000E+000
5	83.94127362	-1.221132E-012	-1.710667E-012	-1	0.000000E+000
5	84.06171824	-1.691228E-012	-1.266101E-012	0	0.000000E+000
5	84.06222500	-1.266101E-012	-1.753559E-012	-1	0.000000E+000
5	84.10616244	-1.611628E-012	-1.203593E-012	0	0.000000E+000
5	84.10682004	-1.203593E-012	-1.638198E-012	-1	0.000000E+000
5	84.35171511	-1.662004E-012	-1.121635E-012	0	0.000000E+000
5	84.35222575	-1.121635E-012	-1.614670E-012	-1	0.000000E+000
5	84.43676562	-1.663454E-012	-1.200083E-012	0	0.000000E+000
5	84.43725000	-1.200083E-012	-1.712190E-012	-1	0.000000E+000
5	84.47000223	-1.716613E-012	-1.237818E-012	0	0.000000E+000
5	84.47064561	-1.237818E-012	-1.725284E-012	-1	0.000000E+000
5	84.66199744	-1.745863E-012	-1.300816E-012	0	0.000000E+000
5	84.66267648	-1.300816E-012	-1.749582E-012	-1	0.000000E+000
5	84.69522913	-1.687232E-012	-1.169966E-012	0	0.000000E+000
5	84.69580504	-1.169966E-012	-1.660371E-012	-1	0.000000E+000
5	84.88432485	-1.687717E-012	-1.209788E-012	0	0.000000E+000
5	84.88471884	-1.209788E-012	-1.678283E-012	-1	0.000000E+000
5	84.92056597	-1.641791E-012	-1.051780E-012	0	0.000000E+000
5	84.92107929	-1.051780E-012	-1.644222E-012	-1	0.000000E+000
5	85.14264983	-1.614817E-012	-1.081962E-012	0	0.000000E+000
5	85.14329016	-1.081962E-012	-1.595580E-012	-1	0.000000E+000
5	85.14513667	-1.595580E-012	-1.141901E-012	0	0.000000E+000
5	85.14545196	-1.141901E-012	-1.744831E-012	-1	0.000000E+000
5	85.19537022	-1.736254E-012	-1.260167E-012	0	0.000000E+000
5	85.19663922	-1.260167E-012	-1.732215E-012	-1	0.000000E+000
5	85.28277032	-1.639843E-012	-1.294305E-012	0	0.000000E+000
5	85.28366790	-1.294305E-012	-1.747987E-012	-1	0.000000E+000
5	85.52949337	-1.612466E-012	-1.143481E-012	0	0.000000E+000
5	85.53058841	-1.157823E-012	-1.665762E-012	-1	0.000000E+000
5	85.62352588	-1.714738E-012	-1.209384E-012	0	0.000000E+000
5	85.62405000	-1.209384E-012	-1.782061E-012	-1	0.000000E+000
5	85.71842483	-1.678423E-012	-1.087505E-012	0	0.000000E+000
5	85.72031056	-1.087505E-012	-1.737823E-012	-1	0.000000E+000
5	85.72096252	-1.737823E-012	-1.207802E-012	0	0.000000E+000
5	85.72692272	-1.191548E-012	-1.759961E-012	-1	0.000000E+000
5	85.77519372	-1.645273E-012	-1.098998E-012	0	0.000000E+000
5	88.88042502	-1.098895E-012	-1.668509E-012	-1	0.000000E+000
5	88.88321108	-1.560832E-012	-1.060470E-012	0	0.000000E+000
5	91.41254908	-1.101750E-012	-1.649211E-012	-1	0.000000E+000
5	91.47422221	-1.771554E-012	-1.279998E-012	0	0.000000E+000
5	91.47634564	-1.291525E-012	-1.786725E-012	-1	0.000000E+000
5	91.70489190	-1.688348E-012	-1.246974E-012	0	0.000000E+000
5	91.70528113	-1.246974E-012	-1.684437E-012	-1	0.000000E+000
5	91.74803804	-1.659436E-012	-1.178222E-012	0	0.000000E+000
5	91.74959523	-1.168949E-012	-1.722065E-012	-1	0.000000E+000
5	91.81080515	-1.751593E-012	-1.254322E-012	0	0.000000E+000
5	91.81317366	-1.238204E-012	-1.729551E-012	-1	0.000000E+000
5	92.00382730	-1.639574E-012	-1.158536E-012	0	0.000000E+000
5	92.00430311	-1.158536E-012	-1.596973E-012	-1	0.000000E+000
5	92.02799404	-1.646758E-012	-1.178549E-012	0	0.000000E+000
5	92.02943036	-1.169942E-012	-1.633554E-012	-1	0.000000E+000
5	92.03336243	-1.593989E-012	-1.199087E-012	0	0.000000E+000
5	92.03419196	-1.199087E-012	-1.673972E-012	-1	0.000000E+000
5	92.19736250	-1.605462E-012	-1.145996E-012	0	0.000000E+000
5	92.19842595	-1.184969E-012	-1.673756E-012	-1	0.000000E+000
5	92.23569817	-1.649213E-012	-1.216556E-012	0	0.000000E+000
5	92.23606248	-1.216556E-012	-1.622044E-012	-1	0.000000E+000
5	92.27895581	-1.687470E-012	-1.163472E-012	0	0.000000E+000
5	92.27964827	-1.163472E-012	-1.644496E-012	-1	0.000000E+000
5	92.42090240	-1.630083E-012	-1.248754E-012	0	0.000000E+000
5	92.42214823	-1.263356E-012	-1.646707E-012	-1	0.000000E+000
5	92.43449074	-1.588803E-012	-1.215730E-012	0	0.000000E+000
5	92.43500000	-1.215730E-012	-1.637662E-012	-1	0.000000E+000
5	92.58507114	-1.668204E-012	-1.191406E-012	0	0.000000E+000
5	92.58557500	-1.191406E-012	-1.639630E-012	-1	0.000000E+000
5	92.67664356	-1.628161E-012	-1.219175E-012	0	0.000000E+000
5	92.67715000	-1.219175E-012	-1.681396E-012	-1	0.000000E+000
5	92.71220515	-1.681396E-012	-1.228308E-012	0	0.000000E+000
5	92.71272500	-1.228308E-012	-1.650695E-012	-1	0.000000E+000
5	93.01609748	-1.650695E-012	-1.213715E-012	0	0.000000E+000
5	93.01646157	-1.213715E-012	-1.637621E-012	-1	0.000000E+000
5	93.14497308	-1.561731E-012	-1.173630E-012	0	0.000000E+000
5	93.14536614	-1.173630E-012	-1.642503E-012	-1	0.000000E+000
5	93.18604873	-1.602887E-012	-1.173049E-012	0	0.000000E+000
5	93.18662624	-1.173049E-012	-1.671074E-012	-1	0.000000E+000
5	93.22574980	-1.632619E-012	-1.154474E-012	0	0.000000E+000
5	93.22612996	-1.154474E-012	-1.721431E-012	-1	0.000000E+000
5	93.30849444	-1.714174E-012	-1.306123E-012	0	0.000000E+000
5	93.30880134	-1.306123E-012	-1.781250E-012	-1	0.000000E+000
5	93.32301588	-1.717062E-012	-1.241328E-012	0	0.000000E+000
5	93.32346436	-1.241328E-012	-1.783138E-012	-1	0.000000E+000
5	93.35232737	-1.646010E-012	-1.235370E-012	0	0.000000E+000
5	93.35385925	-1.250249E-012	-1.705548E-012	-1	0.000000E+000
5	93.42629594	-1.620661E-012	-1.250348E-012	0	0.000000E+000
5	93.42692785	-1.250348E-012	-1.694038E-012	-1	0.000000E+000
5	93.49211670	-1.694364E-012	-1.235900E-012	0	0.000000E+000
5	93.49260000	-1.235900E-012	-1.704171E-012	-1	0.000000E+000
5	93.65073054	-1.619817E-012	-1.173666E-012	0	0.000000E+000
5	93.65166995	-1.173666E-012	-1.657287E-012	-1	0.000000E+000
5	93.76132641	-1.618128E-012	-1.067193E-012	0	0.000000E+000
5	93.76185000	-1.067193E-012	-1.528636E-012	-1	0.000000E+000
5	93.82530329	-1.635495E-012	-1.195550E-012	0	0.000000E+000
5	93.82582500	-1.195550E-012	-1.646162E-012	-1	0.000000E+000
5	93.84311395	-1.614553E-012	-1.221055E-012	0	0.000000E+000
5	93.84363918	-1.221055E-012	-1.675841E-012	-1	0.000000E+000
5	93.85686121	-1.659508E-012	-1.230979E-012	0	0.000000E+000
5	93.85741983	-1.230979E-012	-1.636790E-012	-1	0.000000E+000
5	93.91422158	-1.604374E-012	-1.234309E-012	0	0.000000E+000
5	93.91483008	-1.234309E-012	-1.709648E-012	-1	0.000000E+000
5	94.01957653	-1.666437E-012	-1.273166E-012	0	0.000000E+000
5	94.02016458	-1.273166E-012	-1.700911E-012	-1	0.000000E+000
5	94.14188659	-1.700911E-012	-1.234309E-012	0	0.000000E+000
5	94.14409177	-1.253608E-012	-1.677653E-012	-1	0.000000E+000
5	94.16338955	-1.631734E-012	-1.193186E-012	0	0.000000E+000
5	94.16387500	-1.193186E-012	-1.642535E-012	-1	0.000000E+000
5	94.16683902	-1.642535E-012	-1.229400E-012	0	0.000000E+000
5	94.16710500	-1.229400E-012	-1.674597E-012	-1	0.000000E+000
5	94.23796254	-1.603822E-012	-1.206515E-012	0	0.000000E+000
5	94.23904415	-1.206515E-012	-1.684385E-012	-1	0.000000E+000
5	94.24864071	-1.585700E-012	-1.191833E-012	0	0.000000E+000
5	94.24915748	-1.191833E-012	-1.686897E-012	-1	0.000000E+000
5	94.25145480	-1.686897E-012	-1.121247E-012	0	0.000000E+000
5	94.25304584	-1.121247E-012	-1.591067E-012	-1	0.000000E+000
5	94.46147660	-1.610704E-012	-1.182826E-012	0	0.000000E+000
5	94.46197500	-1.182826E-012	-1.620667E-012	-1	0.000000E+000
5	94.76657346	-1.657720E-012	-1.107296E-012	0	0.000000E+000
5	94.76697816	-1.107296E-012	-1.651401E-012	-1	0.000000E+000
5	94.86219235	-1.654806E-012	-1.198162E-012	0	0.000000E+000
5	94.86244604	-1.198162E-012	-1.669256E-012	-1	0.000000E+000
5	94.98692107	-1.627194E-012	-1.213362E-012	0	0.000000E+000
5	94.98726387	-1.213362E-012	-1.643422E-012	-1	0.000000E+000
5	95.07813050	-1.595141E-012	-1.101109E-012	0	0.000000E+000
5	95.07865000	-1.101109E-012	-1.651392E-012	-1	0.000000E+000
5	95.13683466	-1.636997E-012	-1.146756E-012	0	0.000000E+000
5	95.13735000	-1.146756E-012	-1.628897E-012	-1	0.000000E+000
5	95.16476325	-1.654811E-012	-1.180616E-012	0	0.000000E+000
5	95.16543798	-1.180616E-012	-1.676183E-012	-1	0.000000E+000
5	95.18695613	-1.676183E-012	-1.201524E-012	0	0.000000E+000
5	95.18724173	-1.201524E-012	-1.657892E-012	-1	0.000000E+000
5	95.20646186	-1.673952E-012	-1.232263E-012	0	0.000000E+000
5	95.20726901	-1.232263E-012	-1.744003E-012	-1	0.000000E+000
5	95.29365457	-1.658974E-012	-1.209892E-012	0	0.000000E+000
5	95.29439483	-1.209892E-012	-1.705107E-012	-1	0.000000E+000
5	95.35737659	-1.705107E-012	-1.100933E-012	0	0.000000E+000
5	95.35805878	-1.100933E-012	-1.571226E-012	-1	0.000000E+000
5	95.44659408	-1.629018E-012	-1.106653E-012	0	0.000000E+000
5	95.44707500	-1.106653E-012	-1.636381E-012	-1	0.000000E+000
5	95.45048094	-1.636381E-012	-1.178910E-012	0	0.000000E+000
5	95.45100000	-1.178910E-012	-1.698901E-012	-1	0.000000E+000
5	95.46886277	-1.698901E-012	-1.199545E-012	0	0.000000E+000
5	95.46923213	-1.199545E-012	-1.683003E-012	-1	0.000000E+000
5	95.47962305	-1.682045E-012	-1.166574E-012	0	0.000000E+000
5	95.48026262	-1.166574E-012	-1.645770E-012	-1	0.000000E+000
5	95.63424848	-1.691828E-012	-1.101664E-012	0	0.000000E+000
5	95.63506109	-1.101664E-012	-1.680514E-012	-1	0.000000E+000
5	95.67671101	-1.676235E-012	-1.245010E-012	0	0.000000E+000
5	95.67748034	-1.245010E-012	-1.751499E-012	-1	0.000000E+000
5	95.73724288	-1.695433E-012	-1.326521E-012	0	0.000000E+000
5	95.73758973	-1.326521E-012	-1.792080E-012	-1	0.000000E+000
5	95.75683349	-1.701079E-012	-1.325113E-012	0	0.000000E+000
5	95.75751149	-1.325113E-012	-1.789764E-012	-1	0.000000E+000
5	95.81125855	-1.731972E-012	-1.260349E-012	0	0.000000E+000
5	95.81177500	-1.260349E-012	-1.695516E-012	-1	0.000000E+000
5	95.86596350	-1.654237E-012	-1.194023E-012	0	0.000000E+000
5	95.86657181	-1.194023E-012	-1.711471E-012	-1	0.000000E+000
5	95.97175000	-1.237456E-012	-1.748833E-012	-1	0.000000E+000
5	96.02559744	-1.624994E-012	-1.109724E-012	0	0.000000E+000
5	96.02608144	-1.109724E-012	-1.619085E-012	-1	0.000000E+000
5	96.17135075	-1.652874E-012	-1.135253E-012	0	0.000000E+000
5	96.17180802	-1.135253E-012	-1.641238E-012	-1	0.000000E+000
5	96.29291955	-1.645684E-012	-1.220842E-012	0	0.000000E+000
5	96.29475164	-1.179562E-012	-1.657238E-012	-1	0.000000E+000
5	96.35186928	-1.610394E-012	-1.131994E-012	0	0.000000E+000
5	96.35274716	-1.131994E-012	-1.661535E-012	-1	0.000000E+000
5	96.42187704	-1.682959E-012	-1.232180E-012	0	0.000000E+000
5	96.42233380	-1.232180E-012	-1.689261E-012	-1	0.000000E+000
5	96.69513575	-1.641499E-012	-1.166871E-012	0	0.000000E+000
5	96.69759712	-1.117336E-012	-1.654068E-012	-1	0.000000E+000
5	96.72612213	-1.547354E-012	-1.019848E-012	0	0.000000E+000
5	96.72654713	-1.019848E-012	-1.620792E-012	-1	0.000000E+000
5	96.80107062	-1.638564E-012	-1.106827E-012	0	0.000000E+000
5	96.80168117	-1.106827E-012	-1.628897E-012	-1	0.000000E+000
5	96.99289523	-1.647660E-012	-1.153504E-012	0	0.000000E+000
5	96.99393821	-1.147568E-012	-1.668407E-012	-1	0.000000E+000
5	97.13120773	-1.703343E-012	-1.180758E-012	0	0.000000E+000
5	97.13156891	-1.180758E-012	-1.713887E-012	-1	0.000000E+000
5	97.22146232	-1.738748E-012	-1.261256E-012	0	0.000000E+000
5	97.22195000	-1.261256E-012	-1.747267E-012	-1	0.000000E+000
5	97.32212821	-1.747267E-012	-1.279670E-012	0	0.000000E+000
5	97.32325475	-1.271281E-012	-1.775340E-012	-1	0.000000E+000
5	97.35085110	-1.641042E-012	-1.209762E-012	0	0.000000E+000
5	97.35139252	-1.209762E-012	-1.689234E-012	-1	0.000000E+000
5	97.41832354	-1.596368E-012	-1.215825E-012	0	0.000000E+000
5	97.41885748	-1.215825E-012	-1.616730E-012	-1	0.000000E+000
5	97.45008561	-1.671683E-012	-1.167378E-012	0	0.000000E+000
5	97.45239989	-1.075053E-012	-1.686995E-012	-1	0.000000E+000
5	97.47257294	-1.646263E-012	-1.088935E-012	0	0.000000E+000
5	97.47317549	-1.088935E-012	-1.623329E-012	-1	0.000000E+000
5	97.59628051	-1.632500E-012	-1.143449E-012	0	0.000000E+000
5	97.59680000	-1.143449E-012	-1.635413E-012	-1	0.000000E+000
5	97.66071485	-1.638614E-012	-1.130936E-012	0	0.000000E+000
5	97.66129265	-1.130936E-012	-1.661436E-012	-1	0.000000E+000
5	97.68206380	-1.620211E-012	-1.232926E-012	0	0.000000E+000
5	97.68452396	-1.232926E-012	-1.655282E-012	-1	0.000000E+000
5	97.71239260	-1.655282E-012	-1.094133E-012	0	0.000000E+000
5	97.71321908	-1.094133E-012	-1.601353E-012	-1	0.000000E+000
5	97.71687437	-1.656414E-012	-1.242321E-012	0	0.000000E+000
5	97.71865206	-1.221361E-012	-1.659003E-012	-1	0.000000E+000
5	97.81931645	-1.656414E-012	-1.085458E-012	0	0.000000E+000
5	97.81978187	-1.085458E-012	-1.687847E-012	-1	0.000000E+000
5	97.84394181	-1.724069E-012	-1.231023E-012	0	0.000000E+000
5	97.84427826	-1.231023E-012	-1.739528E-012	-1	0.000000E+000
5	97.92862043	-1.648446E-012	-1.180859E-012	0	0.000000E+000
5	97.92936860	-1.180859E-012	-1.645225E-012	-1	0.000000E+000
5	97.96032919	-1.672288E-012	-1.141274E-012	0	0.000000E+000
5	97.96180236	-1.179055E-012	-1.665352E-012	-1	0.000000E+000
5	98.01762252	-1.658402E-012	-1.138824E-012	0	0.000000E+000
5	98.01812500	-1.138824E-012	-1.685359E-012	-1	0.000000E+000
5	98.08100153	-1.680814E-012	-1.231466E-012	0	0.000000E+000
5	98.08153368	-1.231466E-012	-1.690827E-012	-1	0.000000E+000
5	98.14205715	-1.692357E-012	-1.149002E-012	0	0.000000E+000
5	98.14237116	-1.149002E-012	-1.684088E-012	-1	0.000000E+000
5	98.17793383	-1.691574E-012	-1.253171E-012	0	0.000000E+000
5	98.17887239	-1.253171E-012	-1.769069E-012	-1	0.000000E+000
5	98.25403048	-1.697889E-012	-1.294778E-012	0	0.000000E+000
5	98.25434721	-1.294778E-012	-1.703014E-012	-1	0.000000E+000
5	98.45801561	-1.674104E-012	-1.264087E-012	0	0.000000E+000
5	98.45860812	-1.264087E-012	-1.716571E-012	-1	0.000000E+000
5	98.49610114	-1.702446E-012	-1.253720E-012	0	0.000000E+000
5	98.49666347	-1.253720E-012	-1.711917E-012	-1	0.000000E+000
5	98.53154015	-1.699376E-012	-1.136382E-012	0	0.000000E+000
5	98.53187828	-1.136382E-012	-1.710310E-012	-1	0.000000E+000
5	98.57174005	-1.668401E-012	-1.240226E-012	0	0.000000E+000
5	98.57222500	-1.240226E-012	-1.683747E-012	-1	0.000000E+000
5	98.62072783	-1.665889E-012	-1.137878E-012	0	0.000000E+000
5	98.62135298	-1.137878E-012	-1.682645E-012	-1	0.000000E+000
5	98.65507434	-1.758575E-012	-1.250810E-012	0	0.000000E+000
5	98.65557500	-1.250810E-012	-1.709911E-012	-1	0.000000E+000
5	98.66890868	-1.731915E-012	-1.269504E-012	0	0.000000E+000
5	98.66970802	-1.316880E-012	-1.761325E-012	-1	0.000000E+000
5	98.73853543	-1.698581E-012	-1.233578E-012	0	0.000000E+000
5	98.73986862	-1.228104E-012	-1.749270E-012	-1	0.000000E+000
5	98.92307748	-1.639511E-012	-1.215431E-012	0	0.000000E+000
5	98.92509514	-1.215431E-012	-1.699841E-012	-1	0.000000E+000
5	98.99089159	-1.679776E-012	-1.182638E-012	0	0.000000E+000
5	98.99133436	-1.182638E-012	-1.673044E-012	-1	0.000000E+000
5	98.99724986	-1.694508E-012	-1.133936E-012	0	0.000000E+000
5	98.99770427	-1.133936E-012	-1.669091E-012	-1	0.000000E+000
5	99.05515659	-1.632613E-012	-1.032240E-012	0	0.000000E+000
5	99.05618982	-1.075924E-012	-1.654173E-012	-1	0.000000E+000
5	99.12697508	-1.697293E-012	-1.201307E-012	0	0.000000E+000
5	99.12733084	-1.201307E-012	-1.655894E-012	-1	0.000000E+000
5	99.13474211	-1.715334E-012	-1.024765E-012	0	0.000000E+000
5	99.13546378	-1.024765E-012	-1.649151E-012	-1	0.000000E+000
5	99.15279986	-1.669713E-012	-1.094401E-012	0	0.000000E+000
5	99.15598857	-1.176601E-012	-1.663021E-012	-1	0.000000E+000
5	99.18337012	-1.663868E-012	-1.050626E-012	0	0.000000E+000
5	99.18392145	-1.050626E-012	-1.688568E-012	-1	0.000000E+000
5	99.23861205	-1.686271E-012	-1.072988E-012	0	0.000000E+000
5	99.23916045	-1.072988E-012	-1.637534E-012	-1	0.000000E+000
5	99.38460769	-1.606899E-012	-1.072258E-012	0	0.000000E+000
5	99.38655593	-1.105282E-012	-1.596740E-012	-1	0.000000E+000
5	99.71326882	-1.725363E-012	-1.145601E-012	0	0.000000E+000
5	99.85870000	-1.145601E-012	-1.715627E-012	-1	0.000000E+000
5	99.94691303	-1.695555E-012	-1.226646E-012	0	0.000000E+000
5	99.94736534	-1.226646E-012	-1.704103E-012	-1	0.000000E+000
5	100.09103007	-1.746640E-012	-1.288235E-012	0	0.000000E+000
5	100.09355477	-1.288235E-012	-1.780578E-012	-1	0.000000E+000
5	100.18628783	-1.885013E-012	-1.341720E-012	0	0.000000E+000
5	100.18677500	-1.341720E-012	-1.793393E-012	-1	0.000000E+000
5	100.23197055	-1.750903E-012	-1.216421E-012	0	0.000000E+000
5	100.23299730	-1.286732E-012	-1.774119E-012	-1	0.000000E+000
5	100.24251767	-1.727145E-012	-1.344186E-012	0	0.000000E+000
5	100.24291877	-1.344186E-012	-1.765614E-012	-1	0.000000E+000
5	100.25642223	-1.675442E-012	-1.292188E-012	0	0.000000E+000
5	100.25744693	-1.330372E-012	-1.785885E-012	-1	0.000000E+000
5	100.28624860	-1.713750E-012	-1.245428E-012	0	0.000000E+000
5	100.28726892	-1.245428E-012	-1.763977E-012	-1	0.000000E+000
5	100.34295125	-1.708650E-012	-1.142515E-012	0	0.000000E+000
5	100.92717837	-1.183199E-012	-1.808313E-012	-1	0.000000E+000
5	100.92767500	-1.808313E-012	-1.210568E-012	0	0.000000E+000
5	100.94130001	-1.187972E-012	-1.679274E-012	-1	0.000000E+000
5	100.94210957	-1.679274E-012	-1.201288E-012	0	0.000000E+000
5	101.09531338	-1.194719E-012	-1.855798E-012	-1	0.000000E+000
5	101.12077175	-1.753027E-012	-1.272037E-012	0	0.000000E+000
5	101.12179902	-1.272037E-012	-1.731684E-012	-1	0.000000E+000
5	101.13103655	-1.682362E-012	-1.229146E-012	0	0.000000E+000
5	101.13150067	-1.229146E-012	-1.686249E-012	-1	0.000000E+000
5	101.24440527	-1.580074E-012	-1.046427E-012	0	0.000000E+000
5	101.24504269	-1.046427E-012	-1.593141E-012	-1	0.000000E+000
5	101.39132676	-1.761633E-012	-1.221823E-012	0	0.000000E+000
5	101.39182500	-1.221823E-012	-1.767008E-012	-1	0.000000E+000
5	101.43326261	-1.908946E-012	-1.360459E-012	0	0.000000E+000
5	101.43453649	-1.361164E-012	-1.939134E-012	-1	0.000000E+000
5	101.44354228	-1.892341E-012	-1.313541E-012	0	0.000000E+000
5	101.44530004	-1.313541E-012	-1.821583E-012	-1	0.000000E+000
5	101.53598786	-1.696421E-012	-1.298589E-012	0	0.000000E+000
5	101.53687911	-1.287902E-012	-1.721717E-012	-1	0.000000E+000
5	101.60974511	-1.713875E-012	-1.205975E-012	0	0.000000E+000
5	101.85270674	-1.243694E-012	-1.756582E-012	-1	0.000000E+000
5	101.92881120	-1.668284E-012	-1.185965E-012	0	0.000000E+000
5	102.39895571	-1.175585E-012	-1.692748E-012	-1	0.000000E+000
5	102.50399253	-1.608482E-012	-1.197641E-012	0	0.000000E+000
5	102.50437777	-1.197641E-012	-1.691876E-012	-1	0.000000E+000
5	102.52383768	-1.711275E-012	-1.164677E-012	0	0.000000E+000
5	102.77696674	-1.098630E-012	-1.589165E-012	-1	0.000000E+000
5	102.94220079	-1.722133E-012	-1.241494E-012	0	0.000000E+000
5	102.94441874	-1.223266E-012	-1.686279E-012	-1	0.000000E+000
5	102.98400607	-1.581782E-012	-1.059863E-012	0	0.000000E+000
5	102.98485901	-1.059863E-012	-1.561861E-012	-1	0.000000E+000
5	103.09834427	-1.669506E-012	-1.142648E-012	0	0.000000E+000
5	103.09872472	-1.142648E-012	-1.710797E-012	-1	0.000000E+000
5	103.10593877	-1.836329E-012	-1.097427E-012	0	0.000000E+000
5	103.10670238	-1.097427E-012	-1.812875E-012	-1	0.000000E+000
5	103.12754823	-1.698948E-012	-1.159557E-012	0	0.000000E+000
5	103.35788589	-1.159557E-012	-1.683742E-012	-1	0.000000E+000
5	103.36312126	-1.774557E-012	-1.173341E-012	0	0.000000E+000
5	103.36360000	-1.173341E-012	-1.751201E-012	-1	0.000000E+000
5	103.38041283	-1.763430E-012	-1.210819E-012	0	0.000000E+000
5	103.38116153	-1.210819E-012	-1.685574E-012	-1	0.000000E+000
5	103.39666162	-1.718747E-012	-1.107389E-012	0	0.000000E+000
5	103.39823264	-1.192020E-012	-1.646371E-012	-1	0.000000E+000
5	103.40867076	-1.638654E-012	-1.208117E-012	0	0.000000E+000
