4	2.76347974	-1.184090E-012	-1.406987E-012	-1	0.000000E+000
4	2.76728272	-1.387230E-012	-1.190907E-012	0	0.000000E+000
4	4.35850247	-1.184090E-012	-1.380886E-012	-1	0.000000E+000
4	4.36488582	-1.356430E-012	-1.200103E-012	0	0.000000E+000
4	4.37851650	-1.184090E-012	-1.433088E-012	-1	0.000000E+000
4	4.38601376	-1.455830E-012	-1.160209E-012	0	0.000000E+000
4	4.39156396	-1.170349E-012	-1.422107E-012	-1	0.000000E+000
4	4.39482102	-1.422107E-012	-1.160085E-012	0	0.000000E+000
4	4.44082112	-1.170705E-012	-1.375283E-012	-1	0.000000E+000
4	4.44450826	-1.375283E-012	-1.173984E-012	0	0.000000E+000
4	4.45206868	-1.180478E-012	-1.359671E-012	-1	0.000000E+000
4	4.45288515	-1.359671E-012	-1.171322E-012	0	0.000000E+000
4	4.77541267	-1.171322E-012	-1.452255E-012	-1	0.000000E+000
4	4.77680458	-1.452255E-012	-1.196432E-012	0	0.000000E+000
4	5.02911320	-1.167546E-012	-1.357825E-012	-1	0.000000E+000
4	5.03067355	-1.338253E-012	-1.187683E-012	0	0.000000E+000
4	5.03578028	-1.179529E-012	-1.429855E-012	-1	0.000000E+000
4	5.03850000	-1.429855E-012	-1.155372E-012	0	0.000000E+000
4	5.03971365	-1.155372E-012	-1.386147E-012	-1	0.000000E+000
4	5.04383564	-1.386147E-012	-1.211455E-012	0	0.000000E+000
4	5.05922806	-1.157283E-012	-1.393495E-012	-1	0.000000E+000
4	5.06398344	-1.393495E-012	-1.192668E-012	0	0.000000E+000
4	5.06517830	-1.192668E-012	-1.444208E-012	-1	0.000000E+000
4	5.06988273	-1.444208E-012	-1.181932E-012	0	0.000000E+000
4	5.07165284	-1.181932E-012	-1.427682E-012	-1	0.000000E+000
4	5.08234057	-1.427682E-012	-1.172210E-012	0	0.000000E+000
4	5.08573173	-1.199529E-012	-1.459189E-012	-1	0.000000E+000
4	5.09784879	-1.425964E-012	-1.137358E-012	0	0.000000E+000
4	5.09989656	-1.137358E-012	-1.415295E-012	-1	0.000000E+000
4	5.10068964	-1.415295E-012	-1.215628E-012	0	0.000000E+000
4	5.12708851	-1.189481E-012	-1.416761E-012	-1	0.000000E+000
4	5.13487166	-1.416761E-012	-1.175888E-012	0	0.000000E+000
4	5.17367053	-1.190605E-012	-1.375627E-012	-1	0.000000E+000
4	5.19447198	-1.409826E-012	-1.199111E-012	0	0.000000E+000
4	20.59274081	-1.187318E-012	-1.419346E-012	-1	0.000000E+000
4	20.60228039	-1.399770E-012	-1.188601E-012	0	0.000000E+000
4	20.60383196	-1.194443E-012	-1.377729E-012	-1	0.000000E+000
4	20.61655277	-1.377729E-012	-1.171494E-012	0	0.000000E+000
4	20.63683305	-1.151558E-012	-1.322824E-012	-1	0.000000E+000
4	20.66769443	-1.332119E-012	-1.188308E-012	0	0.000000E+000
4	20.70790000	-1.188308E-012	-1.382349E-012	-1	0.000000E+000
4	20.71686251	-1.377529E-012	-1.174910E-012	0	0.000000E+000
4	20.74982593	-1.153225E-012	-1.351464E-012	-1	0.000000E+000
4	20.75910000	-1.351464E-012	-1.156408E-012	0	0.000000E+000
4	20.76037494	-1.149065E-012	-1.388096E-012	-1	0.000000E+000
4	20.77785711	-1.355469E-012	-1.151342E-012	0	0.000000E+000
4	20.77922155	-1.151409E-012	-1.346940E-012	-1	0.000000E+000
4	20.78238495	-1.346940E-012	-1.161756E-012	0	0.000000E+000
4	20.78587613	-1.157932E-012	-1.369448E-012	-1	0.000000E+000
4	20.79770594	-1.369448E-012	-1.111349E-012	0	0.000000E+000
4	20.80125661	-1.117874E-012	-1.346185E-012	-1	0.000000E+000
4	20.81764901	-1.340436E-012	-1.167507E-012	0	0.000000E+000
4	20.81967053	-1.174033E-012	-1.310811E-012	-1	0.000000E+000
4	20.83126341	-1.387095E-012	-1.121176E-012	0	0.000000E+000
4	20.83566169	-1.158141E-012	-1.361935E-012	-1	0.000000E+000
4	20.86252557	-1.361935E-012	-1.162852E-012	0	0.000000E+000
4	20.86699303	-1.136751E-012	-1.360284E-012	-1	0.000000E+000
4	20.88450000	-1.360284E-012	-1.145975E-012	0	0.000000E+000
4	20.88508337	-1.145975E-012	-1.340792E-012	-1	0.000000E+000
4	20.89552358	-1.340718E-012	-1.172605E-012	0	0.000000E+000
4	20.90095317	-1.146504E-012	-1.378736E-012	-1	0.000000E+000
4	20.90712624	-1.370206E-012	-1.111817E-012	0	0.000000E+000
4	20.90806452	-1.111817E-012	-1.355124E-012	-1	0.000000E+000
4	20.97378186	-1.323069E-012	-1.150554E-012	0	0.000000E+000
4	20.97518839	-1.163141E-012	-1.313106E-012	-1	0.000000E+000
4	20.99344171	-1.371834E-012	-1.186490E-012	0	0.000000E+000
4	21.27625607	-1.179568E-012	-1.363450E-012	-1	0.000000E+000
4	21.29042228	-1.385423E-012	-1.172675E-012	0	0.000000E+000
4	21.29327172	-1.179200E-012	-1.386356E-012	-1	0.000000E+000
4	21.30589355	-1.389496E-012	-1.180926E-012	0	0.000000E+000
4	21.30948539	-1.193977E-012	-1.396459E-012	-1	0.000000E+000
4	21.32754518	-1.396459E-012	-1.159853E-012	0	0.000000E+000
4	21.33028526	-1.159853E-012	-1.405425E-012	-1	0.000000E+000
4	21.33503014	-1.381390E-012	-1.162068E-012	0	0.000000E+000
4	21.34201798	-1.146585E-012	-1.352796E-012	-1	0.000000E+000
4	21.36460487	-1.352796E-012	-1.135810E-012	0	0.000000E+000
4	21.38199172	-1.177789E-012	-1.391844E-012	-1	0.000000E+000
4	21.39371036	-1.371820E-012	-1.186548E-012	0	0.000000E+000
4	21.40138800	-1.166660E-012	-1.314208E-012	-1	0.000000E+000
4	21.40637570	-1.364033E-012	-1.128626E-012	0	0.000000E+000
4	21.40862505	-1.128626E-012	-1.366530E-012	-1	0.000000E+000
4	21.44890131	-1.366530E-012	-1.159514E-012	0	0.000000E+000
4	21.45472745	-1.142637E-012	-1.371610E-012	-1	0.000000E+000
4	21.46363915	-1.368416E-012	-1.178215E-012	0	0.000000E+000
4	21.47609747	-1.165912E-012	-1.411599E-012	-1	0.000000E+000
4	21.49274407	-1.389851E-012	-1.170742E-012	0	0.000000E+000
4	21.53827168	-1.157600E-012	-1.373226E-012	-1	0.000000E+000
4	21.55677444	-1.385321E-012	-1.182566E-012	0	0.000000E+000
4	21.56386569	-1.189319E-012	-1.439120E-012	-1	0.000000E+000
4	21.58025873	-1.439120E-012	-1.169072E-012	0	0.000000E+000
4	21.59191012	-1.169752E-012	-1.390811E-012	-1	0.000000E+000
4	21.62116118	-1.390811E-012	-1.128415E-012	0	0.000000E+000
4	21.62743467	-1.161042E-012	-1.403345E-012	-1	0.000000E+000
4	21.64096708	-1.403345E-012	-1.198161E-012	0	0.000000E+000
4	21.64930650	-1.167108E-012	-1.407656E-012	-1	0.000000E+000
4	21.66032572	-1.414099E-012	-1.173578E-012	0	0.000000E+000
4	21.66202218	-1.234699E-012	-1.385077E-012	-1	0.000000E+000
4	21.66748149	-1.385077E-012	-1.204828E-012	0	0.000000E+000
4	21.72136145	-1.181233E-012	-1.423253E-012	-1	0.000000E+000
4	21.73941515	-1.384451E-012	-1.183597E-012	0	0.000000E+000
4	21.74670484	-1.188942E-012	-1.392090E-012	-1	0.000000E+000
4	21.76181883	-1.392359E-012	-1.177417E-012	0	0.000000E+000
4	21.77298297	-1.157641E-012	-1.343855E-012	-1	0.000000E+000
4	21.77900645	-1.372198E-012	-1.180422E-012	0	0.000000E+000
4	21.78777427	-1.160846E-012	-1.337738E-012	-1	0.000000E+000
4	21.81651781	-1.366681E-012	-1.177914E-012	0	0.000000E+000
4	21.82004774	-1.177914E-012	-1.358854E-012	-1	0.000000E+000
4	21.83180920	-1.380057E-012	-1.195437E-012	0	0.000000E+000
4	21.84002426	-1.189918E-012	-1.396077E-012	-1	0.000000E+000
4	21.88243714	-1.392491E-012	-1.181416E-012	0	0.000000E+000
4	21.88525699	-1.194466E-012	-1.353865E-012	-1	0.000000E+000
4	21.92207578	-1.318309E-012	-1.102063E-012	0	0.000000E+000
4	21.92363793	-1.102063E-012	-1.334890E-012	-1	0.000000E+000
4	21.95349886	-1.372306E-012	-1.174454E-012	0	0.000000E+000
4	21.95643077	-1.174454E-012	-1.404011E-012	-1	0.000000E+000
4	21.96429540	-1.361219E-012	-1.189293E-012	0	0.000000E+000
4	21.96684550	-1.169717E-012	-1.374869E-012	-1	0.000000E+000
4	21.96963343	-1.374869E-012	-1.190788E-012	0	0.000000E+000
4	21.97242969	-1.190788E-012	-1.352736E-012	-1	0.000000E+000
4	21.98833667	-1.398551E-012	-1.179135E-012	0	0.000000E+000
4	21.99320675	-1.180730E-012	-1.379091E-012	-1	0.000000E+000
4	22.01150000	-1.379091E-012	-1.158380E-012	0	0.000000E+000
4	22.02967054	-1.167369E-012	-1.390638E-012	-1	0.000000E+000
4	22.03810094	-1.390638E-012	-1.166332E-012	0	0.000000E+000
4	22.05021504	-1.192254E-012	-1.436155E-012	-1	0.000000E+000
4	22.06581543	-1.436155E-012	-1.178895E-012	0	0.000000E+000
4	22.06880856	-1.188870E-012	-1.396972E-012	-1	0.000000E+000
4	22.07907826	-1.395761E-012	-1.195932E-012	0	0.000000E+000
4	22.09254808	-1.182882E-012	-1.390704E-012	-1	0.000000E+000
4	22.10196984	-1.398588E-012	-1.190729E-012	0	0.000000E+000
4	22.10418830	-1.190729E-012	-1.388229E-012	-1	0.000000E+000
4	22.10748158	-1.388229E-012	-1.189304E-012	0	0.000000E+000
4	22.11039308	-1.189304E-012	-1.436928E-012	-1	0.000000E+000
4	22.11194356	-1.406158E-012	-1.224535E-012	0	0.000000E+000
4	22.11417195	-1.178858E-012	-1.403642E-012	-1	0.000000E+000
4	22.14230000	-1.390591E-012	-1.160444E-012	0	0.000000E+000
4	22.14410000	-1.160444E-012	-1.369267E-012	-1	0.000000E+000
4	22.16290000	-1.369267E-012	-1.167936E-012	0	0.000000E+000
4	24.25284248	-1.167936E-012	-1.352093E-012	-1	0.000000E+000
4	24.25890023	-1.344798E-012	-1.188777E-012	0	0.000000E+000
4	24.26217657	-1.175726E-012	-1.352093E-012	-1	0.000000E+000
4	24.26661687	-1.362433E-012	-1.163957E-012	0	0.000000E+000
4	24.29215288	-1.175175E-012	-1.369452E-012	-1	0.000000E+000
4	24.30071570	-1.390782E-012	-1.190062E-012	0	0.000000E+000
4	24.30278035	-1.190062E-012	-1.381696E-012	-1	0.000000E+000
4	24.30446152	-1.380383E-012	-1.201148E-012	0	0.000000E+000
4	24.30762451	-1.196171E-012	-1.378332E-012	-1	0.000000E+000
4	24.33216435	-1.378185E-012	-1.157858E-012	0	0.000000E+000
4	24.34092087	-1.178282E-012	-1.358850E-012	-1	0.000000E+000
4	24.35985383	-1.384951E-012	-1.176123E-012	0	0.000000E+000
4	24.36168228	-1.176123E-012	-1.409937E-012	-1	0.000000E+000
4	24.38216689	-1.409937E-012	-1.173902E-012	0	0.000000E+000
4	24.39693131	-1.171078E-012	-1.352341E-012	-1	0.000000E+000
4	24.40589033	-1.378765E-012	-1.186901E-012	0	0.000000E+000
4	24.40789929	-1.186901E-012	-1.428272E-012	-1	0.000000E+000
4	24.41129123	-1.413890E-012	-1.220687E-012	0	0.000000E+000
4	24.43608655	-1.202366E-012	-1.403311E-012	-1	0.000000E+000
4	24.44112390	-1.392447E-012	-1.157244E-012	0	0.000000E+000
4	24.47194446	-1.157244E-012	-1.434904E-012	-1	0.000000E+000
4	24.51055517	-1.422200E-012	-1.185607E-012	0	0.000000E+000
4	24.52299602	-1.185607E-012	-1.392079E-012	-1	0.000000E+000
4	24.52707006	-1.369782E-012	-1.184803E-012	0	0.000000E+000
4	24.55528277	-1.184803E-012	-1.417703E-012	-1	0.000000E+000
4	24.57577054	-1.411178E-012	-1.172170E-012	0	0.000000E+000
4	24.57938426	-1.176252E-012	-1.378160E-012	-1	0.000000E+000
4	24.58995982	-1.417312E-012	-1.171376E-012	0	0.000000E+000
4	24.63514068	-1.199563E-012	-1.401567E-012	-1	0.000000E+000
4	24.64600330	-1.401567E-012	-1.184780E-012	0	0.000000E+000
4	24.71287806	-1.184780E-012	-1.368027E-012	-1	0.000000E+000
4	24.73676026	-1.414329E-012	-1.166413E-012	0	0.000000E+000
4	24.78397843	-1.166413E-012	-1.382289E-012	-1	0.000000E+000
4	24.79634689	-1.408777E-012	-1.166337E-012	0	0.000000E+000
4	24.81098361	-1.166337E-012	-1.344281E-012	-1	0.000000E+000
4	24.81820641	-1.367296E-012	-1.186263E-012	0	0.000000E+000
4	24.83476056	-1.177124E-012	-1.375481E-012	-1	0.000000E+000
4	24.84148843	-1.403792E-012	-1.158831E-012	0	0.000000E+000
4	24.85480346	-1.150985E-012	-1.382757E-012	-1	0.000000E+000
4	24.87841844	-1.386746E-012	-1.179943E-012	0	0.000000E+000
4	24.92501862	-1.175832E-012	-1.411197E-012	-1	0.000000E+000
4	24.93635633	-1.369379E-012	-1.193879E-012	0	0.000000E+000
4	24.93967551	-1.208280E-012	-1.381758E-012	-1	0.000000E+000
4	24.95042076	-1.381758E-012	-1.182698E-012	0	0.000000E+000
4	24.95896870	-1.194057E-012	-1.399684E-012	-1	0.000000E+000
4	24.97940717	-1.399684E-012	-1.184327E-012	0	0.000000E+000
4	24.99030627	-1.185422E-012	-1.381347E-012	-1	0.000000E+000
4	24.99979516	-1.373292E-012	-1.189040E-012	0	0.000000E+000
4	25.02506649	-1.172408E-012	-1.339952E-012	-1	0.000000E+000
4	25.02696748	-1.339952E-012	-1.163590E-012	0	0.000000E+000
4	25.02903600	-1.163590E-012	-1.326795E-012	-1	0.000000E+000
4	25.06691321	-1.365947E-012	-1.132160E-012	0	0.000000E+000
4	25.06921244	-1.125635E-012	-1.366932E-012	-1	0.000000E+000
4	25.10542680	-1.388439E-012	-1.158678E-012	0	0.000000E+000
4	25.10828785	-1.152153E-012	-1.363721E-012	-1	0.000000E+000
4	25.15107677	-1.370558E-012	-1.131272E-012	0	0.000000E+000
4	25.15487739	-1.123885E-012	-1.377525E-012	-1	0.000000E+000
4	25.16509159	-1.347395E-012	-1.154782E-012	0	0.000000E+000
4	25.18498477	-1.148287E-012	-1.367527E-012	-1	0.000000E+000
4	25.19183224	-1.367527E-012	-1.154123E-012	0	0.000000E+000
4	26.54537974	-1.154123E-012	-1.385377E-012	-1	0.000000E+000
4	26.55027661	-1.341123E-012	-1.170612E-012	0	0.000000E+000
4	26.55964387	-1.166716E-012	-1.367824E-012	-1	0.000000E+000
4	26.57048498	-1.345107E-012	-1.177305E-012	0	0.000000E+000
4	26.57741572	-1.167541E-012	-1.366795E-012	-1	0.000000E+000
4	26.59081436	-1.413031E-012	-1.206005E-012	0	0.000000E+000
4	26.59564213	-1.147005E-012	-1.409176E-012	-1	0.000000E+000
4	26.60456165	-1.356265E-012	-1.172031E-012	0	0.000000E+000
4	26.61374827	-1.170003E-012	-1.361875E-012	-1	0.000000E+000
4	26.61748296	-1.361875E-012	-1.170772E-012	0	0.000000E+000
4	26.63228593	-1.137659E-012	-1.382328E-012	-1	0.000000E+000
4	26.64477026	-1.382328E-012	-1.182320E-012	0	0.000000E+000
4	26.65257914	-1.205980E-012	-1.405293E-012	-1	0.000000E+000
4	26.66239268	-1.405293E-012	-1.161156E-012	0	0.000000E+000
4	26.67347361	-1.161156E-012	-1.381303E-012	-1	0.000000E+000
4	26.67683786	-1.381303E-012	-1.186343E-012	0	0.000000E+000
4	26.68012826	-1.186343E-012	-1.387483E-012	-1	0.000000E+000
4	26.70200976	-1.392890E-012	-1.136907E-012	0	0.000000E+000
4	26.72098405	-1.136907E-012	-1.352371E-012	-1	0.000000E+000
4	26.72883849	-1.373099E-012	-1.160677E-012	0	0.000000E+000
4	26.73261351	-1.184926E-012	-1.436076E-012	-1	0.000000E+000
4	26.74084405	-1.409975E-012	-1.190297E-012	0	0.000000E+000
4	26.75311772	-1.163745E-012	-1.372322E-012	-1	0.000000E+000
4	26.76501803	-1.321808E-012	-1.162658E-012	0	0.000000E+000
4	26.77082801	-1.162658E-012	-1.412454E-012	-1	0.000000E+000
4	26.78500205	-1.394927E-012	-1.190317E-012	0	0.000000E+000
4	26.83075153	-1.169828E-012	-1.371917E-012	-1	0.000000E+000
4	26.85660375	-1.415106E-012	-1.186375E-012	0	0.000000E+000
4	26.86045878	-1.182470E-012	-1.427514E-012	-1	0.000000E+000
4	26.87199060	-1.427514E-012	-1.207399E-012	0	0.000000E+000
4	26.89889498	-1.154686E-012	-1.389815E-012	-1	0.000000E+000
4	26.90297899	-1.402865E-012	-1.199843E-012	0	0.000000E+000
4	26.91674519	-1.182581E-012	-1.412611E-012	-1	0.000000E+000
4	26.92110000	-1.412611E-012	-1.160400E-012	0	0.000000E+000
4	26.92199187	-1.160400E-012	-1.344730E-012	-1	0.000000E+000
4	26.93671175	-1.397613E-012	-1.195491E-012	0	0.000000E+000
4	26.94417385	-1.210071E-012	-1.405647E-012	-1	0.000000E+000
4	26.95615764	-1.398591E-012	-1.208489E-012	0	0.000000E+000
4	26.98989616	-1.157470E-012	-1.354487E-012	-1	0.000000E+000
4	27.00639546	-1.357308E-012	-1.181217E-012	0	0.000000E+000
4	27.02227144	-1.181217E-012	-1.366414E-012	-1	0.000000E+000
4	27.02505289	-1.397691E-012	-1.136967E-012	0	0.000000E+000
4	27.02629514	-1.166093E-012	-1.402026E-012	-1	0.000000E+000
4	27.04183203	-1.402026E-012	-1.169030E-012	0	0.000000E+000
4	27.07650000	-1.169030E-012	-1.382625E-012	-1	0.000000E+000
4	27.08354700	-1.379937E-012	-1.194575E-012	0	0.000000E+000
4	55.08791520	-1.172993E-012	-1.460883E-012	-1	0.000000E+000
4	55.08870653	-1.464216E-012	-1.148327E-012	0	0.000000E+000
4	103.40238832	-1.114512E-012	-1.380996E-012	-1	0.000000E+000
4	103.40446712	-1.380996E-012	-1.085117E-012	0	0.000000E+000
4	103.40572117	-1.085117E-012	-1.365513E-012	-1	0.000000E+000
4	103.41388157	-1.387241E-012	-1.121216E-012	0	0.000000E+000
4	103.41641363	-1.127742E-012	-1.376755E-012	-1	0.000000E+000
4	103.42974564	-1.419746E-012	-1.125794E-012	0	0.000000E+000
4	103.43183843	-1.164945E-012	-1.386732E-012	-1	0.000000E+000
4	103.44475447	-1.386732E-012	-1.128089E-012	0	0.000000E+000
4	103.44933812	-1.128089E-012	-1.365801E-012	-1	0.000000E+000
4	103.48825196	-1.377428E-012	-1.146981E-012	0	0.000000E+000
4	103.48918082	-1.146981E-012	-1.334574E-012	-1	0.000000E+000
4	103.51222749	-1.313438E-012	-1.140178E-012	0	0.000000E+000
4	104.01783372	-1.147341E-012	-1.347391E-012	-1	0.000000E+000
4	104.02281670	-1.386543E-012	-1.168836E-012	0	0.000000E+000
4	104.02536562	-1.150713E-012	-1.387454E-012	-1	0.000000E+000
4	104.06996933	-1.353307E-012	-1.174543E-012	0	0.000000E+000
4	104.07111736	-1.174543E-012	-1.389503E-012	-1	0.000000E+000
4	104.08190170	-1.341727E-012	-1.158683E-012	0	0.000000E+000
4	104.08287142	-1.158683E-012	-1.364557E-012	-1	0.000000E+000
4	104.09585774	-1.375655E-012	-1.157618E-012	0	0.000000E+000
4	104.09676425	-1.157618E-012	-1.360872E-012	-1	0.000000E+000
4	104.10697806	-1.327309E-012	-1.162758E-012	0	0.000000E+000
4	104.10843925	-1.162758E-012	-1.393059E-012	-1	0.000000E+000
4	104.11415269	-1.371127E-012	-1.181630E-012	0	0.000000E+000
4	104.12770591	-1.162054E-012	-1.366599E-012	-1	0.000000E+000
4	104.13652937	-1.361840E-012	-1.182210E-012	0	0.000000E+000
4	104.14590343	-1.182210E-012	-1.350743E-012	-1	0.000000E+000
4	104.15436354	-1.332445E-012	-1.161177E-012	0	0.000000E+000
4	104.17277853	-1.161177E-012	-1.368465E-012	-1	0.000000E+000
4	104.18335769	-1.331135E-012	-1.138805E-012	0	0.000000E+000
4	104.18612041	-1.138805E-012	-1.357384E-012	-1	0.000000E+000
4	104.19454813	-1.358866E-012	-1.151595E-012	0	0.000000E+000
4	104.19903042	-1.151595E-012	-1.350166E-012	-1	0.000000E+000
4	104.20405802	-1.350166E-012	-1.172632E-012	0	0.000000E+000
4	104.20838213	-1.172632E-012	-1.385291E-012	-1	0.000000E+000
4	104.21072972	-1.385291E-012	-1.173724E-012	0	0.000000E+000
4	104.21157454	-1.173724E-012	-1.338348E-012	-1	0.000000E+000
4	104.22050595	-1.338348E-012	-1.112331E-012	0	0.000000E+000
4	104.22134723	-1.112331E-012	-1.346422E-012	-1	0.000000E+000
4	104.24780544	-1.354391E-012	-1.159494E-012	0	0.000000E+000
4	104.24929203	-1.159494E-012	-1.317619E-012	-1	0.000000E+000
4	104.25397277	-1.324652E-012	-1.157136E-012	0	0.000000E+000
4	104.25558076	-1.157136E-012	-1.325516E-012	-1	0.000000E+000
4	104.29923507	-1.330167E-012	-1.180212E-012	0	0.000000E+000
4	104.30724065	-1.189595E-012	-1.374584E-012	-1	0.000000E+000
4	104.32244694	-1.373735E-012	-1.163053E-012	0	0.000000E+000
4	104.32333852	-1.163053E-012	-1.349746E-012	-1	0.000000E+000
4	104.32661808	-1.349746E-012	-1.176398E-012	0	0.000000E+000
4	104.32795124	-1.176398E-012	-1.376270E-012	-1	0.000000E+000
4	104.33335655	-1.382795E-012	-1.199995E-012	0	0.000000E+000
4	104.33986916	-1.199995E-012	-1.399635E-012	-1	0.000000E+000
4	104.34259288	-1.385252E-012	-1.190850E-012	0	0.000000E+000
4	104.34362284	-1.190850E-012	-1.376762E-012	-1	0.000000E+000
4	104.35463584	-1.389291E-012	-1.215517E-012	0	0.000000E+000
4	104.35967838	-1.225242E-012	-1.381079E-012	-1	0.000000E+000
4	104.36634279	-1.381079E-012	-1.132184E-012	0	0.000000E+000
4	104.53730548	-1.142081E-012	-1.380202E-012	-1	0.000000E+000
4	104.54866212	-1.359497E-012	-1.159479E-012	0	0.000000E+000
4	104.54951296	-1.159479E-012	-1.385583E-012	-1	0.000000E+000
4	104.55672518	-1.385583E-012	-1.154039E-012	0	0.000000E+000
4	104.57429925	-1.156074E-012	-1.363691E-012	-1	0.000000E+000
4	104.58337955	-1.389837E-012	-1.169806E-012	0	0.000000E+000
4	104.58496267	-1.169806E-012	-1.365620E-012	-1	0.000000E+000
4	104.59556623	-1.355599E-012	-1.158245E-012	0	0.000000E+000
4	104.60615171	-1.163730E-012	-1.375032E-012	-1	0.000000E+000
4	104.62891419	-1.390089E-012	-1.154146E-012	0	0.000000E+000
4	104.63051563	-1.176899E-012	-1.373780E-012	-1	0.000000E+000
4	104.67619174	-1.387168E-012	-1.185897E-012	0	0.000000E+000
4	104.67853756	-1.185897E-012	-1.397987E-012	-1	0.000000E+000
4	104.70549905	-1.390845E-012	-1.160541E-012	0	0.000000E+000
4	104.70806799	-1.160541E-012	-1.358048E-012	-1	0.000000E+000
4	104.73696183	-1.392690E-012	-1.184812E-012	0	0.000000E+000
4	104.74528701	-1.206724E-012	-1.367460E-012	-1	0.000000E+000
4	104.75102021	-1.370705E-012	-1.147772E-012	0	0.000000E+000
4	104.75306313	-1.160822E-012	-1.333730E-012	-1	0.000000E+000
4	104.79009926	-1.384472E-012	-1.155979E-012	0	0.000000E+000
4	104.79065174	-1.155979E-012	-1.375813E-012	-1	0.000000E+000
4	104.80654896	-1.377351E-012	-1.149161E-012	0	0.000000E+000
4	104.80727630	-1.149161E-012	-1.329606E-012	-1	0.000000E+000
4	104.81729587	-1.366705E-012	-1.127623E-012	0	0.000000E+000
4	104.81898762	-1.157100E-012	-1.376539E-012	-1	0.000000E+000
4	104.84115183	-1.368051E-012	-1.149438E-012	0	0.000000E+000
4	104.84308469	-1.149438E-012	-1.395251E-012	-1	0.000000E+000
4	104.84804040	-1.395251E-012	-1.176022E-012	0	0.000000E+000
4	104.85961607	-1.176022E-012	-1.358351E-012	-1	0.000000E+000
4	104.86736750	-1.348613E-012	-1.156704E-012	0	0.000000E+000
4	104.86897144	-1.156704E-012	-1.330234E-012	-1	0.000000E+000
4	104.88136834	-1.382323E-012	-1.200915E-012	0	0.000000E+000
4	104.88570523	-1.173865E-012	-1.344210E-012	-1	0.000000E+000
4	104.90098436	-1.371211E-012	-1.147106E-012	0	0.000000E+000
4	104.90201278	-1.147106E-012	-1.377403E-012	-1	0.000000E+000
4	104.90917540	-1.347984E-012	-1.140409E-012	0	0.000000E+000
4	104.90986484	-1.140409E-012	-1.326719E-012	-1	0.000000E+000
4	104.91905914	-1.325790E-012	-1.117568E-012	0	0.000000E+000
4	104.92051101	-1.117568E-012	-1.346106E-012	-1	0.000000E+000
4	104.92505477	-1.338141E-012	-1.166347E-012	0	0.000000E+000
4	104.92944336	-1.159822E-012	-1.369710E-012	-1	0.000000E+000
4	104.94195034	-1.335539E-012	-1.183369E-012	0	0.000000E+000
4	104.94355787	-1.202945E-012	-1.402640E-012	-1	0.000000E+000
4	104.95493043	-1.347465E-012	-1.165165E-012	0	0.000000E+000
4	104.96035334	-1.171957E-012	-1.376744E-012	-1	0.000000E+000
4	104.98109332	-1.376744E-012	-1.157039E-012	0	0.000000E+000
4	104.98440387	-1.157039E-012	-1.386300E-012	-1	0.000000E+000
4	105.01478174	-1.378345E-012	-1.153412E-012	0	0.000000E+000
4	105.01707542	-1.153412E-012	-1.381932E-012	-1	0.000000E+000
4	105.02468417	-1.320058E-012	-1.129378E-012	0	0.000000E+000
4	105.02591803	-1.129378E-012	-1.354673E-012	-1	0.000000E+000
4	105.03928675	-1.429514E-012	-1.195810E-012	0	0.000000E+000
4	105.04499541	-1.163184E-012	-1.394204E-012	-1	0.000000E+000
4	105.10429455	-1.394204E-012	-1.140587E-012	0	0.000000E+000
4	105.10574010	-1.140587E-012	-1.365477E-012	-1	0.000000E+000
4	105.10891759	-1.365477E-012	-1.189018E-012	0	0.000000E+000
4	105.11054964	-1.215119E-012	-1.394564E-012	-1	0.000000E+000
4	105.11755150	-1.341993E-012	-1.116839E-012	0	0.000000E+000
4	105.11860315	-1.116839E-012	-1.330560E-012	-1	0.000000E+000
4	105.12113930	-1.330560E-012	-1.152890E-012	0	0.000000E+000
4	105.12825135	-1.144774E-012	-1.341007E-012	-1	0.000000E+000
4	105.14592232	-1.366402E-012	-1.146079E-012	0	0.000000E+000
4	105.14706621	-1.146079E-012	-1.320807E-012	-1	0.000000E+000
4	105.18381950	-1.367230E-012	-1.143329E-012	0	0.000000E+000
4	105.19661321	-1.157734E-012	-1.397671E-012	-1	0.000000E+000
4	105.21590000	-1.397671E-012	-1.122142E-012	0	0.000000E+000
4	105.21761493	-1.122142E-012	-1.378176E-012	-1	0.000000E+000
4	105.22569657	-1.375911E-012	-1.144609E-012	0	0.000000E+000
4	105.22868151	-1.177236E-012	-1.355487E-012	-1	0.000000E+000
4	105.25026244	-1.355487E-012	-1.172460E-012	0	0.000000E+000
4	105.25080850	-1.172460E-012	-1.364802E-012	-1	0.000000E+000
4	105.27732909	-1.341335E-012	-1.121625E-012	0	0.000000E+000
4	105.27847317	-1.160949E-012	-1.368775E-012	-1	0.000000E+000
4	105.28488214	-1.368915E-012	-1.145961E-012	0	0.000000E+000
4	105.28568129	-1.145961E-012	-1.370202E-012	-1	0.000000E+000
4	105.28794766	-1.370202E-012	-1.151277E-012	0	0.000000E+000
4	105.28957126	-1.151277E-012	-1.381044E-012	-1	0.000000E+000
4	105.29297477	-1.344883E-012	-1.161834E-012	0	0.000000E+000
4	105.29610508	-1.168359E-012	-1.344121E-012	-1	0.000000E+000
4	105.29857966	-1.344121E-012	-1.107298E-012	0	0.000000E+000
4	105.29931700	-1.107298E-012	-1.373691E-012	-1	0.000000E+000
4	105.30407408	-1.373691E-012	-1.154116E-012	0	0.000000E+000
4	105.30764819	-1.127189E-012	-1.370184E-012	-1	0.000000E+000
4	105.31036795	-1.370184E-012	-1.172269E-012	0	0.000000E+000
4	105.31478159	-1.165744E-012	-1.345341E-012	-1	0.000000E+000
4	105.31916711	-1.345341E-012	-1.153862E-012	0	0.000000E+000
4	105.32127466	-1.153862E-012	-1.370679E-012	-1	0.000000E+000
4	105.32616681	-1.328208E-012	-1.153496E-012	0	0.000000E+000
4	105.32726085	-1.153496E-012	-1.354261E-012	-1	0.000000E+000
4	105.32878198	-1.354261E-012	-1.175240E-012	0	0.000000E+000
4	105.33017661	-1.175240E-012	-1.330656E-012	-1	0.000000E+000
4	105.34107864	-1.384950E-012	-1.130472E-012	0	0.000000E+000
4	105.34261847	-1.151536E-012	-1.382703E-012	-1	0.000000E+000
4	105.34415817	-1.382703E-012	-1.171794E-012	0	0.000000E+000
4	105.35260512	-1.143213E-012	-1.375116E-012	-1	0.000000E+000
4	105.35903292	-1.373165E-012	-1.162698E-012	0	0.000000E+000
4	105.36638186	-1.175525E-012	-1.394758E-012	-1	0.000000E+000
4	105.37213149	-1.388357E-012	-1.205285E-012	0	0.000000E+000
4	105.37702066	-1.168123E-012	-1.354764E-012	-1	0.000000E+000
4	105.38966447	-1.333988E-012	-1.152782E-012	0	0.000000E+000
4	105.39209039	-1.152782E-012	-1.359379E-012	-1	0.000000E+000
4	105.39603079	-1.341016E-012	-1.121162E-012	0	0.000000E+000
4	105.39796776	-1.121162E-012	-1.327198E-012	-1	0.000000E+000
4	105.40332514	-1.363453E-012	-1.183732E-012	0	0.000000E+000
4	105.40667457	-1.138055E-012	-1.363904E-012	-1	0.000000E+000
4	105.41370000	-1.363904E-012	-1.181436E-012	0	0.000000E+000
4	105.41702122	-1.181436E-012	-1.383560E-012	-1	0.000000E+000
4	105.42664922	-1.365986E-012	-1.152199E-012	0	0.000000E+000
4	105.42928748	-1.152199E-012	-1.348989E-012	-1	0.000000E+000
4	105.43493885	-1.339926E-012	-1.131639E-012	0	0.000000E+000
4	105.43603328	-1.131639E-012	-1.346093E-012	-1	0.000000E+000
4	105.43912517	-1.354833E-012	-1.114190E-012	0	0.000000E+000
4	105.44063520	-1.114190E-012	-1.345619E-012	-1	0.000000E+000
4	105.45425681	-1.340309E-012	-1.122441E-012	0	0.000000E+000
4	105.45533786	-1.165341E-012	-1.334293E-012	-1	0.000000E+000
4	105.45876848	-1.334293E-012	-1.162277E-012	0	0.000000E+000
4	105.46072952	-1.162277E-012	-1.372878E-012	-1	0.000000E+000
4	105.46890459	-1.327459E-012	-1.153864E-012	0	0.000000E+000
4	105.47053317	-1.140813E-012	-1.339080E-012	-1	0.000000E+000
4	105.47400312	-1.339080E-012	-1.136918E-012	0	0.000000E+000
4	105.47465840	-1.136918E-012	-1.264703E-012	-1	0.000000E+000
4	105.47554076	-1.264703E-012	-1.156656E-012	0	0.000000E+000
4	149.80848864	-1.165696E-012	-1.349961E-012	-1	0.000000E+000
4	149.81032771	-1.349961E-012	-1.151182E-012	0	0.000000E+000
4	149.81340942	-1.151182E-012	-1.414854E-012	-1	0.000000E+000
4	149.82433216	-1.335378E-012	-1.150260E-012	0	0.000000E+000
4	149.97110000	-1.150260E-012	-1.341033E-012	-1	0.000000E+000
4	149.99108039	-1.356911E-012	-1.089535E-012	0	0.000000E+000
4	149.99247593	-1.089535E-012	-1.386437E-012	-1	0.000000E+000
4	150.00130000	-1.366861E-012	-1.118419E-012	0	0.000000E+000
4	150.00296749	-1.144521E-012	-1.334913E-012	-1	0.000000E+000
4	150.00822855	-1.343724E-012	-1.085942E-012	0	0.000000E+000
4	150.01021056	-1.098236E-012	-1.330168E-012	-1	0.000000E+000
4	150.02482441	-1.330168E-012	-1.107169E-012	0	0.000000E+000
4	150.03134568	-1.130251E-012	-1.340183E-012	-1	0.000000E+000
4	150.06658519	-1.327917E-012	-1.131483E-012	0	0.000000E+000
4	150.08763707	-1.153506E-012	-1.318920E-012	-1	0.000000E+000
4	150.09243298	-1.318920E-012	-1.100910E-012	0	0.000000E+000
4	150.09373184	-1.100910E-012	-1.353552E-012	-1	0.000000E+000
4	150.11983366	-1.327899E-012	-1.093107E-012	0	0.000000E+000
4	150.12182466	-1.093107E-012	-1.336652E-012	-1	0.000000E+000
4	150.14514089	-1.368462E-012	-1.173467E-012	0	0.000000E+000
4	150.15490294	-1.181832E-012	-1.340410E-012	-1	0.000000E+000
4	150.16952354	-1.359331E-012	-1.173693E-012	0	0.000000E+000
4	150.17109938	-1.173693E-012	-1.345267E-012	-1	0.000000E+000
4	150.20459990	-1.345267E-012	-1.145918E-012	0	0.000000E+000
4	150.21036911	-1.150051E-012	-1.340664E-012	-1	0.000000E+000
4	150.21483655	-1.335432E-012	-1.157862E-012	0	0.000000E+000
4	150.21920743	-1.157862E-012	-1.333166E-012	-1	0.000000E+000
4	150.22147851	-1.333166E-012	-1.163729E-012	0	0.000000E+000
4	150.23130084	-1.163729E-012	-1.373020E-012	-1	0.000000E+000
4	150.24772547	-1.373020E-012	-1.166667E-012	0	0.000000E+000
4	150.24915944	-1.166667E-012	-1.389740E-012	-1	0.000000E+000
4	150.27206838	-1.389740E-012	-1.184295E-012	0	0.000000E+000
4	150.28272071	-1.166543E-012	-1.402441E-012	-1	0.000000E+000
4	150.28800594	-1.383524E-012	-1.173040E-012	0	0.000000E+000
4	150.29017582	-1.173040E-012	-1.381053E-012	-1	0.000000E+000
4	150.30295933	-1.323691E-012	-1.114661E-012	0	0.000000E+000
4	150.31354295	-1.151910E-012	-1.364745E-012	-1	0.000000E+000
4	150.31810482	-1.364745E-012	-1.171352E-012	0	0.000000E+000
4	150.32532627	-1.161443E-012	-1.339155E-012	-1	0.000000E+000
4	150.35741557	-1.350436E-012	-1.116655E-012	0	0.000000E+000
4	150.35847810	-1.116655E-012	-1.357228E-012	-1	0.000000E+000
4	150.37768169	-1.394949E-012	-1.141439E-012	0	0.000000E+000
4	150.37959710	-1.174065E-012	-1.401225E-012	-1	0.000000E+000
4	150.38591415	-1.445688E-012	-1.190349E-012	0	0.000000E+000
4	150.42815749	-1.169245E-012	-1.347669E-012	-1	0.000000E+000
4	150.43386840	-1.377775E-012	-1.180049E-012	0	0.000000E+000
4	150.46965030	-1.114472E-012	-1.374839E-012	-1	0.000000E+000
4	150.47286825	-1.374839E-012	-1.158088E-012	0	0.000000E+000
4	150.48799395	-1.146705E-012	-1.363232E-012	-1	0.000000E+000
4	150.51323116	-1.357983E-012	-1.172391E-012	0	0.000000E+000
4	150.51864348	-1.174322E-012	-1.362743E-012	-1	0.000000E+000
4	150.53188578	-1.359132E-012	-1.172639E-012	0	0.000000E+000
4	150.54174222	-1.155610E-012	-1.340746E-012	-1	0.000000E+000
4	150.54416723	-1.340746E-012	-1.178712E-012	0	0.000000E+000
4	150.54785413	-1.178712E-012	-1.329342E-012	-1	0.000000E+000
4	150.56650614	-1.347002E-012	-1.128196E-012	0	0.000000E+000
4	150.56794743	-1.128196E-012	-1.366413E-012	-1	0.000000E+000
4	150.58889605	-1.376733E-012	-1.171039E-012	0	0.000000E+000
4	150.59289687	-1.171039E-012	-1.414014E-012	-1	0.000000E+000
4	150.61072445	-1.393078E-012	-1.166928E-012	0	0.000000E+000
4	150.61297299	-1.166928E-012	-1.427439E-012	-1	0.000000E+000
4	150.63264698	-1.457475E-012	-1.205336E-012	0	0.000000E+000
4	150.63739991	-1.166222E-012	-1.371468E-012	-1	0.000000E+000
4	150.65458463	-1.404838E-012	-1.136964E-012	0	0.000000E+000
4	150.65683223	-1.136964E-012	-1.394741E-012	-1	0.000000E+000
4	150.67362157	-1.394607E-012	-1.152984E-012	0	0.000000E+000
4	150.67815094	-1.166123E-012	-1.374710E-012	-1	0.000000E+000
4	150.69933538	-1.409952E-012	-1.182152E-012	0	0.000000E+000
4	150.70100791	-1.199773E-012	-1.386603E-012	-1	0.000000E+000
4	150.70394058	-1.386603E-012	-1.149651E-012	0	0.000000E+000
4	150.70607478	-1.149651E-012	-1.394391E-012	-1	0.000000E+000
4	150.74087046	-1.391076E-012	-1.145199E-012	0	0.000000E+000
4	150.74254023	-1.145199E-012	-1.368646E-012	-1	0.000000E+000
4	150.74924896	-1.392141E-012	-1.173684E-012	0	0.000000E+000
4	150.75730338	-1.173684E-012	-1.366382E-012	-1	0.000000E+000
4	150.77605391	-1.366382E-012	-1.150620E-012	0	0.000000E+000
4	150.77943276	-1.150620E-012	-1.396526E-012	-1	0.000000E+000
4	150.78521157	-1.386569E-012	-1.192272E-012	0	0.000000E+000
4	150.79111110	-1.195145E-012	-1.395933E-012	-1	0.000000E+000
4	150.79756568	-1.361275E-012	-1.134349E-012	0	0.000000E+000
4	150.79855832	-1.134349E-012	-1.337912E-012	-1	0.000000E+000
4	150.81505026	-1.363464E-012	-1.190561E-012	0	0.000000E+000
4	150.87851172	-1.175006E-012	-1.381071E-012	-1	0.000000E+000
4	150.90016334	-1.336682E-012	-1.112293E-012	0	0.000000E+000
4	150.90176790	-1.112293E-012	-1.329300E-012	-1	0.000000E+000
4	150.92105869	-1.405658E-012	-1.176993E-012	0	0.000000E+000
4	150.94152370	-1.149280E-012	-1.417870E-012	-1	0.000000E+000
4	150.94414094	-1.353259E-012	-1.099560E-012	0	0.000000E+000
4	150.94672151	-1.099560E-012	-1.343213E-012	-1	0.000000E+000
4	150.97290000	-1.396077E-012	-1.201840E-012	0	0.000000E+000
4	150.98372091	-1.173548E-012	-1.347767E-012	-1	0.000000E+000
4	151.00314082	-1.347767E-012	-1.150278E-012	0	0.000000E+000
4	151.00568253	-1.150278E-012	-1.397095E-012	-1	0.000000E+000
4	151.01070000	-1.397095E-012	-1.169395E-012	0	0.000000E+000
4	151.12392329	-1.153009E-012	-1.419976E-012	-1	0.000000E+000
4	151.15847883	-1.385154E-012	-1.167776E-012	0	0.000000E+000
4	151.16515132	-1.167776E-012	-1.388421E-012	-1	0.000000E+000
4	151.17930511	-1.387408E-012	-1.180282E-012	0	0.000000E+000
4	151.18445153	-1.166635E-012	-1.375368E-012	-1	0.000000E+000
4	151.19602852	-1.337975E-012	-1.161984E-012	0	0.000000E+000
4	151.19944964	-1.167686E-012	-1.369631E-012	-1	0.000000E+000
4	151.22346742	-1.369631E-012	-1.171240E-012	0	0.000000E+000
4	151.22806070	-1.171240E-012	-1.384221E-012	-1	0.000000E+000
4	151.23351352	-1.353564E-012	-1.182707E-012	0	0.000000E+000
4	151.30426900	-1.177136E-012	-1.365373E-012	-1	0.000000E+000
4	151.31056856	-1.382812E-012	-1.120188E-012	0	0.000000E+000
4	151.31229608	-1.152925E-012	-1.398992E-012	-1	0.000000E+000
4	151.33224751	-1.404905E-012	-1.180368E-012	0	0.000000E+000
4	151.35002031	-1.134617E-012	-1.376360E-012	-1	0.000000E+000
4	151.36150000	-1.376360E-012	-1.153648E-012	0	0.000000E+000
4	151.36292070	-1.153648E-012	-1.369036E-012	-1	0.000000E+000
4	151.37026592	-1.396130E-012	-1.179797E-012	0	0.000000E+000
4	151.37192296	-1.179797E-012	-1.408540E-012	-1	0.000000E+000
4	151.40290000	-1.408540E-012	-1.196941E-012	0	0.000000E+000
4	151.41670629	-1.174543E-012	-1.381699E-012	-1	0.000000E+000
4	151.42540139	-1.401608E-012	-1.189405E-012	0	0.000000E+000
4	151.42867855	-1.154163E-012	-1.394401E-012	-1	0.000000E+000
4	151.45401367	-1.389478E-012	-1.169419E-012	0	0.000000E+000
4	151.45598250	-1.175293E-012	-1.355010E-012	-1	0.000000E+000
4	151.49503753	-1.391637E-012	-1.156487E-012	0	0.000000E+000
4	151.49625582	-1.156487E-012	-1.385907E-012	-1	0.000000E+000
4	151.51412177	-1.401733E-012	-1.165432E-012	0	0.000000E+000
4	178.39312903	-1.136064E-012	-1.329673E-012	-1	0.000000E+000
4	178.40544437	-1.324677E-012	-1.173104E-012	0	0.000000E+000
4	178.40948803	-1.149610E-012	-1.363004E-012	-1	0.000000E+000
4	178.42323714	-1.372435E-012	-1.162803E-012	0	0.000000E+000
4	178.44684954	-1.162803E-012	-1.395191E-012	-1	0.000000E+000
4	178.45394938	-1.360006E-012	-1.160249E-012	0	0.000000E+000
4	178.46489992	-1.146287E-012	-1.349847E-012	-1	0.000000E+000
4	178.46720902	-1.349847E-012	-1.154124E-012	0	0.000000E+000
4	178.47846071	-1.136531E-012	-1.359870E-012	-1	0.000000E+000
4	178.48993959	-1.324829E-012	-1.122482E-012	0	0.000000E+000
4	178.49347221	-1.122482E-012	-1.345262E-012	-1	0.000000E+000
4	178.51442857	-1.360764E-012	-1.175103E-012	0	0.000000E+000
4	178.51558903	-1.175103E-012	-1.367593E-012	-1	0.000000E+000
4	178.52193660	-1.348955E-012	-1.143204E-012	0	0.000000E+000
4	179.04085307	-1.156351E-012	-1.342980E-012	-1	0.000000E+000
4	179.05861659	-1.358136E-012	-1.140715E-012	0	0.000000E+000
4	179.07752880	-1.152314E-012	-1.366962E-012	-1	0.000000E+000
4	179.09055676	-1.371251E-012	-1.161516E-012	0	0.000000E+000
4	179.13789767	-1.146702E-012	-1.353956E-012	-1	0.000000E+000
4	179.14350354	-1.326259E-012	-1.152564E-012	0	0.000000E+000
4	179.15411674	-1.152564E-012	-1.373520E-012	-1	0.000000E+000
4	179.16250907	-1.348095E-012	-1.128725E-012	0	0.000000E+000
4	179.16384095	-1.128725E-012	-1.349015E-012	-1	0.000000E+000
4	179.16535313	-1.349015E-012	-1.137379E-012	0	0.000000E+000
4	179.16871201	-1.137379E-012	-1.331948E-012	-1	0.000000E+000
4	179.17383497	-1.320147E-012	-1.142456E-012	0	0.000000E+000
4	179.17924938	-1.178677E-012	-1.346227E-012	-1	0.000000E+000
4	179.18721416	-1.329447E-012	-1.120407E-012	0	0.000000E+000
4	179.20190000	-1.120407E-012	-1.369373E-012	-1	0.000000E+000
4	179.21896723	-1.339319E-012	-1.128327E-012	0	0.000000E+000
4	179.21972075	-1.128327E-012	-1.327122E-012	-1	0.000000E+000
4	179.22925798	-1.330988E-012	-1.139439E-012	0	0.000000E+000
4	179.23577497	-1.135632E-012	-1.360760E-012	-1	0.000000E+000
4	179.25587066	-1.345315E-012	-1.116924E-012	0	0.000000E+000
4	179.25759097	-1.116924E-012	-1.326243E-012	-1	0.000000E+000
4	179.27668594	-1.358747E-012	-1.169300E-012	0	0.000000E+000
4	179.29306126	-1.169300E-012	-1.391176E-012	-1	0.000000E+000
4	179.31231115	-1.352063E-012	-1.147747E-012	0	0.000000E+000
4	179.34287061	-1.165362E-012	-1.412536E-012	-1	0.000000E+000
4	179.34727366	-1.412536E-012	-1.187579E-012	0	0.000000E+000
4	179.35181209	-1.187579E-012	-1.420704E-012	-1	0.000000E+000
4	179.36143438	-1.379999E-012	-1.184361E-012	0	0.000000E+000
4	179.38310796	-1.166740E-012	-1.379345E-012	-1	0.000000E+000
4	179.38989317	-1.367641E-012	-1.131044E-012	0	0.000000E+000
4	179.39894217	-1.131044E-012	-1.401991E-012	-1	0.000000E+000
4	179.40982323	-1.401991E-012	-1.158586E-012	0	0.000000E+000
4	179.41547343	-1.158586E-012	-1.389354E-012	-1	0.000000E+000
4	179.42364323	-1.367180E-012	-1.180456E-012	0	0.000000E+000
4	179.43595796	-1.167732E-012	-1.386570E-012	-1	0.000000E+000
4	179.44806393	-1.386570E-012	-1.166354E-012	0	0.000000E+000
4	179.44997692	-1.151108E-012	-1.356034E-012	-1	0.000000E+000
4	179.46347240	-1.339368E-012	-1.155305E-012	0	0.000000E+000
4	179.46914851	-1.178737E-012	-1.394226E-012	-1	0.000000E+000
4	179.50356474	-1.325970E-012	-1.147893E-012	0	0.000000E+000
4	179.50720760	-1.148424E-012	-1.327645E-012	-1	0.000000E+000
4	179.52637625	-1.364209E-012	-1.157713E-012	0	0.000000E+000
4	179.53343700	-1.174770E-012	-1.347815E-012	-1	0.000000E+000
4	179.54170246	-1.311908E-012	-1.151718E-012	0	0.000000E+000
4	179.54351532	-1.151718E-012	-1.343717E-012	-1	0.000000E+000
4	179.55115002	-1.379670E-012	-1.167015E-012	0	0.000000E+000
4	179.55486984	-1.162771E-012	-1.324181E-012	-1	0.000000E+000
4	179.56053405	-1.362444E-012	-1.127582E-012	0	0.000000E+000
4	179.56219375	-1.155367E-012	-1.339763E-012	-1	0.000000E+000
4	179.57730000	-1.339763E-012	-1.144604E-012	0	0.000000E+000
4	179.57889518	-1.144604E-012	-1.343274E-012	-1	0.000000E+000
4	179.58293829	-1.343274E-012	-1.169736E-012	0	0.000000E+000
4	179.61721312	-1.169736E-012	-1.373822E-012	-1	0.000000E+000
4	179.62546417	-1.356863E-012	-1.162649E-012	0	0.000000E+000
4	179.62796499	-1.156775E-012	-1.345514E-012	-1	0.000000E+000
4	179.64054275	-1.342633E-012	-1.154400E-012	0	0.000000E+000
4	179.67188036	-1.138483E-012	-1.348027E-012	-1	0.000000E+000
4	179.67535371	-1.348027E-012	-1.162828E-012	0	0.000000E+000
4	179.68096513	-1.157748E-012	-1.331934E-012	-1	0.000000E+000
4	179.68810335	-1.404523E-012	-1.142906E-012	0	0.000000E+000
4	179.70034407	-1.177030E-012	-1.387640E-012	-1	0.000000E+000
4	179.70182421	-1.387640E-012	-1.185272E-012	0	0.000000E+000
4	179.71874947	-1.139247E-012	-1.300711E-012	-1	0.000000E+000
4	179.72953179	-1.340818E-012	-1.141600E-012	0	0.000000E+000
4	179.77597665	-1.169031E-012	-1.371742E-012	-1	0.000000E+000
4	179.78530453	-1.312739E-012	-1.101529E-012	0	0.000000E+000
4	179.85045421	-1.130898E-012	-1.366894E-012	-1	0.000000E+000
4	179.85479715	-1.351125E-012	-1.142701E-012	0	0.000000E+000
4	179.86406047	-1.166173E-012	-1.354179E-012	-1	0.000000E+000
4	179.87442693	-1.348759E-012	-1.144891E-012	0	0.000000E+000
4	179.90424852	-1.145034E-012	-1.379045E-012	-1	0.000000E+000
4	179.90998593	-1.340150E-012	-1.150561E-012	0	0.000000E+000
4	179.93804242	-1.138910E-012	-1.399509E-012	-1	0.000000E+000
4	179.95072850	-1.364267E-012	-1.133789E-012	0	0.000000E+000
4	179.95560658	-1.133789E-012	-1.289572E-012	-1	0.000000E+000
4	179.99281230	-1.320169E-012	-1.142652E-012	0	0.000000E+000
4	179.99467717	-1.142652E-012	-1.352355E-012	-1	0.000000E+000
4	180.05630553	-1.352355E-012	-1.117940E-012	0	0.000000E+000
4	180.05865588	-1.117940E-012	-1.381520E-012	-1	0.000000E+000
4	180.06779692	-1.361668E-012	-1.146027E-012	0	0.000000E+000
4	214.60799485	-1.127610E-012	-1.398500E-012	-1	0.000000E+000
4	214.64658946	-1.403708E-012	-1.137826E-012	0	0.000000E+000
4	214.65096120	-1.096417E-012	-1.364052E-012	-1	0.000000E+000
4	214.68916182	-1.412988E-012	-1.135386E-012	0	0.000000E+000
4	214.69053633	-1.145375E-012	-1.443621E-012	-1	0.000000E+000
4	214.69177913	-1.453342E-012	-1.124264E-012	0	0.000000E+000
4	214.69440303	-1.157297E-012	-1.404623E-012	-1	0.000000E+000
4	214.70696989	-1.327502E-012	-1.113757E-012	0	0.000000E+000
4	214.70914321	-1.117492E-012	-1.365649E-012	-1	0.000000E+000
4	214.72660736	-1.412988E-012	-1.144178E-012	0	0.000000E+000
4	214.72780526	-1.148506E-012	-1.422206E-012	-1	0.000000E+000
4	214.74525053	-1.397832E-012	-1.131340E-012	0	0.000000E+000
4	219.33881313	-1.127610E-012	-1.372126E-012	-1	0.000000E+000
4	219.34008430	-1.383781E-012	-1.135495E-012	0	0.000000E+000
4	219.43635363	-1.114152E-012	-1.415421E-012	-1	0.000000E+000
4	219.43798085	-1.404285E-012	-1.124335E-012	0	0.000000E+000
4	219.44464654	-1.102617E-012	-1.359574E-012	-1	0.000000E+000
4	219.44601825	-1.329590E-012	-1.105845E-012	0	0.000000E+000
4	219.47117562	-1.133196E-012	-1.356552E-012	-1	0.000000E+000
4	219.47295375	-1.356552E-012	-1.122848E-012	0	0.000000E+000
4	219.53919213	-1.140753E-012	-1.336725E-012	-1	0.000000E+000
4	219.54367926	-1.308601E-012	-1.118223E-012	0	0.000000E+000
4	219.55964659	-1.118223E-012	-1.362514E-012	-1	0.000000E+000
4	219.56109376	-1.362514E-012	-1.146258E-012	0	0.000000E+000
4	219.57102389	-1.149958E-012	-1.405400E-012	-1	0.000000E+000
4	219.57262652	-1.377926E-012	-1.145938E-012	0	0.000000E+000
4	219.57403772	-1.154730E-012	-1.429569E-012	-1	0.000000E+000
4	219.57545547	-1.394404E-012	-1.136681E-012	0	0.000000E+000
4	219.62495736	-1.139708E-012	-1.340160E-012	-1	0.000000E+000
4	219.62646293	-1.327416E-012	-1.139814E-012	0	0.000000E+000
4	219.64604397	-1.112064E-012	-1.390220E-012	-1	0.000000E+000
4	219.64807578	-1.390220E-012	-1.135738E-012	0	0.000000E+000
4	219.67143730	-1.150852E-012	-1.373421E-012	-1	0.000000E+000
4	219.67741698	-1.343494E-012	-1.142650E-012	0	0.000000E+000
4	219.69990259	-1.126796E-012	-1.344680E-012	-1	0.000000E+000
4	219.70221595	-1.319308E-012	-1.100194E-012	0	0.000000E+000
4	219.70356431	-1.128247E-012	-1.337466E-012	-1	0.000000E+000
4	219.70482727	-1.344712E-012	-1.126539E-012	0	0.000000E+000
4	219.87461107	-1.144538E-012	-1.363345E-012	-1	0.000000E+000
4	219.87579791	-1.363112E-012	-1.123079E-012	0	0.000000E+000
4	219.88047007	-1.162050E-012	-1.412956E-012	-1	0.000000E+000
4	219.88167515	-1.397114E-012	-1.132943E-012	0	0.000000E+000
4	219.89566401	-1.122050E-012	-1.307769E-012	-1	0.000000E+000
4	219.89819998	-1.306899E-012	-1.116790E-012	0	0.000000E+000
4	219.93656004	-1.104468E-012	-1.307769E-012	-1	0.000000E+000
4	219.93834887	-1.344078E-012	-1.137474E-012	0	0.000000E+000
4	219.97274946	-1.135187E-012	-1.371564E-012	-1	0.000000E+000
4	219.97391376	-1.377545E-012	-1.127340E-012	0	0.000000E+000
4	220.07578697	-1.152997E-012	-1.349642E-012	-1	0.000000E+000
4	220.07761896	-1.349642E-012	-1.139267E-012	0	0.000000E+000
4	220.08555015	-1.136024E-012	-1.409155E-012	-1	0.000000E+000
4	220.08702384	-1.399415E-012	-1.142507E-012	0	0.000000E+000
4	220.30057917	-1.101111E-012	-1.410376E-012	-1	0.000000E+000
4	220.30187297	-1.410376E-012	-1.146670E-012	0	0.000000E+000
4	220.34382934	-1.120553E-012	-1.427474E-012	-1	0.000000E+000
4	220.34548865	-1.417150E-012	-1.134386E-012	0	0.000000E+000
4	220.37316524	-1.111327E-012	-1.383289E-012	-1	0.000000E+000
4	220.38005734	-1.316144E-012	-1.135920E-012	0	0.000000E+000
4	220.38517808	-1.151472E-012	-1.419980E-012	-1	0.000000E+000
4	220.38724496	-1.397290E-012	-1.150513E-012	0	0.000000E+000
4	220.41130972	-1.118650E-012	-1.368733E-012	-1	0.000000E+000
4	220.41293794	-1.359556E-012	-1.128154E-012	0	0.000000E+000
4	220.49295213	-1.116500E-012	-1.404825E-012	-1	0.000000E+000
4	220.49506847	-1.388582E-012	-1.148754E-012	0	0.000000E+000
4	220.50177560	-1.148918E-012	-1.386034E-012	-1	0.000000E+000
4	220.50282419	-1.386034E-012	-1.156500E-012	0	0.000000E+000
4	220.50504742	-1.138917E-012	-1.368295E-012	-1	0.000000E+000
4	220.50682365	-1.354083E-012	-1.152565E-012	0	0.000000E+000
4	220.55927190	-1.146938E-012	-1.374304E-012	-1	0.000000E+000
4	220.56225620	-1.357927E-012	-1.139566E-012	0	0.000000E+000
4	220.58295421	-1.116644E-012	-1.365740E-012	-1	0.000000E+000
4	220.58654949	-1.380380E-012	-1.119343E-012	0	0.000000E+000
4	220.63061992	-1.126496E-012	-1.355445E-012	-1	0.000000E+000
4	220.63220549	-1.361172E-012	-1.125471E-012	0	0.000000E+000
4	220.70710195	-1.130688E-012	-1.328309E-012	-1	0.000000E+000
4	220.70887069	-1.322481E-012	-1.126148E-012	0	0.000000E+000
4	220.74930859	-1.151294E-012	-1.354677E-012	-1	0.000000E+000
4	220.75048575	-1.354677E-012	-1.120738E-012	0	0.000000E+000
4	220.76596414	-1.134443E-012	-1.398327E-012	-1	0.000000E+000
4	220.76736002	-1.398327E-012	-1.158596E-012	0	0.000000E+000
4	220.82379097	-1.137160E-012	-1.407440E-012	-1	0.000000E+000
4	220.82661023	-1.374448E-012	-1.140801E-012	0	0.000000E+000
4	220.86753118	-1.156862E-012	-1.344976E-012	-1	0.000000E+000
4	220.86921285	-1.371713E-012	-1.141523E-012	0	0.000000E+000
4	265.66059185	-1.118172E-012	-1.350488E-012	-1	0.000000E+000
4	265.66280526	-1.350293E-012	-1.100788E-012	0	0.000000E+000
4	265.66526362	-1.128545E-012	-1.347100E-012	-1	0.000000E+000
4	265.69079262	-1.347100E-012	-1.138783E-012	0	0.000000E+000
4	265.69382087	-1.139172E-012	-1.375525E-012	-1	0.000000E+000
4	265.70218069	-1.297904E-012	-1.147808E-012	0	0.000000E+000
4	265.70530191	-1.147808E-012	-1.326785E-012	-1	0.000000E+000
4	265.71671550	-1.265960E-012	-1.085732E-012	0	0.000000E+000
4	265.71806707	-1.089249E-012	-1.335394E-012	-1	0.000000E+000
4	265.72224250	-1.316346E-012	-1.116307E-012	0	0.000000E+000
4	265.72584789	-1.116307E-012	-1.317539E-012	-1	0.000000E+000
4	265.73425707	-1.273371E-012	-1.060635E-012	0	0.000000E+000
4	265.73615073	-1.106759E-012	-1.312292E-012	-1	0.000000E+000
4	265.75752392	-1.286936E-012	-1.104190E-012	0	0.000000E+000
4	265.76123212	-1.124008E-012	-1.359297E-012	-1	0.000000E+000
4	265.76279986	-1.359297E-012	-1.141319E-012	0	0.000000E+000
4	265.76484871	-1.141319E-012	-1.349281E-012	-1	0.000000E+000
4	265.76643054	-1.349281E-012	-1.108767E-012	0	0.000000E+000
4	265.77007327	-1.108767E-012	-1.335281E-012	-1	0.000000E+000
4	265.77363014	-1.335281E-012	-1.106389E-012	0	0.000000E+000
4	265.77640215	-1.106389E-012	-1.308293E-012	-1	0.000000E+000
4	265.79933601	-1.330302E-012	-1.080547E-012	0	0.000000E+000
4	270.60416333	-1.148537E-012	-1.364490E-012	-1	0.000000E+000
4	270.60803095	-1.364490E-012	-1.117943E-012	0	0.000000E+000
4	270.61665815	-1.117943E-012	-1.346742E-012	-1	0.000000E+000
4	270.62246037	-1.364027E-012	-1.091874E-012	0	0.000000E+000
4	270.62606676	-1.092300E-012	-1.383757E-012	-1	0.000000E+000
4	270.62911864	-1.383757E-012	-1.139220E-012	0	0.000000E+000
4	270.64085783	-1.098039E-012	-1.340254E-012	-1	0.000000E+000
4	270.64541559	-1.310565E-012	-1.106650E-012	0	0.000000E+000
4	270.64742116	-1.128768E-012	-1.366751E-012	-1	0.000000E+000
4	270.64967600	-1.366751E-012	-1.107185E-012	0	0.000000E+000
4	270.65193829	-1.107185E-012	-1.318732E-012	-1	0.000000E+000
4	270.66300393	-1.338199E-012	-1.116701E-012	0	0.000000E+000
4	270.66439283	-1.134791E-012	-1.322817E-012	-1	0.000000E+000
4	270.67492775	-1.345817E-012	-1.111066E-012	0	0.000000E+000
4	270.68818745	-1.139866E-012	-1.341219E-012	-1	0.000000E+000
4	270.69050706	-1.341219E-012	-1.113338E-012	0	0.000000E+000
4	270.70640397	-1.129443E-012	-1.360499E-012	-1	0.000000E+000
4	270.72276546	-1.360499E-012	-1.093599E-012	0	0.000000E+000
4	270.74503531	-1.093599E-012	-1.339967E-012	-1	0.000000E+000
4	270.74709932	-1.368518E-012	-1.083043E-012	0	0.000000E+000
4	270.75882708	-1.107499E-012	-1.363363E-012	-1	0.000000E+000
4	270.76265123	-1.363363E-012	-1.079698E-012	0	0.000000E+000
4	270.76423400	-1.079698E-012	-1.352787E-012	-1	0.000000E+000
4	270.77039165	-1.335205E-012	-1.104046E-012	0	0.000000E+000
4	270.77508350	-1.134391E-012	-1.421598E-012	-1	0.000000E+000
4	270.78228256	-1.404016E-012	-1.119170E-012	0	0.000000E+000
4	270.79799974	-1.124546E-012	-1.383848E-012	-1	0.000000E+000
4	270.80259112	-1.364026E-012	-1.112721E-012	0	0.000000E+000
4	270.81154973	-1.100053E-012	-1.336187E-012	-1	0.000000E+000
4	270.81357102	-1.349067E-012	-1.125728E-012	0	0.000000E+000
4	270.83666943	-1.123644E-012	-1.397378E-012	-1	0.000000E+000
4	270.84130720	-1.379795E-012	-1.131464E-012	0	0.000000E+000
4	270.87289528	-1.131298E-012	-1.360081E-012	-1	0.000000E+000
4	270.87902721	-1.333874E-012	-1.119573E-012	0	0.000000E+000
4	270.88430525	-1.136026E-012	-1.374997E-012	-1	0.000000E+000
4	270.88537525	-1.369687E-012	-1.120582E-012	0	0.000000E+000
4	270.90232396	-1.128130E-012	-1.366244E-012	-1	0.000000E+000
4	270.90780905	-1.366244E-012	-1.058635E-012	0	0.000000E+000
4	270.90855213	-1.058635E-012	-1.335405E-012	-1	0.000000E+000
4	270.91248678	-1.335405E-012	-1.086000E-012	0	0.000000E+000
4	270.92331793	-1.086000E-012	-1.293367E-012	-1	0.000000E+000
4	270.93161966	-1.296091E-012	-1.092157E-012	0	0.000000E+000
4	270.93270298	-1.138152E-012	-1.354520E-012	-1	0.000000E+000
4	270.93977133	-1.312798E-012	-1.085573E-012	0	0.000000E+000
4	270.94677236	-1.085573E-012	-1.336700E-012	-1	0.000000E+000
4	270.95354251	-1.336700E-012	-1.062043E-012	0	0.000000E+000
4	270.95500904	-1.062043E-012	-1.352980E-012	-1	0.000000E+000
4	270.95663645	-1.352980E-012	-1.116906E-012	0	0.000000E+000
4	270.95958897	-1.116906E-012	-1.391037E-012	-1	0.000000E+000
4	270.96053957	-1.391037E-012	-1.105137E-012	0	0.000000E+000
4	270.97009597	-1.110916E-012	-1.354047E-012	-1	0.000000E+000
4	270.97152007	-1.356235E-012	-1.121639E-012	0	0.000000E+000
4	270.97319769	-1.126633E-012	-1.354037E-012	-1	0.000000E+000
4	270.97743100	-1.369693E-012	-1.129176E-012	0	0.000000E+000
4	271.03020515	-1.122105E-012	-1.351993E-012	-1	0.000000E+000
4	271.03563329	-1.351993E-012	-1.116471E-012	0	0.000000E+000
4	271.03712866	-1.116471E-012	-1.399236E-012	-1	0.000000E+000
4	271.03813798	-1.399236E-012	-1.146507E-012	0	0.000000E+000
4	271.03962463	-1.146507E-012	-1.391683E-012	-1	0.000000E+000
4	271.04337964	-1.330145E-012	-1.124114E-012	0	0.000000E+000
4	271.05603077	-1.133987E-012	-1.363730E-012	-1	0.000000E+000
4	271.05959026	-1.317486E-012	-1.098591E-012	0	0.000000E+000
4	271.06602866	-1.129378E-012	-1.339684E-012	-1	0.000000E+000
4	271.08262055	-1.338915E-012	-1.124153E-012	0	0.000000E+000
4	271.08425353	-1.149653E-012	-1.406171E-012	-1	0.000000E+000
4	271.08791711	-1.379797E-012	-1.134760E-012	0	0.000000E+000
4	271.09253962	-1.125891E-012	-1.363959E-012	-1	0.000000E+000
4	271.09781968	-1.291045E-012	-1.104803E-012	0	0.000000E+000
4	271.10206295	-1.104803E-012	-1.344333E-012	-1	0.000000E+000
4	271.11279773	-1.309168E-012	-1.076956E-012	0	0.000000E+000
4	271.11387211	-1.121753E-012	-1.291103E-012	-1	0.000000E+000
4	271.12205215	-1.361049E-012	-1.114480E-012	0	0.000000E+000
4	271.13250866	-1.100040E-012	-1.361889E-012	-1	0.000000E+000
4	271.13554757	-1.361889E-012	-1.140664E-012	0	0.000000E+000
4	271.14638360	-1.151496E-012	-1.360997E-012	-1	0.000000E+000
4	271.14720247	-1.360997E-012	-1.123563E-012	0	0.000000E+000
4	271.14837057	-1.123563E-012	-1.384919E-012	-1	0.000000E+000
4	271.15228664	-1.295008E-012	-1.126707E-012	0	0.000000E+000
4	271.15387841	-1.107593E-012	-1.351549E-012	-1	0.000000E+000
4	271.15786518	-1.353852E-012	-1.101155E-012	0	0.000000E+000
4	271.16069895	-1.136551E-012	-1.344950E-012	-1	0.000000E+000
4	271.16352141	-1.329957E-012	-1.124151E-012	0	0.000000E+000
4	271.18352541	-1.131557E-012	-1.348425E-012	-1	0.000000E+000
4	271.18831645	-1.323886E-012	-1.091677E-012	0	0.000000E+000
4	271.22355946	-1.099991E-012	-1.323794E-012	-1	0.000000E+000
4	271.22644183	-1.310499E-012	-1.051914E-012	0	0.000000E+000
4	271.23059381	-1.113453E-012	-1.396321E-012	-1	0.000000E+000
4	271.23670000	-1.361156E-012	-1.101174E-012	0	0.000000E+000
4	271.24205682	-1.099454E-012	-1.360799E-012	-1	0.000000E+000
4	271.24611556	-1.343535E-012	-1.117871E-012	0	0.000000E+000
4	271.25786623	-1.127288E-012	-1.329671E-012	-1	0.000000E+000
4	271.26740985	-1.285973E-012	-1.080508E-012	0	0.000000E+000
4	326.49600339	-1.119133E-012	-1.324564E-012	-1	0.000000E+000
4	326.51311095	-1.376286E-012	-1.133965E-012	0	0.000000E+000
4	326.51584429	-1.133965E-012	-1.348369E-012	-1	0.000000E+000
4	326.52261218	-1.297191E-012	-1.105017E-012	0	0.000000E+000
4	326.52907090	-1.105017E-012	-1.308313E-012	-1	0.000000E+000
4	326.53367996	-1.372246E-012	-1.089486E-012	0	0.000000E+000
4	326.53696244	-1.117301E-012	-1.387095E-012	-1	0.000000E+000
4	326.53913774	-1.340651E-012	-1.116603E-012	0	0.000000E+000
4	326.54858209	-1.108336E-012	-1.335035E-012	-1	0.000000E+000
4	326.55849180	-1.306189E-012	-1.070479E-012	0	0.000000E+000
4	326.55951547	-1.113147E-012	-1.343203E-012	-1	0.000000E+000
4	326.56247471	-1.292531E-012	-1.117612E-012	0	0.000000E+000
4	326.56541918	-1.117612E-012	-1.326092E-012	-1	0.000000E+000
4	326.58269886	-1.326092E-012	-1.093555E-012	0	0.000000E+000
4	326.58419682	-1.093555E-012	-1.304719E-012	-1	0.000000E+000
4	326.59315867	-1.355052E-012	-1.115865E-012	0	0.000000E+000
4	326.59514107	-1.125578E-012	-1.380349E-012	-1	0.000000E+000
4	326.63918948	-1.308448E-012	-1.136774E-012	0	0.000000E+000
4	326.64080159	-1.135439E-012	-1.361174E-012	-1	0.000000E+000
4	326.66482978	-1.351772E-012	-1.146035E-012	0	0.000000E+000
4	326.66678985	-1.157817E-012	-1.346037E-012	-1	0.000000E+000
4	326.67078854	-1.370280E-012	-1.134260E-012	0	0.000000E+000
4	326.67363778	-1.134820E-012	-1.340189E-012	-1	0.000000E+000
4	326.67597732	-1.340189E-012	-1.116369E-012	0	0.000000E+000
4	326.67704354	-1.141570E-012	-1.396896E-012	-1	0.000000E+000
4	326.67822002	-1.364814E-012	-1.108523E-012	0	0.000000E+000
4	326.67951970	-1.108523E-012	-1.324675E-012	-1	0.000000E+000
4	326.68671720	-1.308006E-012	-1.107471E-012	0	0.000000E+000
4	326.68832359	-1.138589E-012	-1.343365E-012	-1	0.000000E+000
4	326.69515033	-1.345561E-012	-1.129295E-012	0	0.000000E+000
4	326.69663836	-1.147655E-012	-1.370726E-012	-1	0.000000E+000
4	326.69849797	-1.371908E-012	-1.133433E-012	0	0.000000E+000
4	326.70618459	-1.176227E-012	-1.462766E-012	-1	0.000000E+000
4	326.71405055	-1.340250E-012	-1.091715E-012	0	0.000000E+000
4	326.72221540	-1.094303E-012	-1.340197E-012	-1	0.000000E+000
4	326.72487911	-1.281747E-012	-1.090111E-012	0	0.000000E+000
4	326.72823040	-1.089885E-012	-1.298525E-012	-1	0.000000E+000
4	326.75226442	-1.345973E-012	-1.128827E-012	0	0.000000E+000
4	326.76026126	-1.125229E-012	-1.400817E-012	-1	0.000000E+000
4	326.78027611	-1.355018E-012	-1.148710E-012	0	0.000000E+000
4	326.78150140	-1.148710E-012	-1.394844E-012	-1	0.000000E+000
4	326.78750400	-1.342926E-012	-1.125019E-012	0	0.000000E+000
4	326.78975063	-1.125019E-012	-1.341797E-012	-1	0.000000E+000
4	326.81779266	-1.376962E-012	-1.127848E-012	0	0.000000E+000
4	326.82049664	-1.134984E-012	-1.343743E-012	-1	0.000000E+000
4	326.82485166	-1.343743E-012	-1.132389E-012	0	0.000000E+000
4	326.82776132	-1.128775E-012	-1.358366E-012	-1	0.000000E+000
4	326.83905717	-1.330349E-012	-1.132360E-012	0	0.000000E+000
4	326.84095267	-1.140126E-012	-1.359136E-012	-1	0.000000E+000
4	326.84417422	-1.369335E-012	-1.129397E-012	0	0.000000E+000
4	326.84567479	-1.141606E-012	-1.434572E-012	-1	0.000000E+000
4	326.84784200	-1.366726E-012	-1.134787E-012	0	0.000000E+000
4	326.84920729	-1.151535E-012	-1.362107E-012	-1	0.000000E+000
4	326.86026801	-1.355967E-012	-1.138029E-012	0	0.000000E+000
4	326.86188133	-1.159371E-012	-1.382098E-012	-1	0.000000E+000
4	326.86947573	-1.382098E-012	-1.121390E-012	0	0.000000E+000
4	326.87102470	-1.145815E-012	-1.356180E-012	-1	0.000000E+000
4	326.87553869	-1.395252E-012	-1.135715E-012	0	0.000000E+000
4	326.88142508	-1.102697E-012	-1.364858E-012	-1	0.000000E+000
4	326.88888749	-1.270818E-012	-1.098184E-012	0	0.000000E+000
4	326.89313456	-1.098184E-012	-1.397508E-012	-1	0.000000E+000
4	326.89583403	-1.386596E-012	-1.143736E-012	0	0.000000E+000
4	326.89942055	-1.143451E-012	-1.356798E-012	-1	0.000000E+000
4	326.90093028	-1.356798E-012	-1.116543E-012	0	0.000000E+000
4	326.90399323	-1.125334E-012	-1.417388E-012	-1	0.000000E+000
4	326.91510000	-1.364640E-012	-1.138298E-012	0	0.000000E+000
4	326.91807344	-1.138298E-012	-1.370994E-012	-1	0.000000E+000
4	326.93482271	-1.370994E-012	-1.136531E-012	0	0.000000E+000
4	326.93692445	-1.164219E-012	-1.383792E-012	-1	0.000000E+000
4	326.93809196	-1.383792E-012	-1.130293E-012	0	0.000000E+000
4	326.94223999	-1.126044E-012	-1.375349E-012	-1	0.000000E+000
4	326.94498227	-1.372198E-012	-1.118734E-012	0	0.000000E+000
4	326.94808314	-1.134949E-012	-1.357572E-012	-1	0.000000E+000
4	326.95260568	-1.357572E-012	-1.102560E-012	0	0.000000E+000
4	326.96142615	-1.102560E-012	-1.382977E-012	-1	0.000000E+000
4	326.96575494	-1.382977E-012	-1.111103E-012	0	0.000000E+000
4	326.96737294	-1.111103E-012	-1.356764E-012	-1	0.000000E+000
4	326.97611632	-1.356764E-012	-1.128164E-012	0	0.000000E+000
4	326.97860602	-1.128164E-012	-1.400314E-012	-1	0.000000E+000
4	326.97982306	-1.400314E-012	-1.127319E-012	0	0.000000E+000
4	326.98642769	-1.139268E-012	-1.342097E-012	-1	0.000000E+000
4	326.99464208	-1.330270E-012	-1.121719E-012	0	0.000000E+000
4	326.99556227	-1.116954E-012	-1.339489E-012	-1	0.000000E+000
4	327.00558098	-1.314809E-012	-1.104349E-012	0	0.000000E+000
4	327.00688864	-1.120606E-012	-1.332535E-012	-1	0.000000E+000
4	327.02696072	-1.280834E-012	-1.098224E-012	0	0.000000E+000
4	327.04171940	-1.090740E-012	-1.321217E-012	-1	0.000000E+000
4	327.05511722	-1.310135E-012	-1.102146E-012	0	0.000000E+000
4	327.07008097	-1.123849E-012	-1.342639E-012	-1	0.000000E+000
4	327.08009651	-1.281746E-012	-1.119490E-012	0	0.000000E+000
4	327.08208334	-1.119490E-012	-1.425518E-012	-1	0.000000E+000
4	327.08500558	-1.399144E-012	-1.121699E-012	0	0.000000E+000
4	327.08603551	-1.127887E-012	-1.330711E-012	-1	0.000000E+000
4	327.10219975	-1.337812E-012	-1.084049E-012	0	0.000000E+000
4	327.11099187	-1.104585E-012	-1.327912E-012	-1	0.000000E+000
4	327.11866139	-1.289722E-012	-1.122731E-012	0	0.000000E+000
4	327.12650734	-1.122731E-012	-1.407189E-012	-1	0.000000E+000
4	327.13045939	-1.407189E-012	-1.129847E-012	0	0.000000E+000
4	327.14220637	-1.120561E-012	-1.365031E-012	-1	0.000000E+000
4	327.14751639	-1.365031E-012	-1.126450E-012	0	0.000000E+000
4	327.14864762	-1.150005E-012	-1.367820E-012	-1	0.000000E+000
4	327.15267015	-1.367820E-012	-1.155384E-012	0	0.000000E+000
4	327.15655290	-1.138590E-012	-1.357500E-012	-1	0.000000E+000
4	327.16425474	-1.315888E-012	-1.101381E-012	0	0.000000E+000
4	327.17586685	-1.129799E-012	-1.366291E-012	-1	0.000000E+000
4	327.22578683	-1.344013E-012	-1.111539E-012	0	0.000000E+000
4	327.22853778	-1.149213E-012	-1.372019E-012	-1	0.000000E+000
4	327.24271287	-1.320271E-012	-1.099275E-012	0	0.000000E+000
4	327.24610312	-1.133839E-012	-1.341521E-012	-1	0.000000E+000
4	327.24926890	-1.332730E-012	-1.104561E-012	0	0.000000E+000
4	327.25052098	-1.132804E-012	-1.352654E-012	-1	0.000000E+000
4	327.25466364	-1.334640E-012	-1.110186E-012	0	0.000000E+000
4	327.27004394	-1.134007E-012	-1.334598E-012	-1	0.000000E+000
4	327.27254912	-1.335666E-012	-1.070540E-012	0	0.000000E+000
4	327.27403963	-1.107550E-012	-1.369922E-012	-1	0.000000E+000
4	327.27877006	-1.352340E-012	-1.143106E-012	0	0.000000E+000
4	327.28028056	-1.143106E-012	-1.399130E-012	-1	0.000000E+000
4	327.28288363	-1.369541E-012	-1.155960E-012	0	0.000000E+000
4	327.29379055	-1.155960E-012	-1.416826E-012	-1	0.000000E+000
4	327.29519378	-1.416826E-012	-1.144772E-012	0	0.000000E+000
4	327.29927946	-1.110712E-012	-1.350697E-012	-1	0.000000E+000
4	327.30158420	-1.297120E-012	-1.098894E-012	0	0.000000E+000
4	327.30336056	-1.098894E-012	-1.305651E-012	-1	0.000000E+000
4	327.31998161	-1.316632E-012	-1.102571E-012	0	0.000000E+000
4	327.32125799	-1.111700E-012	-1.316551E-012	-1	0.000000E+000
4	327.33019486	-1.347550E-012	-1.112748E-012	0	0.000000E+000
4	327.33176683	-1.131175E-012	-1.367013E-012	-1	0.000000E+000
4	327.33869031	-1.309565E-012	-1.127635E-012	0	0.000000E+000
4	327.34033919	-1.127635E-012	-1.345232E-012	-1	0.000000E+000
4	327.34969728	-1.321176E-012	-1.112748E-012	0	0.000000E+000
4	327.35218046	-1.124919E-012	-1.351960E-012	-1	0.000000E+000
4	327.35806983	-1.342873E-012	-1.113842E-012	0	0.000000E+000
4	327.35919619	-1.117278E-012	-1.316661E-012	-1	0.000000E+000
4	327.36101463	-1.336681E-012	-1.129115E-012	0	0.000000E+000
4	327.36254896	-1.123633E-012	-1.333983E-012	-1	0.000000E+000
4	327.38890223	-1.330390E-012	-1.120826E-012	0	0.000000E+000
4	327.39126293	-1.155748E-012	-1.381446E-012	-1	0.000000E+000
4	327.39561029	-1.363864E-012	-1.158833E-012	0	0.000000E+000
4	327.39747889	-1.158833E-012	-1.370699E-012	-1	0.000000E+000
4	327.42307391	-1.320794E-012	-1.110399E-012	0	0.000000E+000
4	327.43130631	-1.115336E-012	-1.408380E-012	-1	0.000000E+000
4	327.47628871	-1.335870E-012	-1.133509E-012	0	0.000000E+000
4	327.47870672	-1.125837E-012	-1.343392E-012	-1	0.000000E+000
4	327.48307773	-1.393374E-012	-1.068970E-012	0	0.000000E+000
4	327.48421363	-1.081029E-012	-1.319978E-012	-1	0.000000E+000
4	327.49094464	-1.302366E-012	-1.090354E-012	0	0.000000E+000
4	327.49311981	-1.115089E-012	-1.345888E-012	-1	0.000000E+000
4	327.49530328	-1.339402E-012	-1.135309E-012	0	0.000000E+000
4	327.49751572	-1.129999E-012	-1.351505E-012	-1	0.000000E+000
4	327.49941457	-1.302333E-012	-1.108968E-012	0	0.000000E+000
4	327.50125651	-1.108968E-012	-1.351505E-012	-1	0.000000E+000
4	327.50652914	-1.322892E-012	-1.103797E-012	0	0.000000E+000
4	327.51692678	-1.112717E-012	-1.315806E-012	-1	0.000000E+000
4	327.51860256	-1.315806E-012	-1.099482E-012	0	0.000000E+000
4	327.53379695	-1.094777E-012	-1.321845E-012	-1	0.000000E+000
4	327.53892334	-1.368905E-012	-1.083084E-012	0	0.000000E+000
4	327.54224901	-1.113960E-012	-1.321244E-012	-1	0.000000E+000
4	327.55469244	-1.308712E-012	-1.076421E-012	0	0.000000E+000
4	327.55627365	-1.077370E-012	-1.288053E-012	-1	0.000000E+000
4	327.58739265	-1.367335E-012	-1.091667E-012	0	0.000000E+000
4	327.58994035	-1.112256E-012	-1.318398E-012	-1	0.000000E+000
4	327.60656485	-1.310126E-012	-1.103656E-012	0	0.000000E+000
4	327.61185602	-1.103656E-012	-1.350693E-012	-1	0.000000E+000
4	327.63809341	-1.350693E-012	-1.095854E-012	0	0.000000E+000
4	327.64061046	-1.093732E-012	-1.345231E-012	-1	0.000000E+000
4	327.64402791	-1.345231E-012	-1.129673E-012	0	0.000000E+000
4	327.64923270	-1.122825E-012	-1.335375E-012	-1	0.000000E+000
4	327.65988837	-1.360149E-012	-1.085543E-012	0	0.000000E+000
4	327.67659260	-1.123101E-012	-1.361513E-012	-1	0.000000E+000
4	327.68612445	-1.345457E-012	-1.135672E-012	0	0.000000E+000
4	327.68829670	-1.151597E-012	-1.408408E-012	-1	0.000000E+000
4	327.69266587	-1.355661E-012	-1.117146E-012	0	0.000000E+000
4	327.69490080	-1.117146E-012	-1.339768E-012	-1	0.000000E+000
4	327.70750833	-1.278068E-012	-1.081088E-012	0	0.000000E+000
4	327.71377975	-1.081088E-012	-1.335487E-012	-1	0.000000E+000
4	327.72881012	-1.305780E-012	-1.106229E-012	0	0.000000E+000
4	327.73046701	-1.106229E-012	-1.328945E-012	-1	0.000000E+000
4	327.75441037	-1.356264E-012	-1.136490E-012	0	0.000000E+000
4	327.75707738	-1.145281E-012	-1.369578E-012	-1	0.000000E+000
4	327.76534138	-1.360786E-012	-1.124666E-012	0	0.000000E+000
4	327.76950065	-1.177710E-012	-1.364193E-012	-1	0.000000E+000
4	327.77422991	-1.364193E-012	-1.134735E-012	0	0.000000E+000
4	327.78843322	-1.117153E-012	-1.348925E-012	-1	0.000000E+000
4	327.80173289	-1.316480E-012	-1.104172E-012	0	0.000000E+000
4	327.80406683	-1.104172E-012	-1.382637E-012	-1	0.000000E+000
4	327.81933492	-1.338681E-012	-1.125948E-012	0	0.000000E+000
4	327.82260020	-1.129889E-012	-1.333441E-012	-1	0.000000E+000
4	327.83203253	-1.314041E-012	-1.123813E-012	0	0.000000E+000
4	327.83475448	-1.117956E-012	-1.335774E-012	-1	0.000000E+000
4	327.84957310	-1.266559E-012	-1.080554E-012	0	0.000000E+000
4	327.85053030	-1.080554E-012	-1.352644E-012	-1	0.000000E+000
4	327.85333415	-1.352644E-012	-1.125549E-012	0	0.000000E+000
4	327.85967912	-1.124268E-012	-1.351590E-012	-1	0.000000E+000
4	327.87736758	-1.351590E-012	-1.126807E-012	0	0.000000E+000
4	327.88184641	-1.139459E-012	-1.331926E-012	-1	0.000000E+000
4	327.89046723	-1.322412E-012	-1.120321E-012	0	0.000000E+000
4	327.89517312	-1.120321E-012	-1.344265E-012	-1	0.000000E+000
4	327.90827953	-1.302861E-012	-1.117548E-012	0	0.000000E+000
4	327.91873835	-1.099965E-012	-1.325197E-012	-1	0.000000E+000
4	327.96535942	-1.363482E-012	-1.139519E-012	0	0.000000E+000
4	327.96815012	-1.156114E-012	-1.377297E-012	-1	0.000000E+000
4	327.97400681	-1.354691E-012	-1.114590E-012	0	0.000000E+000
4	327.98528724	-1.137053E-012	-1.369181E-012	-1	0.000000E+000
4	327.98938156	-1.351598E-012	-1.119015E-012	0	0.000000E+000
4	327.99302547	-1.119015E-012	-1.350369E-012	-1	0.000000E+000
4	328.00014914	-1.350369E-012	-1.130060E-012	0	0.000000E+000
4	328.00490209	-1.094895E-012	-1.338226E-012	-1	0.000000E+000
4	328.01359610	-1.320013E-012	-1.112087E-012	0	0.000000E+000
4	328.01626781	-1.126607E-012	-1.321524E-012	-1	0.000000E+000
4	328.02442323	-1.333039E-012	-1.080759E-012	0	0.000000E+000
4	328.02636142	-1.080759E-012	-1.375245E-012	-1	0.000000E+000
4	328.03529092	-1.283139E-012	-1.085544E-012	0	0.000000E+000
4	328.03616480	-1.085544E-012	-1.326843E-012	-1	0.000000E+000
4	328.05387009	-1.304634E-012	-1.108460E-012	0	0.000000E+000
4	328.05794404	-1.110226E-012	-1.308740E-012	-1	0.000000E+000
4	328.09698693	-1.343188E-012	-1.083440E-012	0	0.000000E+000
4	328.09940670	-1.106400E-012	-1.401262E-012	-1	0.000000E+000
4	328.10108058	-1.401262E-012	-1.110903E-012	0	0.000000E+000
4	328.10428601	-1.110903E-012	-1.362847E-012	-1	0.000000E+000
4	328.10572397	-1.362847E-012	-1.123397E-012	0	0.000000E+000
4	328.10923611	-1.123397E-012	-1.334270E-012	-1	0.000000E+000
4	328.11168208	-1.334270E-012	-1.116736E-012	0	0.000000E+000
4	328.11247650	-1.116736E-012	-1.354589E-012	-1	0.000000E+000
4	328.14748115	-1.329696E-012	-1.098292E-012	0	0.000000E+000
4	328.14965826	-1.118707E-012	-1.371754E-012	-1	0.000000E+000
4	328.15318909	-1.299980E-012	-1.121798E-012	0	0.000000E+000
4	328.15511227	-1.149614E-012	-1.376437E-012	-1	0.000000E+000
4	328.16907506	-1.334545E-012	-1.146934E-012	0	0.000000E+000
4	328.17755277	-1.130628E-012	-1.349602E-012	-1	0.000000E+000
4	328.20211596	-1.318904E-012	-1.099052E-012	0	0.000000E+000
4	328.21134642	-1.180834E-012	-1.429555E-012	-1	0.000000E+000
4	328.21493654	-1.385599E-012	-1.127887E-012	0	0.000000E+000
4	328.21658681	-1.165979E-012	-1.359005E-012	-1	0.000000E+000
4	328.21789731	-1.359005E-012	-1.109826E-012	0	0.000000E+000
4	328.22098219	-1.109826E-012	-1.341948E-012	-1	0.000000E+000
4	328.22286183	-1.341948E-012	-1.123473E-012	0	0.000000E+000
4	328.22607894	-1.120055E-012	-1.372071E-012	-1	0.000000E+000
4	328.23790468	-1.354489E-012	-1.125380E-012	0	0.000000E+000
4	328.24727443	-1.123742E-012	-1.373400E-012	-1	0.000000E+000
4	328.25373225	-1.373400E-012	-1.093420E-012	0	0.000000E+000
4	328.25655482	-1.097979E-012	-1.368944E-012	-1	0.000000E+000
4	328.26318920	-1.307779E-012	-1.118512E-012	0	0.000000E+000
4	328.26606149	-1.124239E-012	-1.368421E-012	-1	0.000000E+000
4	328.26732948	-1.368421E-012	-1.103819E-012	0	0.000000E+000
4	328.27114780	-1.144203E-012	-1.332923E-012	-1	0.000000E+000
4	328.28228585	-1.349154E-012	-1.129511E-012	0	0.000000E+000
4	328.28330758	-1.129511E-012	-1.351980E-012	-1	0.000000E+000
4	328.29133217	-1.322599E-012	-1.112227E-012	0	0.000000E+000
4	328.29453617	-1.129546E-012	-1.396711E-012	-1	0.000000E+000
4	328.29660346	-1.397669E-012	-1.098217E-012	0	0.000000E+000
4	328.30562579	-1.121650E-012	-1.338358E-012	-1	0.000000E+000
4	328.32812523	-1.334114E-012	-1.123147E-012	0	0.000000E+000
4	328.32941538	-1.127346E-012	-1.365674E-012	-1	0.000000E+000
4	328.33649326	-1.310798E-012	-1.099532E-012	0	0.000000E+000
4	352.11361536	-1.117942E-012	-1.361965E-012	-1	0.000000E+000
4	352.11675708	-1.310604E-012	-1.094209E-012	0	0.000000E+000
4	352.12369491	-1.094209E-012	-1.373444E-012	-1	0.000000E+000
4	352.15886096	-1.322704E-012	-1.105855E-012	0	0.000000E+000
4	352.16051817	-1.105855E-012	-1.339063E-012	-1	0.000000E+000
4	352.16797197	-1.276897E-012	-1.084381E-012	0	0.000000E+000
4	352.17026754	-1.084381E-012	-1.334669E-012	-1	0.000000E+000
4	352.18207263	-1.336265E-012	-1.078074E-012	0	0.000000E+000
4	352.18359467	-1.102935E-012	-1.325174E-012	-1	0.000000E+000
4	352.18560386	-1.325174E-012	-1.104179E-012	0	0.000000E+000
4	352.19861159	-1.095746E-012	-1.325367E-012	-1	0.000000E+000
4	352.24022620	-1.287275E-012	-1.076411E-012	0	0.000000E+000
4	352.24165124	-1.076411E-012	-1.326986E-012	-1	0.000000E+000
4	352.24365655	-1.326986E-012	-1.125738E-012	0	0.000000E+000
4	352.24658009	-1.139220E-012	-1.361129E-012	-1	0.000000E+000
4	352.26003890	-1.324108E-012	-1.080581E-012	0	0.000000E+000
4	352.26224124	-1.080581E-012	-1.292130E-012	-1	0.000000E+000
4	352.29799402	-1.286441E-012	-1.076490E-012	0	0.000000E+000
4	352.29844029	-1.076490E-012	-1.332967E-012	-1	0.000000E+000
4	352.32480500	-1.298420E-012	-1.068349E-012	0	0.000000E+000
4	352.32604271	-1.060584E-012	-1.277946E-012	-1	0.000000E+000
4	352.32858006	-1.285858E-012	-1.075087E-012	0	0.000000E+000
4	352.33012178	-1.074960E-012	-1.305392E-012	-1	0.000000E+000
4	352.35383084	-1.316569E-012	-1.082066E-012	0	0.000000E+000
4	352.35582355	-1.083456E-012	-1.294899E-012	-1	0.000000E+000
4	352.37309051	-1.294649E-012	-1.075087E-012	0	0.000000E+000
4	352.37427734	-1.124125E-012	-1.376457E-012	-1	0.000000E+000
4	352.37762514	-1.358131E-012	-1.124715E-012	0	0.000000E+000
4	352.38337732	-1.125949E-012	-1.367090E-012	-1	0.000000E+000
4	352.39259311	-1.367090E-012	-1.092036E-012	0	0.000000E+000
4	352.39344379	-1.092036E-012	-1.312625E-012	-1	0.000000E+000
4	352.40618028	-1.321416E-012	-1.104886E-012	0	0.000000E+000
4	352.40741567	-1.142205E-012	-1.343432E-012	-1	0.000000E+000
4	352.44481140	-1.326129E-012	-1.104886E-012	0	0.000000E+000
4	352.44560450	-1.120599E-012	-1.383708E-012	-1	0.000000E+000
4	352.44811250	-1.362845E-012	-1.131158E-012	0	0.000000E+000
4	352.46086822	-1.131158E-012	-1.376769E-012	-1	0.000000E+000
4	352.46415274	-1.390622E-012	-1.137764E-012	0	0.000000E+000
4	352.46467423	-1.137764E-012	-1.362954E-012	-1	0.000000E+000
4	352.47145644	-1.351390E-012	-1.117176E-012	0	0.000000E+000
4	352.47263960	-1.129724E-012	-1.355955E-012	-1	0.000000E+000
4	352.48791005	-1.328694E-012	-1.134393E-012	0	0.000000E+000
4	352.48908772	-1.161458E-012	-1.365876E-012	-1	0.000000E+000
4	352.50075761	-1.338092E-012	-1.141948E-012	0	0.000000E+000
4	352.50337901	-1.141948E-012	-1.362896E-012	-1	0.000000E+000
4	352.51298255	-1.338654E-012	-1.127248E-012	0	0.000000E+000
4	352.51392571	-1.151878E-012	-1.350015E-012	-1	0.000000E+000
4	352.54824630	-1.261390E-012	-1.096012E-012	0	0.000000E+000
4	352.55305184	-1.096012E-012	-1.345739E-012	-1	0.000000E+000
4	352.55758205	-1.323778E-012	-1.106252E-012	0	0.000000E+000
4	352.55960136	-1.102228E-012	-1.336154E-012	-1	0.000000E+000
4	352.56362129	-1.344359E-012	-1.084552E-012	0	0.000000E+000
4	352.56499204	-1.102243E-012	-1.334400E-012	-1	0.000000E+000
4	352.57340767	-1.314370E-012	-1.108278E-012	0	0.000000E+000
4	352.57548923	-1.108278E-012	-1.330868E-012	-1	0.000000E+000
4	352.57861320	-1.330868E-012	-1.115293E-012	0	0.000000E+000
4	352.58446418	-1.115293E-012	-1.364074E-012	-1	0.000000E+000
4	352.60105079	-1.364074E-012	-1.150561E-012	0	0.000000E+000
4	352.60494425	-1.131704E-012	-1.438360E-012	-1	0.000000E+000
4	352.60801205	-1.430762E-012	-1.158039E-012	0	0.000000E+000
4	352.62112099	-1.144356E-012	-1.405774E-012	-1	0.000000E+000
4	352.63281417	-1.336293E-012	-1.143784E-012	0	0.000000E+000
4	352.63534248	-1.143784E-012	-1.401185E-012	-1	0.000000E+000
4	352.64161623	-1.392394E-012	-1.139082E-012	0	0.000000E+000
4	352.64542636	-1.139082E-012	-1.360737E-012	-1	0.000000E+000
4	352.65132394	-1.321566E-012	-1.095488E-012	0	0.000000E+000
4	352.65229852	-1.116568E-012	-1.339161E-012	-1	0.000000E+000
4	352.65479915	-1.322185E-012	-1.086344E-012	0	0.000000E+000
4	352.65624322	-1.103729E-012	-1.333840E-012	-1	0.000000E+000
4	352.65855265	-1.353070E-012	-1.108904E-012	0	0.000000E+000
4	352.65930886	-1.124650E-012	-1.389402E-012	-1	0.000000E+000
4	352.68133197	-1.374982E-012	-1.097733E-012	0	0.000000E+000
4	352.68254459	-1.107985E-012	-1.356529E-012	-1	0.000000E+000
4	352.68659695	-1.376948E-012	-1.123285E-012	0	0.000000E+000
4	352.69493900	-1.129114E-012	-1.356014E-012	-1	0.000000E+000
4	352.71203452	-1.376948E-012	-1.106264E-012	0	0.000000E+000
4	352.72040994	-1.099474E-012	-1.356529E-012	-1	0.000000E+000
4	352.72237482	-1.359927E-012	-1.089243E-012	0	0.000000E+000
4	352.72313421	-1.078534E-012	-1.366288E-012	-1	0.000000E+000
4	352.73072711	-1.330830E-012	-1.093311E-012	0	0.000000E+000
4	352.73560630	-1.082453E-012	-1.382061E-012	-1	0.000000E+000
4	352.74096360	-1.355381E-012	-1.104651E-012	0	0.000000E+000
4	352.74277514	-1.090964E-012	-1.356529E-012	-1	0.000000E+000
4	352.74560501	-1.351416E-012	-1.080732E-012	0	0.000000E+000
4	352.74854715	-1.096170E-012	-1.395629E-012	-1	0.000000E+000
4	352.75129841	-1.383493E-012	-1.063690E-012	0	0.000000E+000
4	352.75593564	-1.083284E-012	-1.353913E-012	-1	0.000000E+000
