5	0.09424294	-3.138569E-012	-3.925562E-012	-1	0.000000E+000
5	0.10969546	-3.879426E-012	-3.109192E-012	0	0.000000E+000
5	0.11150153	-3.109192E-012	-3.866037E-012	-1	0.000000E+000
5	0.13124290	-3.866037E-012	-3.008951E-012	0	0.000000E+000
5	0.13221412	-3.008951E-012	-3.943056E-012	-1	0.000000E+000
5	0.17697324	-3.870460E-012	-3.084100E-012	0	0.000000E+000
5	0.17832477	-3.131636E-012	-3.929917E-012	-1	0.000000E+000
5	0.20038034	-3.838751E-012	-3.158809E-012	0	0.000000E+000
5	0.20184208	-3.158809E-012	-3.856637E-012	-1	0.000000E+000
5	0.22657460	-3.856637E-012	-3.187591E-012	0	0.000000E+000
5	0.22836046	-3.196818E-012	-3.818770E-012	-1	0.000000E+000
5	0.24445644	-3.696631E-012	-3.111695E-012	0	0.000000E+000
5	0.24516071	-3.111695E-012	-3.816118E-012	-1	0.000000E+000
5	0.24838607	-3.816118E-012	-3.237041E-012	0	0.000000E+000
5	0.25031477	-3.025678E-012	-3.714599E-012	-1	0.000000E+000
5	0.26237864	-3.783541E-012	-3.173304E-012	0	0.000000E+000
5	0.26450623	-3.173304E-012	-3.835129E-012	-1	0.000000E+000
5	0.28054810	-3.922151E-012	-3.277972E-012	0	0.000000E+000
5	0.28221068	-3.292697E-012	-3.886820E-012	-1	0.000000E+000
5	0.28805247	-3.886820E-012	-3.050294E-012	0	0.000000E+000
5	0.28886644	-3.050294E-012	-3.918955E-012	-1	0.000000E+000
5	0.30795494	-3.918955E-012	-2.936958E-012	0	0.000000E+000
5	0.30993272	-2.936958E-012	-3.835655E-012	-1	0.000000E+000
5	0.31195000	-3.964836E-012	-3.126412E-012	0	0.000000E+000
5	0.31408818	-3.172548E-012	-3.893113E-012	-1	0.000000E+000
5	0.31755000	-3.939249E-012	-3.122418E-012	0	0.000000E+000
5	0.31842624	-3.122418E-012	-3.962753E-012	-1	0.000000E+000
5	0.33442499	-4.033699E-012	-3.221215E-012	0	0.000000E+000
5	0.34817222	-3.221215E-012	-4.064423E-012	-1	0.000000E+000
5	0.35939113	-4.036741E-012	-3.295253E-012	0	0.000000E+000
5	0.36485950	-3.295253E-012	-3.926585E-012	-1	0.000000E+000
5	0.38718232	-4.037543E-012	-3.294236E-012	0	0.000000E+000
5	0.39438753	-3.311647E-012	-3.969474E-012	-1	0.000000E+000
5	0.41045398	-3.962253E-012	-3.228811E-012	0	0.000000E+000
5	0.41143387	-3.228811E-012	-3.962199E-012	-1	0.000000E+000
5	0.46864872	-3.841084E-012	-3.084127E-012	0	0.000000E+000
5	0.47006434	-3.084127E-012	-3.808499E-012	-1	0.000000E+000
5	0.50227846	-3.875303E-012	-3.164695E-012	0	0.000000E+000
5	0.50393516	-3.164695E-012	-3.763739E-012	-1	0.000000E+000
5	0.50834677	-3.846784E-012	-3.130896E-012	0	0.000000E+000
5	0.50983561	-3.149350E-012	-3.752679E-012	-1	0.000000E+000
5	0.51646881	-3.764458E-012	-3.025412E-012	0	0.000000E+000
5	0.51831640	-3.047957E-012	-3.824952E-012	-1	0.000000E+000
5	0.52792603	-3.796274E-012	-3.020258E-012	0	0.000000E+000
5	0.52926538	-3.020258E-012	-3.735605E-012	-1	0.000000E+000
5	0.63201424	-3.778596E-012	-2.999890E-012	0	0.000000E+000
5	0.64148493	-2.972213E-012	-3.818324E-012	-1	0.000000E+000
5	0.65061804	-3.805421E-012	-3.152581E-012	0	0.000000E+000
5	0.65368086	-3.152581E-012	-3.744536E-012	-1	0.000000E+000
5	0.67788813	-3.678591E-012	-3.204659E-012	0	0.000000E+000
5	0.69613436	-3.179344E-012	-3.767791E-012	-1	0.000000E+000
5	0.70862206	-3.850836E-012	-3.147939E-012	0	0.000000E+000
5	0.72359332	-3.059925E-012	-3.748876E-012	-1	0.000000E+000
5	0.73766477	-3.748876E-012	-2.972738E-012	0	0.000000E+000
5	0.74988784	-2.972738E-012	-3.839768E-012	-1	0.000000E+000
5	0.76347686	-3.839768E-012	-3.057712E-012	0	0.000000E+000
5	0.76544138	-3.168439E-012	-3.825912E-012	-1	0.000000E+000
5	0.77986588	-3.825912E-012	-2.946816E-012	0	0.000000E+000
5	0.78137545	-2.946816E-012	-3.677526E-012	-1	0.000000E+000
5	0.84388175	-4.013896E-012	-3.110931E-012	0	0.000000E+000
5	0.84573272	-3.110931E-012	-4.069827E-012	-1	0.000000E+000
5	0.91031296	-3.940646E-012	-3.085124E-012	0	0.000000E+000
5	0.91247403	-3.031498E-012	-3.822124E-012	-1	0.000000E+000
5	0.96193777	-3.778382E-012	-3.133005E-012	0	0.000000E+000
5	0.96342824	-3.160687E-012	-3.829446E-012	-1	0.000000E+000
5	0.97706367	-3.829446E-012	-3.150063E-012	0	0.000000E+000
5	0.97784445	-3.150063E-012	-3.759232E-012	-1	0.000000E+000
5	1.04515988	-3.759232E-012	-3.108863E-012	0	0.000000E+000
5	1.04670413	-3.113176E-012	-3.668174E-012	-1	0.000000E+000
5	1.11381255	-3.831223E-012	-3.124653E-012	0	0.000000E+000
5	1.11513334	-3.129374E-012	-3.790765E-012	-1	0.000000E+000
5	1.14531884	-3.798219E-012	-3.109517E-012	0	0.000000E+000
5	2.07494166	-3.104407E-012	-3.912322E-012	-1	0.000000E+000
5	2.07855516	-3.912322E-012	-3.075068E-012	0	0.000000E+000
5	2.07982221	-3.075068E-012	-3.864061E-012	-1	0.000000E+000
5	2.13653501	-4.140114E-012	-3.233076E-012	0	0.000000E+000
5	2.13865823	-3.233076E-012	-4.058914E-012	-1	0.000000E+000
5	2.14040906	-4.058914E-012	-3.274872E-012	0	0.000000E+000
5	2.14125033	-3.274872E-012	-4.037256E-012	-1	0.000000E+000
5	2.17054434	-3.932039E-012	-3.121616E-012	0	0.000000E+000
5	2.17182770	-3.121616E-012	-3.995985E-012	-1	0.000000E+000
5	2.17318920	-3.995985E-012	-3.155940E-012	0	0.000000E+000
5	2.17414571	-3.155940E-012	-4.043793E-012	-1	0.000000E+000
5	2.19711951	-4.043793E-012	-3.183560E-012	0	0.000000E+000
5	2.19932778	-3.183560E-012	-3.971473E-012	-1	0.000000E+000
5	2.20841837	-4.133187E-012	-3.427332E-012	0	0.000000E+000
5	2.21008303	-3.414904E-012	-4.115526E-012	-1	0.000000E+000
5	2.21651103	-4.101816E-012	-3.332843E-012	0	0.000000E+000
5	2.22041630	-3.277832E-012	-3.915983E-012	-1	0.000000E+000
5	2.39684987	-3.934437E-012	-3.276349E-012	0	0.000000E+000
5	2.40041712	-3.267122E-012	-3.831937E-012	-1	0.000000E+000
5	2.52855119	-3.784555E-012	-3.007295E-012	0	0.000000E+000
5	2.53064506	-3.007295E-012	-3.755178E-012	-1	0.000000E+000
5	2.57845902	-3.826277E-012	-3.170199E-012	0	0.000000E+000
5	2.57943757	-3.170199E-012	-3.783903E-012	-1	0.000000E+000
5	2.58101661	-3.839267E-012	-3.131448E-012	0	0.000000E+000
5	2.58162282	-3.131448E-012	-3.865832E-012	-1	0.000000E+000
5	2.60068186	-4.001375E-012	-3.201220E-012	0	0.000000E+000
5	2.60148377	-3.201220E-012	-3.938990E-012	-1	0.000000E+000
5	2.60705536	-4.060509E-012	-3.173067E-012	0	0.000000E+000
5	2.60799181	-3.173067E-012	-3.894922E-012	-1	0.000000E+000
5	2.62095741	-3.950285E-012	-3.122987E-012	0	0.000000E+000
5	2.62233866	-3.118414E-012	-3.893464E-012	-1	0.000000E+000
5	2.62810384	-3.917735E-012	-3.159832E-012	0	0.000000E+000
5	2.62933804	-3.159832E-012	-4.061122E-012	-1	0.000000E+000
5	2.65246508	-3.968850E-012	-3.024567E-012	0	0.000000E+000
5	2.65356989	-3.024567E-012	-3.856485E-012	-1	0.000000E+000
5	2.69615081	-3.944291E-012	-3.220162E-012	0	0.000000E+000
5	2.69693860	-3.220162E-012	-3.943785E-012	-1	0.000000E+000
5	2.72456161	-4.024299E-012	-3.372167E-012	0	0.000000E+000
5	2.72911254	-3.342625E-012	-4.048355E-012	-1	0.000000E+000
5	2.73032848	-4.117141E-012	-3.513435E-012	0	0.000000E+000
5	2.82126235	-3.393481E-012	-4.126701E-012	-1	0.000000E+000
5	2.82600668	-4.163610E-012	-3.483859E-012	0	0.000000E+000
5	3.10485387	-3.115096E-012	-3.986324E-012	-1	0.000000E+000
5	3.15354134	-4.163485E-012	-3.238651E-012	0	0.000000E+000
5	3.15487398	-3.223323E-012	-3.988908E-012	-1	0.000000E+000
5	3.17064124	-4.114476E-012	-3.314618E-012	0	0.000000E+000
5	3.22753775	-3.472425E-012	-4.110382E-012	-1	0.000000E+000
5	3.23726169	-4.106566E-012	-3.399193E-012	0	0.000000E+000
5	3.36219251	-2.970985E-012	-4.021508E-012	-1	0.000000E+000
5	3.38993840	-4.125308E-012	-3.263622E-012	0	0.000000E+000
5	3.39121169	-3.272849E-012	-4.192200E-012	-1	0.000000E+000
5	3.41196193	-4.118383E-012	-3.130175E-012	0	0.000000E+000
5	3.41298020	-3.130175E-012	-4.082157E-012	-1	0.000000E+000
5	3.43736069	-4.115917E-012	-3.228205E-012	0	0.000000E+000
5	3.43835681	-3.228205E-012	-4.126950E-012	-1	0.000000E+000
5	3.44472395	-4.126950E-012	-3.263474E-012	0	0.000000E+000
5	3.44581170	-3.263474E-012	-4.197036E-012	-1	0.000000E+000
5	3.54629215	-4.132637E-012	-3.258033E-012	0	0.000000E+000
5	3.54785000	-3.258033E-012	-4.164817E-012	-1	0.000000E+000
5	3.59095741	-4.164817E-012	-3.290703E-012	0	0.000000E+000
5	3.59238942	-3.316509E-012	-4.201145E-012	-1	0.000000E+000
5	3.64693862	-4.032659E-012	-3.265426E-012	0	0.000000E+000
5	3.64844602	-3.237744E-012	-4.086837E-012	-1	0.000000E+000
5	3.67559821	-4.086837E-012	-3.308236E-012	0	0.000000E+000
5	3.67705164	-3.308236E-012	-4.138236E-012	-1	0.000000E+000
5	3.70291312	-4.066476E-012	-3.291123E-012	0	0.000000E+000
5	3.70348131	-3.291123E-012	-3.963166E-012	-1	0.000000E+000
5	3.70477624	-4.018530E-012	-3.225704E-012	0	0.000000E+000
5	3.70556017	-3.225704E-012	-4.071662E-012	-1	0.000000E+000
5	3.73365741	-4.136252E-012	-3.386366E-012	0	0.000000E+000
5	3.73541115	-3.423432E-012	-4.105424E-012	-1	0.000000E+000
5	3.77557299	-4.124196E-012	-3.259573E-012	0	0.000000E+000
5	3.77606883	-3.259573E-012	-3.987384E-012	-1	0.000000E+000
5	3.79161264	-4.095987E-012	-3.395803E-012	0	0.000000E+000
5	3.79354627	-3.395803E-012	-4.094790E-012	-1	0.000000E+000
5	3.79429219	-4.094790E-012	-3.367798E-012	0	0.000000E+000
5	3.79524266	-3.330889E-012	-3.989618E-012	-1	0.000000E+000
5	3.81675000	-4.091117E-012	-3.318518E-012	0	0.000000E+000
5	3.81929121	-3.309291E-012	-3.993528E-012	-1	0.000000E+000
5	3.82584674	-4.114957E-012	-3.322964E-012	0	0.000000E+000
5	3.86499380	-3.317414E-012	-3.988120E-012	-1	0.000000E+000
5	3.89852208	-4.209573E-012	-3.228707E-012	0	0.000000E+000
5	3.89954349	-3.228707E-012	-4.176349E-012	-1	0.000000E+000
5	3.93025000	-4.176349E-012	-3.211141E-012	0	0.000000E+000
5	3.93151503	-3.211141E-012	-3.951243E-012	-1	0.000000E+000
5	3.97901617	-3.864498E-012	-3.324265E-012	0	0.000000E+000
5	4.21852541	-3.294959E-012	-4.118694E-012	-1	0.000000E+000
5	4.30155988	-4.229421E-012	-3.380326E-012	0	0.000000E+000
5	4.30249577	-3.380326E-012	-4.084476E-012	-1	0.000000E+000
5	4.34152788	-4.046951E-012	-3.161019E-012	0	0.000000E+000
5	4.34209994	-3.161019E-012	-4.138985E-012	-1	0.000000E+000
5	4.35483760	-4.127330E-012	-3.321280E-012	0	0.000000E+000
5	4.35829889	-3.321280E-012	-4.114358E-012	-1	0.000000E+000
5	4.41201777	-4.114358E-012	-3.344637E-012	0	0.000000E+000
5	4.41356984	-3.344637E-012	-4.096680E-012	-1	0.000000E+000
5	4.42772428	-4.096680E-012	-3.305565E-012	0	0.000000E+000
5	4.42904457	-3.305565E-012	-4.125361E-012	-1	0.000000E+000
5	4.43114891	-4.125361E-012	-3.163137E-012	0	0.000000E+000
5	4.43385751	-3.163137E-012	-4.138799E-012	-1	0.000000E+000
5	4.46997465	-3.980616E-012	-3.148205E-012	0	0.000000E+000
5	4.47100234	-3.148205E-012	-4.056222E-012	-1	0.000000E+000
5	4.49420770	-3.975488E-012	-3.165536E-012	0	0.000000E+000
5	4.49549800	-3.206076E-012	-3.971913E-012	-1	0.000000E+000
5	4.51465000	-4.091867E-012	-3.281237E-012	0	0.000000E+000
5	4.51562269	-3.281237E-012	-4.010279E-012	-1	0.000000E+000
5	4.52884186	-4.016420E-012	-3.354147E-012	0	0.000000E+000
5	4.53042714	-3.354147E-012	-4.237460E-012	-1	0.000000E+000
5	4.53886931	-4.142261E-012	-3.385712E-012	0	0.000000E+000
5	4.53987571	-3.358030E-012	-4.086631E-012	-1	0.000000E+000
5	4.55245983	-4.095194E-012	-3.273304E-012	0	0.000000E+000
5	4.55401770	-3.273304E-012	-4.186006E-012	-1	0.000000E+000
5	4.60627849	-4.114862E-012	-3.300097E-012	0	0.000000E+000
5	4.60712802	-3.300097E-012	-4.099299E-012	-1	0.000000E+000
5	4.62826631	-4.140250E-012	-3.302426E-012	0	0.000000E+000
5	4.63050553	-3.302426E-012	-4.139299E-012	-1	0.000000E+000
5	4.63732521	-4.097292E-012	-3.315161E-012	0	0.000000E+000
5	4.64134737	-3.259798E-012	-4.073656E-012	-1	0.000000E+000
5	4.70020764	-4.059422E-012	-3.327379E-012	0	0.000000E+000
5	4.70129226	-3.318151E-012	-4.119055E-012	-1	0.000000E+000
5	4.72398504	-4.069207E-012	-3.357049E-012	0	0.000000E+000
5	4.72622268	-3.357049E-012	-4.159487E-012	-1	0.000000E+000
5	4.74562703	-4.182050E-012	-3.517764E-012	0	0.000000E+000
5	4.84313870	-3.513334E-012	-4.331503E-012	-1	0.000000E+000
5	4.85266980	-4.239587E-012	-3.547840E-012	0	0.000000E+000
5	4.86836602	-3.512349E-012	-4.319402E-012	-1	0.000000E+000
5	4.89711678	-4.201123E-012	-3.321403E-012	0	0.000000E+000
5	5.02346719	-3.333300E-012	-4.186289E-012	-1	0.000000E+000
5	5.06963719	-4.186289E-012	-3.329886E-012	0	0.000000E+000
5	5.07138762	-3.329886E-012	-4.135179E-012	-1	0.000000E+000
5	5.08042148	-4.135179E-012	-3.372049E-012	0	0.000000E+000
5	5.08555000	-3.372049E-012	-4.231601E-012	-1	0.000000E+000
5	5.11715098	-4.231601E-012	-3.431492E-012	0	0.000000E+000
5	5.11900053	-3.366902E-012	-4.090190E-012	-1	0.000000E+000
5	5.15972370	-4.079055E-012	-3.308685E-012	0	0.000000E+000
5	5.16173434	-3.308685E-012	-4.063245E-012	-1	0.000000E+000
5	5.17009586	-4.045427E-012	-3.273771E-012	0	0.000000E+000
5	5.17184185	-3.292225E-012	-3.956072E-012	-1	0.000000E+000
5	5.18538457	-3.891482E-012	-3.120361E-012	0	0.000000E+000
5	5.18732891	-3.174533E-012	-3.778179E-012	-1	0.000000E+000
5	5.19975000	-3.778179E-012	-3.018700E-012	0	0.000000E+000
5	5.20048444	-3.018700E-012	-3.753326E-012	-1	0.000000E+000
5	5.27505988	-4.011688E-012	-3.257827E-012	0	0.000000E+000
5	5.27624413	-3.295836E-012	-3.945284E-012	-1	0.000000E+000
5	5.33336596	-3.953292E-012	-3.336113E-012	0	0.000000E+000
5	6.18491555	-3.258730E-012	-4.017459E-012	-1	0.000000E+000
5	6.18625721	-4.017459E-012	-3.370931E-012	0	0.000000E+000
5	6.18975000	-3.370931E-012	-4.151087E-012	-1	0.000000E+000
5	6.19080625	-4.151087E-012	-3.255330E-012	0	0.000000E+000
5	6.19295319	-3.255330E-012	-4.081241E-012	-1	0.000000E+000
5	6.22457943	-4.081241E-012	-3.422190E-012	0	0.000000E+000
5	6.23275000	-3.422190E-012	-4.021848E-012	-1	0.000000E+000
5	6.23683808	-4.022194E-012	-3.412035E-012	0	0.000000E+000
5	6.23741266	-3.412035E-012	-4.047633E-012	-1	0.000000E+000
5	6.24564532	-4.153004E-012	-3.358179E-012	0	0.000000E+000
5	6.25749025	-3.398947E-012	-4.108073E-012	-1	0.000000E+000
5	6.27075000	-4.108073E-012	-3.526136E-012	0	0.000000E+000
5	6.29355684	-3.461545E-012	-4.157725E-012	-1	0.000000E+000
5	6.31015000	-4.203861E-012	-3.552456E-012	0	0.000000E+000
5	6.31344578	-3.552456E-012	-4.291845E-012	-1	0.000000E+000
5	6.32012829	-4.218027E-012	-3.469333E-012	0	0.000000E+000
5	6.32321892	-3.469333E-012	-4.183393E-012	-1	0.000000E+000
5	6.35395549	-4.351611E-012	-3.433085E-012	0	0.000000E+000
5	6.37875000	-3.553039E-012	-4.361877E-012	-1	0.000000E+000
5	6.40473975	-4.324968E-012	-3.359240E-012	0	0.000000E+000
5	6.45238681	-3.329883E-012	-3.997243E-012	-1	0.000000E+000
5	6.49684523	-3.901660E-012	-3.177527E-012	0	0.000000E+000
5	6.49751661	-3.177527E-012	-3.874073E-012	-1	0.000000E+000
5	6.54163076	-3.826145E-012	-3.246856E-012	0	0.000000E+000
5	6.54384681	-3.256083E-012	-3.960336E-012	-1	0.000000E+000
5	6.58340110	-3.984571E-012	-3.256873E-012	0	0.000000E+000
5	6.58409986	-3.256873E-012	-3.912006E-012	-1	0.000000E+000
5	6.60194184	-3.912006E-012	-3.280451E-012	0	0.000000E+000
5	6.60311629	-3.280451E-012	-3.864582E-012	-1	0.000000E+000
5	6.60934735	-3.869647E-012	-3.223098E-012	0	0.000000E+000
5	6.67059745	-3.302878E-012	-3.897715E-012	-1	0.000000E+000
5	6.72355550	-4.008442E-012	-3.434168E-012	0	0.000000E+000
5	6.72735173	-3.434168E-012	-3.977682E-012	-1	0.000000E+000
5	6.75582367	-3.940774E-012	-3.288453E-012	0	0.000000E+000
5	6.75868032	-3.269999E-012	-3.856367E-012	-1	0.000000E+000
5	6.76680210	-3.936591E-012	-3.369111E-012	0	0.000000E+000
5	6.81088513	-3.507519E-012	-4.224559E-012	-1	0.000000E+000
5	6.83903650	-4.252679E-012	-3.382041E-012	0	0.000000E+000
5	6.84101981	-3.335904E-012	-4.215275E-012	-1	0.000000E+000
5	6.84184489	-4.215275E-012	-3.338701E-012	0	0.000000E+000
5	6.84285303	-3.338701E-012	-4.251046E-012	-1	0.000000E+000
5	6.95678210	-4.251046E-012	-3.349572E-012	0	0.000000E+000
5	6.95922531	-3.349572E-012	-4.018749E-012	-1	0.000000E+000
5	6.99372477	-3.926477E-012	-3.315068E-012	0	0.000000E+000
5	7.22822196	-3.430353E-012	-4.218445E-012	-1	0.000000E+000
5	7.24349429	-4.174517E-012	-3.329108E-012	0	0.000000E+000
5	7.24532547	-3.329108E-012	-4.062991E-012	-1	0.000000E+000
5	7.27857009	-4.139683E-012	-3.404351E-012	0	0.000000E+000
5	7.28299830	-3.395123E-012	-4.178031E-012	-1	0.000000E+000
5	7.28694093	-4.178031E-012	-3.418062E-012	0	0.000000E+000
5	7.28869523	-3.418062E-012	-4.204704E-012	-1	0.000000E+000
5	7.32164700	-4.302405E-012	-3.372386E-012	0	0.000000E+000
5	7.32241513	-3.372386E-012	-4.163112E-012	-1	0.000000E+000
5	7.32492800	-4.163112E-012	-3.368922E-012	0	0.000000E+000
5	7.32551002	-3.368922E-012	-4.154279E-012	-1	0.000000E+000
5	7.32865284	-4.154279E-012	-3.350565E-012	0	0.000000E+000
5	7.32950142	-3.350565E-012	-4.093553E-012	-1	0.000000E+000
5	7.40765000	-4.093553E-012	-3.365491E-012	0	0.000000E+000
5	7.40947840	-3.365491E-012	-4.109384E-012	-1	0.000000E+000
5	7.42940731	-4.162279E-012	-3.383758E-012	0	0.000000E+000
5	7.43223504	-3.383758E-012	-4.298392E-012	-1	0.000000E+000
5	7.43439927	-4.298392E-012	-3.399022E-012	0	0.000000E+000
5	7.43563871	-3.399022E-012	-4.249148E-012	-1	0.000000E+000
5	7.51124164	-4.138421E-012	-3.379737E-012	0	0.000000E+000
5	7.51296364	-3.400282E-012	-4.117915E-012	-1	0.000000E+000
5	7.51745000	-4.117915E-012	-3.438394E-012	0	0.000000E+000
5	7.51950471	-3.410712E-012	-4.184552E-012	-1	0.000000E+000
5	7.52113828	-4.184552E-012	-3.397583E-012	0	0.000000E+000
5	7.52413188	-3.397583E-012	-4.114504E-012	-1	0.000000E+000
5	7.52669191	-4.114504E-012	-3.367851E-012	0	0.000000E+000
5	7.52958043	-3.377078E-012	-4.105948E-012	-1	0.000000E+000
5	7.54715083	-4.105948E-012	-3.349530E-012	0	0.000000E+000
5	7.55535381	-3.341520E-012	-3.951082E-012	-1	0.000000E+000
5	7.57437551	-4.025954E-012	-3.378423E-012	0	0.000000E+000
5	7.59515000	-3.433786E-012	-4.290783E-012	-1	0.000000E+000
5	7.59732506	-4.290783E-012	-3.656645E-012	0	0.000000E+000
5	7.62454024	-3.677752E-012	-4.204384E-012	-1	0.000000E+000
5	7.62816153	-4.204384E-012	-3.646279E-012	0	0.000000E+000
5	7.63795741	-3.526326E-012	-4.193662E-012	-1	0.000000E+000
5	7.64041337	-4.119844E-012	-3.518264E-012	0	0.000000E+000
5	7.65498202	-3.518264E-012	-4.236810E-012	-1	0.000000E+000
5	7.65810369	-4.236810E-012	-3.543395E-012	0	0.000000E+000
5	7.66580797	-3.543395E-012	-4.196385E-012	-1	0.000000E+000
5	7.71262467	-4.102066E-012	-3.365268E-012	0	0.000000E+000
5	7.74492856	-3.365268E-012	-4.246355E-012	-1	0.000000E+000
5	7.75685000	-4.246355E-012	-3.394393E-012	0	0.000000E+000
5	7.77283493	-3.394393E-012	-4.159251E-012	-1	0.000000E+000
5	7.77636570	-4.159251E-012	-3.381170E-012	0	0.000000E+000
5	7.84799805	-3.457109E-012	-4.141756E-012	-1	0.000000E+000
5	7.87092940	-4.141756E-012	-3.311670E-012	0	0.000000E+000
5	7.88237900	-2.989661E-012	-3.448704E-012	-1	0.000000E+000
5	8.01211453	-3.449225E-012	-3.044003E-012	0	0.000000E+000
5	8.01779762	-3.099367E-012	-3.451985E-012	-1	0.000000E+000
5	8.04467648	-3.400961E-012	-2.971933E-012	0	0.000000E+000
5	8.04544344	-2.971933E-012	-3.421882E-012	-1	0.000000E+000
5	8.04697465	-3.399494E-012	-3.116752E-012	0	0.000000E+000
5	8.04816584	-3.116752E-012	-3.486861E-012	-1	0.000000E+000
5	8.05060974	-3.486861E-012	-2.872814E-012	0	0.000000E+000
5	8.05291246	-2.872814E-012	-3.340286E-012	-1	0.000000E+000
5	8.05838940	-3.487909E-012	-3.001040E-012	0	0.000000E+000
5	8.06168554	-3.015141E-012	-3.495941E-012	-1	0.000000E+000
5	8.07511009	-3.458274E-012	-3.060817E-012	0	0.000000E+000
5	8.07883406	-3.081074E-012	-3.516104E-012	-1	0.000000E+000
5	8.16090471	-3.365966E-012	-3.010626E-012	0	0.000000E+000
5	8.16636506	-3.003973E-012	-3.435717E-012	-1	0.000000E+000
5	8.23801944	-3.395420E-012	-2.952829E-012	0	0.000000E+000
5	8.23986267	-2.959912E-012	-3.417608E-012	-1	0.000000E+000
5	8.29782739	-3.416446E-012	-3.050971E-012	0	0.000000E+000
5	8.30392530	-2.967926E-012	-3.351474E-012	-1	0.000000E+000
5	8.37529777	-3.321010E-012	-2.943314E-012	0	0.000000E+000
5	8.37804780	-2.943314E-012	-3.351933E-012	-1	0.000000E+000
5	8.38320515	-3.294162E-012	-2.903321E-012	0	0.000000E+000
5	8.38471704	-2.903321E-012	-3.282380E-012	-1	0.000000E+000
5	8.41772737	-3.232271E-012	-2.805688E-012	0	0.000000E+000
5	8.41887796	-2.805688E-012	-3.219283E-012	-1	0.000000E+000
5	8.42857733	-3.230397E-012	-2.846706E-012	0	0.000000E+000
5	8.42993766	-2.846706E-012	-3.195388E-012	-1	0.000000E+000
5	8.56644319	-3.463274E-012	-2.923302E-012	0	0.000000E+000
5	8.57179785	-2.923302E-012	-3.383032E-012	-1	0.000000E+000
5	8.60025247	-3.383032E-012	-2.904892E-012	0	0.000000E+000
5	8.60534534	-2.889277E-012	-3.322317E-012	-1	0.000000E+000
5	8.63279500	-3.344857E-012	-2.883161E-012	0	0.000000E+000
5	8.63462857	-2.883161E-012	-3.404330E-012	-1	0.000000E+000
5	9.02887123	-3.368806E-012	-2.899833E-012	0	0.000000E+000
5	9.03583425	-2.872362E-012	-3.341118E-012	-1	0.000000E+000
5	9.13776975	-3.405709E-012	-2.924972E-012	0	0.000000E+000
5	9.14480861	-3.057426E-012	-3.568677E-012	-1	0.000000E+000
5	9.18023545	-3.531768E-012	-3.094521E-012	0	0.000000E+000
5	9.19240382	-3.062844E-012	-3.445854E-012	-1	0.000000E+000
5	9.22415884	-3.405101E-012	-2.991234E-012	0	0.000000E+000
5	9.22733647	-2.991234E-012	-3.376539E-012	-1	0.000000E+000
5	9.41070868	-3.363872E-012	-2.968503E-012	0	0.000000E+000
5	9.41647899	-2.968503E-012	-3.389011E-012	-1	0.000000E+000
5	9.51168510	-3.258348E-012	-2.860428E-012	0	0.000000E+000
5	9.51602142	-2.860428E-012	-3.268093E-012	-1	0.000000E+000
5	9.54257877	-3.247210E-012	-2.879623E-012	0	0.000000E+000
5	9.54781268	-2.898696E-012	-3.294865E-012	-1	0.000000E+000
5	9.60866907	-3.325855E-012	-2.920328E-012	0	0.000000E+000
5	9.63937715	-2.920328E-012	-3.328502E-012	-1	0.000000E+000
5	9.67638534	-3.328502E-012	-2.912310E-012	0	0.000000E+000
5	9.68879492	-3.002340E-012	-3.338859E-012	-1	0.000000E+000
5	9.72104808	-3.455461E-012	-3.060311E-012	0	0.000000E+000
5	9.72562413	-3.051083E-012	-3.494085E-012	-1	0.000000E+000
5	9.79130172	-3.302303E-012	-2.888653E-012	0	0.000000E+000
5	9.79770367	-2.972652E-012	-3.314473E-012	-1	0.000000E+000
5	9.93912970	-3.285337E-012	-2.952317E-012	0	0.000000E+000
5	9.94493924	-2.952317E-012	-3.301047E-012	-1	0.000000E+000
5	10.00273332	-3.162638E-012	-2.675541E-012	0	0.000000E+000
5	10.00384469	-2.717781E-012	-3.101767E-012	-1	0.000000E+000
5	10.79959605	-3.239000E-012	-3.242789E-012	0	0.000000E+000
5	11.06532475	-3.305110E-012	-4.027186E-012	-1	0.000000E+000
5	11.11489337	-4.151930E-012	-3.357551E-012	0	0.000000E+000
5	11.11583439	-3.357551E-012	-4.084083E-012	-1	0.000000E+000
5	11.12775000	-3.973356E-012	-3.248822E-012	0	0.000000E+000
5	11.12841879	-3.248822E-012	-3.933573E-012	-1	0.000000E+000
5	11.13718450	-3.908828E-012	-3.313047E-012	0	0.000000E+000
5	11.14585327	-3.370461E-012	-3.888324E-012	-1	0.000000E+000
5	11.14800357	-3.888324E-012	-3.414449E-012	0	0.000000E+000
5	11.15135021	-3.395994E-012	-3.891487E-012	-1	0.000000E+000
5	11.17952073	-3.883848E-012	-3.138315E-012	0	0.000000E+000
5	11.18114175	-3.138315E-012	-3.936179E-012	-1	0.000000E+000
5	11.18252821	-3.936179E-012	-3.184982E-012	0	0.000000E+000
5	11.18365348	-3.184982E-012	-3.946519E-012	-1	0.000000E+000
5	11.21502465	-4.004338E-012	-3.323386E-012	0	0.000000E+000
5	11.21593886	-3.323386E-012	-3.993484E-012	-1	0.000000E+000
5	11.25585000	-3.864303E-012	-3.327989E-012	0	0.000000E+000
5	11.26041476	-3.337217E-012	-3.851821E-012	-1	0.000000E+000
5	11.28024242	-3.817858E-012	-3.346979E-012	0	0.000000E+000
5	11.32465295	-3.361149E-012	-3.961735E-012	-1	0.000000E+000
5	11.34477702	-4.039044E-012	-3.465389E-012	0	0.000000E+000
5	11.34565546	-3.465389E-012	-3.998574E-012	-1	0.000000E+000
5	11.36442241	-3.998574E-012	-3.367763E-012	0	0.000000E+000
5	11.36652485	-3.401972E-012	-4.029588E-012	-1	0.000000E+000
5	11.39629649	-4.039583E-012	-3.429190E-012	0	0.000000E+000
5	11.44615454	-3.380675E-012	-3.996289E-012	-1	0.000000E+000
5	11.45420622	-3.996289E-012	-3.263704E-012	0	0.000000E+000
5	11.45519212	-3.263704E-012	-3.895242E-012	-1	0.000000E+000
5	11.46609533	-4.052157E-012	-3.243507E-012	0	0.000000E+000
5	11.46672440	-3.243507E-012	-3.959909E-012	-1	0.000000E+000
5	11.48751121	-3.874533E-012	-3.278687E-012	0	0.000000E+000
5	11.53415000	-3.361732E-012	-3.916157E-012	-1	0.000000E+000
5	11.54082324	-4.004642E-012	-3.436440E-012	0	0.000000E+000
5	11.86546896	-3.288805E-012	-4.058939E-012	-1	0.000000E+000
5	11.88388221	-4.114302E-012	-3.340884E-012	0	0.000000E+000
5	12.03256692	-3.340884E-012	-4.176003E-012	-1	0.000000E+000
5	12.04044468	-4.186847E-012	-3.442003E-012	0	0.000000E+000
5	13.48179372	-3.601580E-012	-4.501066E-012	-1	0.000000E+000
5	13.49694529	-4.481178E-012	-3.676139E-012	0	0.000000E+000
5	13.49749405	-3.676139E-012	-4.454604E-012	-1	0.000000E+000
5	13.50616954	-4.417447E-012	-3.732753E-012	0	0.000000E+000
5	13.50703431	-3.732753E-012	-4.320046E-012	-1	0.000000E+000
5	13.51834231	-4.523045E-012	-3.721552E-012	0	0.000000E+000
5	13.51932296	-3.721552E-012	-4.438613E-012	-1	0.000000E+000
5	13.53081456	-4.513671E-012	-3.595477E-012	0	0.000000E+000
5	13.53234239	-3.595477E-012	-4.470122E-012	-1	0.000000E+000
5	13.53866701	-4.396411E-012	-3.531455E-012	0	0.000000E+000
5	13.53948665	-3.531455E-012	-4.401602E-012	-1	0.000000E+000
5	13.66337190	-4.428860E-012	-3.445746E-012	0	0.000000E+000
5	13.66535490	-3.445746E-012	-4.357232E-012	-1	0.000000E+000
5	13.76083032	-4.208188E-012	-3.374285E-012	0	0.000000E+000
5	13.76244430	-3.392740E-012	-4.248054E-012	-1	0.000000E+000
5	13.79671407	-4.325324E-012	-3.496950E-012	0	0.000000E+000
5	13.79736266	-3.496950E-012	-4.275782E-012	-1	0.000000E+000
5	13.84652387	-4.232990E-012	-3.484478E-012	0	0.000000E+000
5	14.20693818	-3.487672E-012	-4.357291E-012	-1	0.000000E+000
5	14.28005000	-4.357291E-012	-3.416712E-012	0	0.000000E+000
5	14.28103203	-3.416712E-012	-4.210647E-012	-1	0.000000E+000
5	14.28726408	-4.133909E-012	-3.464211E-012	0	0.000000E+000
5	14.29090385	-3.445757E-012	-4.346060E-012	-1	0.000000E+000
5	14.29917825	-4.396970E-012	-3.640200E-012	0	0.000000E+000
5	14.79198446	-3.363383E-012	-4.209977E-012	-1	0.000000E+000
5	14.89326048	-4.216294E-012	-3.383431E-012	0	0.000000E+000
5	14.89679566	-3.448021E-012	-4.290944E-012	-1	0.000000E+000
5	14.99888589	-4.259833E-012	-3.458537E-012	0	0.000000E+000
5	15.00821010	-3.502866E-012	-4.335621E-012	-1	0.000000E+000
5	15.04005000	-4.206440E-012	-3.289604E-012	0	0.000000E+000
5	15.04117498	-3.289604E-012	-4.179395E-012	-1	0.000000E+000
5	15.05217773	-4.336258E-012	-3.546937E-012	0	0.000000E+000
5	15.05372591	-3.546937E-012	-4.298510E-012	-1	0.000000E+000
5	15.06875389	-4.204028E-012	-3.272619E-012	0	0.000000E+000
5	15.07033716	-3.280112E-012	-4.171279E-012	-1	0.000000E+000
5	15.08506421	-4.232996E-012	-3.212813E-012	0	0.000000E+000
5	15.08831286	-3.268176E-012	-4.177972E-012	-1	0.000000E+000
5	15.09040732	-4.233336E-012	-3.364420E-012	0	0.000000E+000
5	15.09353193	-3.429010E-012	-4.272835E-012	-1	0.000000E+000
5	15.17292215	-4.272835E-012	-3.433310E-012	0	0.000000E+000
5	15.17419382	-3.424083E-012	-4.171672E-012	-1	0.000000E+000
5	15.19005000	-4.300853E-012	-3.449522E-012	0	0.000000E+000
5	15.19688084	-3.449522E-012	-4.264269E-012	-1	0.000000E+000
5	15.27787022	-4.386791E-012	-3.547027E-012	0	0.000000E+000
5	15.28072285	-3.547027E-012	-4.311393E-012	-1	0.000000E+000
5	15.28803431	-4.302806E-012	-3.513508E-012	0	0.000000E+000
5	15.28954844	-3.513508E-012	-4.334683E-012	-1	0.000000E+000
5	15.29155620	-4.343911E-012	-3.514201E-012	0	0.000000E+000
5	15.29303847	-3.504924E-012	-4.277756E-012	-1	0.000000E+000
5	15.33008495	-4.403685E-012	-3.601116E-012	0	0.000000E+000
5	15.33245109	-3.631590E-012	-4.378130E-012	-1	0.000000E+000
5	15.38442470	-4.138158E-012	-3.507200E-012	0	0.000000E+000
5	15.38572587	-3.506328E-012	-4.180938E-012	-1	0.000000E+000
5	15.39902582	-4.412430E-012	-3.738042E-012	0	0.000000E+000
5	15.40728717	-3.775773E-012	-4.354861E-012	-1	0.000000E+000
5	15.43610778	-4.277856E-012	-3.552501E-012	0	0.000000E+000
5	15.43660000	-3.552501E-012	-4.377002E-012	-1	0.000000E+000
5	15.46215838	-4.198255E-012	-3.527366E-012	0	0.000000E+000
5	15.46562500	-3.527366E-012	-4.198255E-012	-1	0.000000E+000
5	15.48907007	-4.376038E-012	-3.523165E-012	0	0.000000E+000
5	15.48995079	-3.523165E-012	-4.374331E-012	-1	0.000000E+000
5	15.53942680	-4.373796E-012	-3.799777E-012	0	0.000000E+000
5	15.54640600	-3.839094E-012	-4.309382E-012	-1	0.000000E+000
5	15.56661490	-4.209957E-012	-3.567488E-012	0	0.000000E+000
5	15.59025220	-3.661605E-012	-4.434101E-012	-1	0.000000E+000
5	15.59862507	-4.346243E-012	-3.707706E-012	0	0.000000E+000
5	15.59927383	-3.707706E-012	-4.491933E-012	-1	0.000000E+000
5	15.61506609	-4.374643E-012	-3.823394E-012	0	0.000000E+000
5	15.61798276	-3.874345E-012	-4.435782E-012	-1	0.000000E+000
5	15.66160389	-4.435782E-012	-3.601888E-012	0	0.000000E+000
5	15.66222772	-3.601888E-012	-4.467895E-012	-1	0.000000E+000
5	15.67078905	-4.467895E-012	-3.640297E-012	0	0.000000E+000
5	15.67168180	-3.640297E-012	-4.423351E-012	-1	0.000000E+000
5	15.68191349	-4.535252E-012	-3.871210E-012	0	0.000000E+000
5	15.70085000	-3.905435E-012	-4.538212E-012	-1	0.000000E+000
5	15.73186822	-4.455791E-012	-3.666153E-012	0	0.000000E+000
5	15.73394306	-3.801305E-012	-4.536870E-012	-1	0.000000E+000
5	15.75329193	-4.536870E-012	-3.662980E-012	0	0.000000E+000
5	15.75573052	-3.722515E-012	-4.497150E-012	-1	0.000000E+000
5	15.78024307	-4.377364E-012	-3.483959E-012	0	0.000000E+000
5	15.78309581	-3.483959E-012	-4.245321E-012	-1	0.000000E+000
5	15.82130604	-4.409337E-012	-3.563085E-012	0	0.000000E+000
5	15.82195664	-3.563085E-012	-4.309334E-012	-1	0.000000E+000
5	15.83496835	-4.369675E-012	-3.613849E-012	0	0.000000E+000
5	15.83572201	-3.613849E-012	-4.405267E-012	-1	0.000000E+000
5	15.84748145	-4.289576E-012	-3.496688E-012	0	0.000000E+000
5	15.84958553	-3.496688E-012	-4.375910E-012	-1	0.000000E+000
5	15.87480000	-4.435803E-012	-3.793998E-012	0	0.000000E+000
5	15.87710180	-3.836779E-012	-4.434700E-012	-1	0.000000E+000
5	15.94180841	-4.434700E-012	-3.710007E-012	0	0.000000E+000
5	15.94474177	-3.714092E-012	-4.450453E-012	-1	0.000000E+000
5	15.95445000	-4.450453E-012	-3.656717E-012	0	0.000000E+000
5	15.95519710	-3.656717E-012	-4.478650E-012	-1	0.000000E+000
5	15.99903434	-4.345918E-012	-3.649198E-012	0	0.000000E+000
5	16.00133130	-3.721612E-012	-4.462042E-012	-1	0.000000E+000
5	16.02640673	-4.462042E-012	-3.710638E-012	0	0.000000E+000
5	16.02700727	-3.710638E-012	-4.632489E-012	-1	0.000000E+000
5	16.02952430	-4.632489E-012	-3.704155E-012	0	0.000000E+000
5	16.03132976	-3.704155E-012	-4.459676E-012	-1	0.000000E+000
5	16.04337500	-4.459676E-012	-3.460056E-012	0	0.000000E+000
5	16.04557569	-3.460056E-012	-4.427753E-012	-1	0.000000E+000
