1	6.33614773	-1.542708E-012	-2.465625E-012	-1	0.000000E+000
1	6.34130179	-2.465625E-012	-1.690625E-012	0	0.000000E+000
1	6.34194603	-1.690625E-012	-2.304018E-012	-1	0.000000E+000
1	6.35952696	-2.227827E-012	-1.501339E-012	0	0.000000E+000
1	6.36106095	-1.501339E-012	-2.376042E-012	-1	0.000000E+000
1	6.36263222	-2.376042E-012	-1.521875E-012	0	0.000000E+000
1	6.36370957	-1.521875E-012	-2.340327E-012	-1	0.000000E+000
1	6.36542266	-2.340327E-012	-1.753125E-012	0	0.000000E+000
1	6.36578921	-1.753125E-012	-2.425149E-012	-1	0.000000E+000
1	6.41778948	-2.428720E-012	-1.421875E-012	0	0.000000E+000
1	6.41893810	-1.421875E-012	-2.275446E-012	-1	0.000000E+000
1	6.47735274	-2.380060E-012	-1.630804E-012	0	0.000000E+000
1	6.48409135	-1.538393E-012	-2.329167E-012	-1	0.000000E+000
1	6.50615000	-2.329167E-012	-1.543750E-012	0	0.000000E+000
1	6.50714124	-1.543750E-012	-2.400595E-012	-1	0.000000E+000
1	6.58095000	-2.400595E-012	-1.887500E-012	0	0.000000E+000
1	6.58111914	-1.887500E-012	-2.543452E-012	-1	0.000000E+000
1	6.58787327	-2.598810E-012	-1.934375E-012	0	0.000000E+000
1	6.58825357	-1.934375E-012	-2.601339E-012	-1	0.000000E+000
1	6.63085099	-2.526488E-012	-1.762500E-012	0	0.000000E+000
1	6.63125854	-1.762500E-012	-2.380208E-012	-1	0.000000E+000
1	6.63718024	-2.471577E-012	-1.734375E-012	0	0.000000E+000
1	6.63761230	-1.734375E-012	-2.545685E-012	-1	0.000000E+000
1	6.65149798	-2.393452E-012	-1.734671E-012	0	0.000000E+000
1	6.65200000	-1.734671E-012	-2.552322E-012	-1	0.000000E+000
1	6.66092575	-2.548810E-012	-1.828125E-012	0	0.000000E+000
1	6.66131735	-1.828125E-012	-2.428274E-012	-1	0.000000E+000
1	6.72595000	-2.428274E-012	-1.800000E-012	0	0.000000E+000
1	6.72631033	-1.800000E-012	-2.375149E-012	-1	0.000000E+000
1	6.73046512	-2.375149E-012	-1.665625E-012	0	0.000000E+000
1	6.73113876	-1.665625E-012	-2.361607E-012	-1	0.000000E+000
1	6.73435228	-2.361607E-012	-1.550000E-012	0	0.000000E+000
1	6.73549436	-1.550000E-012	-2.376042E-012	-1	0.000000E+000
1	6.75264560	-2.321577E-012	-1.663872E-012	0	0.000000E+000
1	6.75315000	-1.663872E-012	-2.302232E-012	-1	0.000000E+000
1	6.78327883	-2.330357E-012	-1.590625E-012	0	0.000000E+000
1	6.78386332	-1.590625E-012	-2.210565E-012	-1	0.000000E+000
1	6.79770945	-2.210565E-012	-1.515327E-012	0	0.000000E+000
1	6.79956728	-1.515327E-012	-2.355952E-012	-1	0.000000E+000
1	6.89108725	-2.349107E-012	-1.403125E-012	0	0.000000E+000
1	6.89277883	-1.403125E-012	-2.346282E-012	-1	0.000000E+000
1	6.89721460	-2.332512E-012	-1.537500E-012	0	0.000000E+000
1	6.89775701	-1.537500E-012	-2.419940E-012	-1	0.000000E+000
1	6.91431093	-2.273809E-012	-1.675000E-012	0	0.000000E+000
1	6.91478411	-1.675000E-012	-2.363988E-012	-1	0.000000E+000
1	6.91687937	-2.363988E-012	-1.656250E-012	0	0.000000E+000
1	6.91809959	-1.656250E-012	-2.342113E-012	-1	0.000000E+000
1	6.92545245	-2.366369E-012	-1.500000E-012	0	0.000000E+000
1	6.92631387	-1.500000E-012	-2.342262E-012	-1	0.000000E+000
1	6.94970000	-2.342262E-012	-1.640625E-012	0	0.000000E+000
1	6.95018872	-1.640625E-012	-2.339435E-012	-1	0.000000E+000
1	6.96146599	-2.315625E-012	-1.442411E-012	0	0.000000E+000
1	6.96367677	-1.442411E-012	-2.410863E-012	-1	0.000000E+000
1	6.96947844	-2.296577E-012	-1.412500E-012	0	0.000000E+000
1	6.97019366	-1.412500E-012	-2.255804E-012	-1	0.000000E+000
1	6.99899841	-2.255804E-012	-1.437500E-012	0	0.000000E+000
1	7.00057577	-1.437500E-012	-2.347619E-012	-1	0.000000E+000
1	7.00473126	-2.347619E-012	-1.462500E-012	0	0.000000E+000
1	7.00598532	-1.462500E-012	-2.210714E-012	-1	0.000000E+000
1	7.11213089	-2.232143E-012	-1.337500E-012	0	0.000000E+000
1	7.11320097	-1.337500E-012	-2.272619E-012	-1	0.000000E+000
1	7.16835179	-2.259821E-012	-1.571875E-012	0	0.000000E+000
1	7.16887920	-1.571875E-012	-2.265774E-012	-1	0.000000E+000
1	7.21690000	-2.265774E-012	-1.400000E-012	0	0.000000E+000
1	7.21781457	-1.400000E-012	-2.185119E-012	-1	0.000000E+000
1	7.24193868	-2.358185E-012	-1.512351E-012	0	0.000000E+000
1	8.57824702	-1.505952E-012	-2.721875E-012	-1	0.000000E+000
1	8.57866933	-2.721875E-012	-1.317262E-012	0	0.000000E+000
1	18.58193240	-1.542411E-012	-2.480357E-012	-1	0.000000E+000
1	18.65183574	-2.414881E-012	-1.587500E-012	0	0.000000E+000
1	18.65227311	-1.587500E-012	-2.330952E-012	-1	0.000000E+000
1	18.66843633	-2.214732E-012	-1.393750E-012	0	0.000000E+000
1	18.66888395	-1.393750E-012	-2.284970E-012	-1	0.000000E+000
1	18.66963823	-2.284970E-012	-1.550000E-012	0	0.000000E+000
1	18.66998706	-1.550000E-012	-2.267708E-012	-1	0.000000E+000
1	18.70100000	-2.267708E-012	-1.512500E-012	0	0.000000E+000
1	18.70155833	-1.512500E-012	-2.363542E-012	-1	0.000000E+000
1	18.70962306	-2.419643E-012	-1.393750E-012	0	0.000000E+000
1	18.71174316	-1.393750E-012	-2.344494E-012	-1	0.000000E+000
1	18.71292235	-2.344494E-012	-1.568750E-012	0	0.000000E+000
1	18.71335541	-1.568750E-012	-2.453571E-012	-1	0.000000E+000
1	18.74937081	-2.284524E-012	-1.637500E-012	0	0.000000E+000
1	18.74998618	-1.637500E-012	-2.304167E-012	-1	0.000000E+000
1	18.75621859	-2.321875E-012	-1.371875E-012	0	0.000000E+000
1	18.75704508	-1.371875E-012	-2.436607E-012	-1	0.000000E+000
1	18.75799485	-2.436607E-012	-1.615625E-012	0	0.000000E+000
1	18.75834934	-1.615625E-012	-2.436607E-012	-1	0.000000E+000
1	18.80100755	-2.546726E-012	-1.562500E-012	0	0.000000E+000
1	18.80235154	-1.562500E-012	-2.618750E-012	-1	0.000000E+000
1	18.80448444	-2.618750E-012	-1.516815E-012	0	0.000000E+000
1	18.81585374	-1.558036E-012	-2.493304E-012	-1	0.000000E+000
1	18.82550255	-2.465476E-012	-1.550149E-012	0	0.000000E+000
1	18.83768424	-1.551935E-012	-2.571063E-012	-1	0.000000E+000
1	18.84005374	-2.323214E-012	-1.556250E-012	0	0.000000E+000
1	18.84154902	-1.556250E-012	-2.414583E-012	-1	0.000000E+000
1	18.87020536	-2.500893E-012	-1.479464E-012	0	0.000000E+000
1	18.87194937	-1.479464E-012	-2.454464E-012	-1	0.000000E+000
1	18.87638651	-2.454464E-012	-1.526488E-012	0	0.000000E+000
1	18.87908611	-1.526488E-012	-2.516220E-012	-1	0.000000E+000
1	18.88003722	-2.516220E-012	-1.562306E-012	0	0.000000E+000
1	18.88048493	-1.562306E-012	-2.468601E-012	-1	0.000000E+000
1	18.90302751	-2.417560E-012	-1.564286E-012	0	0.000000E+000
1	18.90647540	-1.564286E-012	-2.415774E-012	-1	0.000000E+000
1	18.91102170	-2.432292E-012	-1.600000E-012	0	0.000000E+000
1	18.91188671	-1.600000E-012	-2.434821E-012	-1	0.000000E+000
1	18.91877357	-2.406399E-012	-1.575688E-012	0	0.000000E+000
1	18.91930000	-1.575688E-012	-2.550298E-012	-1	0.000000E+000
1	18.92320150	-2.550298E-012	-1.589555E-012	0	0.000000E+000
1	18.92375000	-1.589555E-012	-2.425185E-012	-1	0.000000E+000
1	18.93276589	-2.461012E-012	-1.703125E-012	0	0.000000E+000
1	18.93365342	-1.703125E-012	-2.563988E-012	-1	0.000000E+000
1	18.94257283	-2.436458E-012	-1.568750E-012	0	0.000000E+000
1	18.94318361	-1.568750E-012	-2.470387E-012	-1	0.000000E+000
1	18.94823778	-2.426786E-012	-1.637500E-012	0	0.000000E+000
1	18.94868775	-1.637500E-012	-2.362351E-012	-1	0.000000E+000
1	18.96910454	-2.362351E-012	-1.648634E-012	0	0.000000E+000
1	18.96965000	-1.648634E-012	-2.581250E-012	-1	0.000000E+000
1	18.97148064	-2.581250E-012	-1.551042E-012	0	0.000000E+000
1	18.98184024	-1.627976E-012	-2.528125E-012	-1	0.000000E+000
1	18.99938260	-2.474851E-012	-1.555060E-012	0	0.000000E+000
1	19.00556049	-1.612500E-012	-2.506696E-012	-1	0.000000E+000
1	19.02918990	-2.456548E-012	-1.521875E-012	0	0.000000E+000
1	19.03033156	-1.521875E-012	-2.532292E-012	-1	0.000000E+000
1	19.06497053	-2.448214E-012	-1.486310E-012	0	0.000000E+000
1	19.06572557	-1.486310E-012	-2.453125E-012	-1	0.000000E+000
1	19.06667140	-2.453125E-012	-1.486310E-012	0	0.000000E+000
1	19.06808966	-1.486310E-012	-2.439583E-012	-1	0.000000E+000
1	19.07634250	-2.559673E-012	-1.609375E-012	0	0.000000E+000
1	19.07710337	-1.609375E-012	-2.532887E-012	-1	0.000000E+000
1	19.09658539	-2.453571E-012	-1.719494E-012	0	0.000000E+000
1	19.09969765	-1.719494E-012	-2.545536E-012	-1	0.000000E+000
1	19.10305799	-2.545536E-012	-1.618750E-012	0	0.000000E+000
1	19.10423150	-1.618750E-012	-2.683631E-012	-1	0.000000E+000
1	19.10475075	-2.683631E-012	-1.700000E-012	0	0.000000E+000
1	19.10538104	-1.700000E-012	-2.683631E-012	-1	0.000000E+000
1	19.11060000	-2.683631E-012	-1.643750E-012	0	0.000000E+000
1	19.11177714	-1.643750E-012	-2.522470E-012	-1	0.000000E+000
1	19.11608087	-2.522470E-012	-1.556250E-012	0	0.000000E+000
1	19.11686495	-1.556250E-012	-2.390327E-012	-1	0.000000E+000
1	19.11751137	-2.390327E-012	-1.652248E-012	0	0.000000E+000
1	19.11817170	-1.652248E-012	-2.661458E-012	-1	0.000000E+000
1	19.12553001	-2.613244E-012	-1.600882E-012	0	0.000000E+000
1	19.12600000	-1.600882E-012	-2.428720E-012	-1	0.000000E+000
1	19.12833515	-2.428720E-012	-1.537500E-012	0	0.000000E+000
1	19.12929827	-1.537500E-012	-2.503869E-012	-1	0.000000E+000
1	19.13855384	-2.434821E-012	-1.572917E-012	0	0.000000E+000
1	19.14017824	-1.572917E-012	-2.643006E-012	-1	0.000000E+000
1	19.14419484	-2.643006E-012	-1.700000E-012	0	0.000000E+000
1	19.14492070	-1.700000E-012	-2.574851E-012	-1	0.000000E+000
1	19.15215578	-2.478869E-012	-1.551637E-012	0	0.000000E+000
1	19.15481910	-1.551637E-012	-2.559673E-012	-1	0.000000E+000
1	19.16221261	-2.587202E-012	-1.657589E-012	0	0.000000E+000
1	19.16379059	-1.657589E-012	-2.487946E-012	-1	0.000000E+000
1	19.18308233	-2.459524E-012	-1.684375E-012	0	0.000000E+000
1	19.18368431	-1.684375E-012	-2.550893E-012	-1	0.000000E+000
1	19.19616080	-2.512054E-012	-1.578125E-012	0	0.000000E+000
1	19.19683673	-1.578125E-012	-2.575149E-012	-1	0.000000E+000
1	19.19827112	-2.575149E-012	-1.521875E-012	0	0.000000E+000
1	19.19950173	-1.521875E-012	-2.516071E-012	-1	0.000000E+000
1	19.20963284	-2.517262E-012	-1.626662E-012	0	0.000000E+000
1	19.21010000	-1.626662E-012	-2.512202E-012	-1	0.000000E+000
1	19.23172681	-2.512202E-012	-1.828125E-012	0	0.000000E+000
1	19.23261296	-1.828125E-012	-2.464435E-012	-1	0.000000E+000
1	19.29576650	-2.464435E-012	-1.698810E-012	0	0.000000E+000
1	19.29625000	-1.698810E-012	-2.609375E-012	-1	0.000000E+000
1	19.29767280	-2.609375E-012	-1.664137E-012	0	0.000000E+000
1	19.30328389	-1.674405E-012	-2.654043E-012	-1	0.000000E+000
1	19.36635000	-2.654043E-012	-1.718750E-012	0	0.000000E+000
1	19.36717653	-1.718750E-012	-2.609821E-012	-1	0.000000E+000
1	19.37182085	-2.609821E-012	-1.779104E-012	0	0.000000E+000
1	19.37230000	-1.779104E-012	-2.590625E-012	-1	0.000000E+000
1	19.38310000	-2.590625E-012	-1.732738E-012	0	0.000000E+000
1	19.38594747	-1.732738E-012	-2.798661E-012	-1	0.000000E+000
1	19.39275775	-2.713839E-012	-1.652738E-012	0	0.000000E+000
1	19.39325000	-1.652738E-012	-2.508036E-012	-1	0.000000E+000
1	19.40403611	-2.629762E-012	-1.662113E-012	0	0.000000E+000
1	19.40450000	-1.662113E-012	-2.625298E-012	-1	0.000000E+000
1	19.41787500	-2.625298E-012	-1.671875E-012	0	0.000000E+000
1	19.41939437	-1.671875E-012	-2.560874E-012	-1	0.000000E+000
1	19.42324286	-2.609077E-012	-1.608780E-012	0	0.000000E+000
1	19.42381071	-1.608780E-012	-2.540625E-012	-1	0.000000E+000
1	19.42480742	-2.540625E-012	-1.606994E-012	0	0.000000E+000
1	19.42838191	-1.606994E-012	-2.618006E-012	-1	0.000000E+000
1	19.44595000	-2.618006E-012	-1.784768E-012	0	0.000000E+000
1	19.44650000	-1.784768E-012	-2.795536E-012	-1	0.000000E+000
1	19.44917497	-2.592857E-012	-1.688542E-012	0	0.000000E+000
1	19.45825000	-1.688542E-012	-2.849702E-012	-1	0.000000E+000
1	19.46100885	-2.849702E-012	-1.650893E-012	0	0.000000E+000
1	19.46456678	-1.650893E-012	-2.775000E-012	-1	0.000000E+000
1	19.46554952	-2.775000E-012	-1.677232E-012	0	0.000000E+000
1	19.47067998	-1.852381E-012	-2.490030E-012	-1	0.000000E+000
1	19.47275434	-2.490030E-012	-1.884375E-012	0	0.000000E+000
1	19.47327359	-1.884375E-012	-2.657738E-012	-1	0.000000E+000
1	19.47594204	-2.657738E-012	-1.859077E-012	0	0.000000E+000
1	19.48077060	-1.790625E-012	-2.941815E-012	-1	0.000000E+000
1	19.48377895	-2.941815E-012	-1.976935E-012	0	0.000000E+000
1	19.48639478	-1.756625E-012	-2.713393E-012	-1	0.000000E+000
1	19.51377957	-2.713393E-012	-1.688811E-012	0	0.000000E+000
1	19.51633660	-1.816964E-012	-2.637351E-012	-1	0.000000E+000
1	19.53987207	-2.637351E-012	-1.503125E-012	0	0.000000E+000
1	19.54097931	-1.503125E-012	-2.546429E-012	-1	0.000000E+000
1	19.55339521	-2.582292E-012	-1.546131E-012	0	0.000000E+000
1	19.55934167	-1.707738E-012	-2.483929E-012	-1	0.000000E+000
1	19.57361327	-2.655357E-012	-1.693556E-012	0	0.000000E+000
1	19.57415000	-1.693556E-012	-2.545387E-012	-1	0.000000E+000
1	19.57581557	-2.608631E-012	-1.677835E-012	0	0.000000E+000
1	19.57635000	-1.677835E-012	-2.545387E-012	-1	0.000000E+000
1	19.57857672	-2.545387E-012	-1.633929E-012	0	0.000000E+000
1	19.58009331	-1.633929E-012	-2.409673E-012	-1	0.000000E+000
1	19.58173797	-2.472917E-012	-1.800000E-012	0	0.000000E+000
1	19.58212346	-1.800000E-012	-2.574905E-012	-1	0.000000E+000
1	19.58829440	-2.565327E-012	-1.595387E-012	0	0.000000E+000
1	19.59504220	-1.513988E-012	-2.468304E-012	-1	0.000000E+000
1	19.59771152	-2.468304E-012	-1.581250E-012	0	0.000000E+000
1	19.59814371	-1.581250E-012	-2.392708E-012	-1	0.000000E+000
1	19.61761250	-2.392708E-012	-1.668750E-012	0	0.000000E+000
1	19.61819608	-1.668750E-012	-2.440476E-012	-1	0.000000E+000
1	19.63877655	-2.469345E-012	-1.627232E-012	0	0.000000E+000
1	19.64095294	-1.627232E-012	-2.352530E-012	-1	0.000000E+000
1	19.65008524	-2.418452E-012	-1.471875E-012	0	0.000000E+000
1	19.65083484	-1.471875E-012	-2.519196E-012	-1	0.000000E+000
1	19.65443150	-2.519196E-012	-1.575595E-012	0	0.000000E+000
1	19.65843075	-1.575595E-012	-2.444494E-012	-1	0.000000E+000
1	19.67885027	-2.436607E-012	-1.549702E-012	0	0.000000E+000
1	19.68210000	-1.549702E-012	-2.346577E-012	-1	0.000000E+000
1	19.70618782	-2.346577E-012	-1.456548E-012	0	0.000000E+000
1	19.71065269	-1.429911E-012	-2.343155E-012	-1	0.000000E+000
1	19.71403107	-2.343155E-012	-1.517857E-012	0	0.000000E+000
1	19.71666542	-1.517857E-012	-2.350149E-012	-1	0.000000E+000
1	19.72019039	-2.350149E-012	-1.569143E-012	0	0.000000E+000
1	19.72065000	-1.569143E-012	-2.331101E-012	-1	0.000000E+000
1	19.73520850	-2.422024E-012	-1.502083E-012	0	0.000000E+000
1	19.74017961	-1.589137E-012	-2.358929E-012	-1	0.000000E+000
1	19.74475156	-2.485565E-012	-1.600000E-012	0	0.000000E+000
1	19.74525907	-1.600000E-012	-2.401042E-012	-1	0.000000E+000
1	19.74962216	-2.380208E-012	-1.490625E-012	0	0.000000E+000
1	19.75088267	-1.490625E-012	-2.423214E-012	-1	0.000000E+000
1	19.77049107	-2.403720E-012	-1.650000E-012	0	0.000000E+000
1	19.77088382	-1.650000E-012	-2.306399E-012	-1	0.000000E+000
1	19.77538664	-2.340923E-012	-1.525000E-012	0	0.000000E+000
1	19.77588378	-1.525000E-012	-2.412649E-012	-1	0.000000E+000
1	19.79071102	-2.472470E-012	-1.690625E-012	0	0.000000E+000
1	19.79119155	-1.690625E-012	-2.401637E-012	-1	0.000000E+000
1	19.79294725	-2.401637E-012	-1.419048E-012	0	0.000000E+000
1	19.79706788	-1.419048E-012	-2.526190E-012	-1	0.000000E+000
1	19.80316376	-2.388393E-012	-1.452381E-012	0	0.000000E+000
1	19.80370000	-1.452381E-012	-2.440625E-012	-1	0.000000E+000
1	19.80550371	-2.440625E-012	-1.426488E-012	0	0.000000E+000
1	19.80707943	-1.426488E-012	-2.337946E-012	-1	0.000000E+000
1	19.82015827	-2.372173E-012	-1.475000E-012	0	0.000000E+000
1	19.82113897	-1.475000E-012	-2.272619E-012	-1	0.000000E+000
1	19.84089846	-2.268452E-012	-1.612500E-012	0	0.000000E+000
1	19.84180980	-1.612500E-012	-2.210268E-012	-1	0.000000E+000
1	19.84406765	-2.210268E-012	-1.618750E-012	0	0.000000E+000
1	19.84452491	-1.618750E-012	-2.312202E-012	-1	0.000000E+000
1	19.86064580	-2.475446E-012	-1.600000E-012	0	0.000000E+000
1	19.86116876	-1.600000E-012	-2.505506E-012	-1	0.000000E+000
1	19.86813712	-2.441071E-012	-1.743750E-012	0	0.000000E+000
1	19.86853509	-1.743750E-012	-2.416815E-012	-1	0.000000E+000
1	19.87071503	-2.416815E-012	-1.446875E-012	0	0.000000E+000
1	19.87284127	-1.446875E-012	-2.319792E-012	-1	0.000000E+000
1	19.87950556	-2.433036E-012	-1.621875E-012	0	0.000000E+000
1	19.87989794	-1.621875E-012	-2.441815E-012	-1	0.000000E+000
1	19.89322658	-2.334673E-012	-1.472470E-012	0	0.000000E+000
1	19.89516647	-1.472470E-012	-2.376637E-012	-1	0.000000E+000
1	19.89704232	-2.376637E-012	-1.448810E-012	0	0.000000E+000
1	19.90142276	-1.448810E-012	-2.394494E-012	-1	0.000000E+000
1	19.91523333	-2.339583E-012	-1.706250E-012	0	0.000000E+000
1	19.91570407	-1.706250E-012	-2.243304E-012	-1	0.000000E+000
1	19.92960000	-2.243304E-012	-1.434375E-012	0	0.000000E+000
1	19.93071402	-1.434375E-012	-2.248958E-012	-1	0.000000E+000
1	19.97220000	-2.248958E-012	-1.503125E-012	0	0.000000E+000
1	19.97259627	-1.503125E-012	-2.298363E-012	-1	0.000000E+000
1	19.98627282	-2.344940E-012	-1.336458E-012	0	0.000000E+000
1	19.98849084	-1.336458E-012	-2.368452E-012	-1	0.000000E+000
1	20.01490675	-2.446280E-012	-1.478125E-012	0	0.000000E+000
1	20.01542997	-1.478125E-012	-2.389286E-012	-1	0.000000E+000
1	20.01629787	-2.389286E-012	-1.493750E-012	0	0.000000E+000
1	20.01681329	-1.493750E-012	-2.406399E-012	-1	0.000000E+000
1	20.02870327	-2.324554E-012	-1.460714E-012	0	0.000000E+000
1	20.03042488	-1.460714E-012	-2.273065E-012	-1	0.000000E+000
1	20.03654947	-2.388393E-012	-1.493460E-012	0	0.000000E+000
1	20.03705000	-1.493460E-012	-2.402530E-012	-1	0.000000E+000
1	20.06725443	-2.295387E-012	-1.389286E-012	0	0.000000E+000
1	20.06869162	-1.389286E-012	-2.371875E-012	-1	0.000000E+000
1	20.07194196	-2.371875E-012	-1.542777E-012	0	0.000000E+000
1	20.07245000	-1.542777E-012	-2.480357E-012	-1	0.000000E+000
1	20.07385828	-2.374256E-012	-1.514555E-012	0	0.000000E+000
1	20.07435000	-1.514555E-012	-2.480357E-012	-1	0.000000E+000
1	20.09108988	-2.306845E-012	-1.478720E-012	0	0.000000E+000
1	20.09668822	-1.430506E-012	-2.398810E-012	-1	0.000000E+000
1	20.12346335	-2.408185E-012	-1.312500E-012	0	0.000000E+000
1	20.12523582	-1.312500E-012	-2.466667E-012	-1	0.000000E+000
1	20.14008021	-2.326637E-012	-1.478125E-012	0	0.000000E+000
1	20.14085455	-1.478125E-012	-2.347470E-012	-1	0.000000E+000
1	20.15286972	-2.321726E-012	-1.375000E-012	0	0.000000E+000
1	20.15406015	-1.375000E-012	-2.288244E-012	-1	0.000000E+000
1	20.16166470	-2.347024E-012	-1.513576E-012	0	0.000000E+000
1	20.16215000	-1.513576E-012	-2.313839E-012	-1	0.000000E+000
1	20.17552895	-2.367262E-012	-1.420536E-012	0	0.000000E+000
1	20.17724591	-1.420536E-012	-2.444345E-012	-1	0.000000E+000
1	20.18311847	-2.423810E-012	-1.418750E-012	0	0.000000E+000
1	20.18368869	-1.418750E-012	-2.311607E-012	-1	0.000000E+000
1	20.20066560	-2.311607E-012	-1.414286E-012	0	0.000000E+000
1	20.20263032	-1.414286E-012	-2.349405E-012	-1	0.000000E+000
1	20.27202857	-2.369643E-012	-1.512500E-012	0	0.000000E+000
1	20.27312569	-1.512500E-012	-2.487202E-012	-1	0.000000E+000
1	20.28905244	-2.487202E-012	-1.362500E-012	0	0.000000E+000
1	20.29021232	-1.362500E-012	-2.449107E-012	-1	0.000000E+000
1	20.30550651	-2.359970E-012	-1.435714E-012	0	0.000000E+000
1	20.30671978	-1.435714E-012	-2.335714E-012	-1	0.000000E+000
1	20.32666429	-2.335714E-012	-1.425000E-012	0	0.000000E+000
1	20.32729632	-1.425000E-012	-2.281845E-012	-1	0.000000E+000
1	20.34636126	-2.236458E-012	-1.368750E-012	0	0.000000E+000
1	20.34715601	-1.368750E-012	-2.384524E-012	-1	0.000000E+000
1	20.36684565	-2.308482E-012	-1.325000E-012	0	0.000000E+000
1	20.36849775	-1.325000E-012	-2.296131E-012	-1	0.000000E+000
1	20.37775517	-2.462202E-012	-1.439651E-012	0	0.000000E+000
1	20.37825000	-1.439651E-012	-2.299702E-012	-1	0.000000E+000
1	20.38108662	-2.299702E-012	-1.533401E-012	0	0.000000E+000
1	20.38160000	-1.533401E-012	-2.312649E-012	-1	0.000000E+000
1	20.41210404	-2.281250E-012	-1.346875E-012	0	0.000000E+000
1	20.41307555	-1.346875E-012	-2.368899E-012	-1	0.000000E+000
1	20.45385189	-2.490476E-012	-1.425000E-012	0	0.000000E+000
1	20.45484345	-1.425000E-012	-2.317262E-012	-1	0.000000E+000
1	20.46952870	-2.327679E-012	-1.343750E-012	0	0.000000E+000
1	20.47028434	-1.343750E-012	-2.356399E-012	-1	0.000000E+000
1	20.50519727	-2.503720E-012	-1.550000E-012	0	0.000000E+000
1	20.50634042	-1.550000E-012	-2.407143E-012	-1	0.000000E+000
1	20.50825179	-2.484077E-012	-1.582718E-012	0	0.000000E+000
1	20.50875000	-1.582718E-012	-2.502232E-012	-1	0.000000E+000
1	20.54219524	-2.462649E-012	-1.468750E-012	0	0.000000E+000
1	20.54318496	-1.468750E-012	-2.536012E-012	-1	0.000000E+000
1	20.55969254	-2.485863E-012	-1.617113E-012	0	0.000000E+000
1	20.56198307	-1.617113E-012	-2.396429E-012	-1	0.000000E+000
1	20.57195955	-2.588690E-012	-1.490625E-012	0	0.000000E+000
1	20.57301630	-1.490625E-012	-2.502679E-012	-1	0.000000E+000
1	20.57827515	-2.430208E-012	-1.556056E-012	0	0.000000E+000
1	20.57875581	-1.556056E-012	-2.489583E-012	-1	0.000000E+000
1	20.57970730	-2.489583E-012	-1.693750E-012	0	0.000000E+000
1	20.58013351	-1.693750E-012	-2.592560E-012	-1	0.000000E+000
1	20.58585847	-2.582887E-012	-1.459375E-012	0	0.000000E+000
1	20.58750401	-1.459375E-012	-2.566220E-012	-1	0.000000E+000
1	20.59689987	-2.466518E-012	-1.607326E-012	0	0.000000E+000
1	20.59747691	-1.607326E-012	-2.562798E-012	-1	0.000000E+000
1	20.62660108	-2.606994E-012	-1.546875E-012	0	0.000000E+000
1	20.62876768	-1.546875E-012	-2.569792E-012	-1	0.000000E+000
1	20.64161852	-2.404762E-012	-1.667384E-012	0	0.000000E+000
1	20.64215000	-1.667384E-012	-2.485863E-012	-1	0.000000E+000
1	20.74072089	-2.461756E-012	-1.540030E-012	0	0.000000E+000
1	20.74357535	-1.540030E-012	-2.461012E-012	-1	0.000000E+000
1	20.74676005	-2.468601E-012	-1.573537E-012	0	0.000000E+000
1	20.74725000	-1.573537E-012	-2.311458E-012	-1	0.000000E+000
1	20.75015525	-2.311458E-012	-1.567560E-012	0	0.000000E+000
1	20.75476992	-1.592560E-012	-2.502083E-012	-1	0.000000E+000
1	20.77433532	-2.318750E-012	-1.667093E-012	0	0.000000E+000
1	20.77485000	-1.667093E-012	-2.504762E-012	-1	0.000000E+000
1	20.78829082	-2.550595E-012	-1.571875E-012	0	0.000000E+000
1	20.78904979	-1.571875E-012	-2.408482E-012	-1	0.000000E+000
1	20.79483820	-2.431101E-012	-1.600000E-012	0	0.000000E+000
1	20.79548682	-1.600000E-012	-2.521577E-012	-1	0.000000E+000
1	20.81762479	-2.539435E-012	-1.657229E-012	0	0.000000E+000
1	20.81810000	-1.657229E-012	-2.416815E-012	-1	0.000000E+000
1	20.87595357	-2.432292E-012	-1.659085E-012	0	0.000000E+000
1	20.87646633	-1.659085E-012	-2.549851E-012	-1	0.000000E+000
1	20.88951895	-2.564583E-012	-1.496875E-012	0	0.000000E+000
1	20.89003349	-1.496875E-012	-2.425000E-012	-1	0.000000E+000
1	20.90122700	-2.509077E-012	-1.602151E-012	0	0.000000E+000
1	20.90170000	-1.602151E-012	-2.356250E-012	-1	0.000000E+000
1	20.95054741	-2.511458E-012	-1.611607E-012	0	0.000000E+000
1	20.95254911	-1.611607E-012	-2.415179E-012	-1	0.000000E+000
1	20.95884158	-2.626637E-012	-1.588095E-012	0	0.000000E+000
1	20.96055398	-1.588095E-012	-2.433780E-012	-1	0.000000E+000
1	20.97740139	-2.508929E-012	-1.694632E-012	0	0.000000E+000
1	20.97790000	-1.694632E-012	-2.540179E-012	-1	0.000000E+000
1	21.04513851	-2.543304E-012	-1.734375E-012	0	0.000000E+000
1	21.04555241	-1.734375E-012	-2.579615E-012	-1	0.000000E+000
1	21.15325000	-2.579615E-012	-1.518750E-012	0	0.000000E+000
1	21.15369267	-1.518750E-012	-2.459673E-012	-1	0.000000E+000
1	21.15718347	-2.459673E-012	-1.790625E-012	0	0.000000E+000
1	21.15762341	-1.790625E-012	-2.485863E-012	-1	0.000000E+000
1	21.16738088	-2.420982E-012	-1.850000E-012	0	0.000000E+000
1	21.16790693	-1.850000E-012	-2.419048E-012	-1	0.000000E+000
1	21.18372669	-2.419048E-012	-1.400000E-012	0	0.000000E+000
1	21.18461275	-1.400000E-012	-2.382738E-012	-1	0.000000E+000
1	21.21555161	-2.469940E-012	-1.593556E-012	0	0.000000E+000
1	21.21605000	-1.593556E-012	-2.530060E-012	-1	0.000000E+000
1	21.21802222	-2.530060E-012	-1.697365E-012	0	0.000000E+000
1	21.21855000	-1.697365E-012	-2.412351E-012	-1	0.000000E+000
1	21.23408540	-2.534077E-012	-1.493750E-012	0	0.000000E+000
1	21.23488706	-1.493750E-012	-2.374405E-012	-1	0.000000E+000
1	21.23874884	-2.374405E-012	-1.637893E-012	0	0.000000E+000
1	21.23920000	-1.637893E-012	-2.536012E-012	-1	0.000000E+000
1	21.24300000	-2.536012E-012	-1.787500E-012	0	0.000000E+000
1	21.24326232	-1.787500E-012	-2.389881E-012	-1	0.000000E+000
1	21.24485919	-2.378869E-012	-1.821875E-012	0	0.000000E+000
1	21.24520779	-1.821875E-012	-2.454167E-012	-1	0.000000E+000
1	21.27550000	-2.454167E-012	-1.640625E-012	0	0.000000E+000
1	21.27592784	-1.640625E-012	-2.396429E-012	-1	0.000000E+000
1	21.29191837	-2.321875E-012	-1.356250E-012	0	0.000000E+000
1	21.29341914	-1.356250E-012	-2.389286E-012	-1	0.000000E+000
1	21.31839589	-2.363690E-012	-1.465625E-012	0	0.000000E+000
1	21.31902738	-1.465625E-012	-2.309077E-012	-1	0.000000E+000
1	21.32285194	-2.309077E-012	-1.582440E-012	0	0.000000E+000
1	21.32912398	-1.545982E-012	-2.391667E-012	-1	0.000000E+000
1	21.33210465	-2.391667E-012	-1.407887E-012	0	0.000000E+000
1	21.34693831	-1.348809E-012	-2.236905E-012	-1	0.000000E+000
1	21.35758856	-2.434821E-012	-1.556250E-012	0	0.000000E+000
1	21.35812006	-1.556250E-012	-2.301488E-012	-1	0.000000E+000
1	21.39497323	-2.396131E-012	-1.584375E-012	0	0.000000E+000
1	21.39545941	-1.584375E-012	-2.359970E-012	-1	0.000000E+000
1	21.39724261	-2.320387E-012	-1.500000E-012	0	0.000000E+000
1	21.39764799	-1.500000E-012	-2.354911E-012	-1	0.000000E+000
1	21.40149836	-2.354911E-012	-1.900000E-012	0	0.000000E+000
1	21.40170853	-1.555766E-012	-2.275893E-012	-1	0.000000E+000
1	21.41057278	-2.233929E-012	-1.635354E-012	0	0.000000E+000
1	21.41110000	-1.635354E-012	-2.469643E-012	-1	0.000000E+000
1	21.41947606	-2.440030E-012	-1.300000E-012	0	0.000000E+000
1	21.42077126	-1.300000E-012	-2.289435E-012	-1	0.000000E+000
1	21.42336282	-2.289435E-012	-1.625000E-012	0	0.000000E+000
1	21.42404148	-1.625000E-012	-2.472321E-012	-1	0.000000E+000
1	21.42566139	-2.472321E-012	-1.467857E-012	0	0.000000E+000
1	21.43040866	-1.506101E-012	-2.432887E-012	-1	0.000000E+000
1	21.43531954	-2.545238E-012	-1.440625E-012	0	0.000000E+000
1	21.43588018	-1.440625E-012	-2.332887E-012	-1	0.000000E+000
1	21.44177137	-2.321577E-012	-1.459375E-012	0	0.000000E+000
1	21.44245519	-1.459375E-012	-2.308631E-012	-1	0.000000E+000
1	21.48092206	-2.363095E-012	-1.557035E-012	0	0.000000E+000
1	21.48140000	-1.557035E-012	-2.322917E-012	-1	0.000000E+000
1	21.48619455	-2.383185E-012	-1.303125E-012	0	0.000000E+000
1	21.48701471	-1.303125E-012	-2.285863E-012	-1	0.000000E+000
1	21.49669953	-2.494048E-012	-1.576339E-012	0	0.000000E+000
1	21.49728850	-1.576339E-012	-2.281250E-012	-1	0.000000E+000
1	21.49785998	-2.281250E-012	-1.412500E-012	0	0.000000E+000
1	21.49887702	-1.412500E-012	-2.461458E-012	-1	0.000000E+000
1	21.49940000	-2.461458E-012	-1.556250E-012	0	0.000000E+000
1	21.50006505	-1.556250E-012	-2.461458E-012	-1	0.000000E+000
1	21.50225550	-2.461458E-012	-1.737500E-012	0	0.000000E+000
1	21.50257202	-1.737500E-012	-2.364137E-012	-1	0.000000E+000
1	21.51591750	-2.441815E-012	-1.592190E-012	0	0.000000E+000
1	21.51640000	-1.592190E-012	-2.387500E-012	-1	0.000000E+000
1	21.52927885	-2.490030E-012	-1.553614E-012	0	0.000000E+000
1	21.52980000	-1.553614E-012	-2.345238E-012	-1	0.000000E+000
1	21.54850000	-2.345238E-012	-1.462500E-012	0	0.000000E+000
1	21.55150135	-1.462500E-012	-2.358929E-012	-1	0.000000E+000
1	21.55624950	-2.306101E-012	-1.278125E-012	0	0.000000E+000
1	21.55804984	-1.278125E-012	-2.246280E-012	-1	0.000000E+000
1	21.58489717	-2.432738E-012	-1.491507E-012	0	0.000000E+000
1	21.58540000	-1.491507E-012	-2.380506E-012	-1	0.000000E+000
1	21.58782496	-2.380506E-012	-1.448150E-012	0	0.000000E+000
1	21.58830000	-1.448150E-012	-2.353869E-012	-1	0.000000E+000
1	21.60542343	-2.397917E-012	-1.453125E-012	0	0.000000E+000
1	21.60596445	-1.453125E-012	-2.513839E-012	-1	0.000000E+000
1	21.61312359	-2.310565E-012	-1.606250E-012	0	0.000000E+000
1	21.61361111	-1.606250E-012	-2.477083E-012	-1	0.000000E+000
1	21.62107407	-2.413244E-012	-1.609375E-012	0	0.000000E+000
1	21.62163833	-1.609375E-012	-2.332292E-012	-1	0.000000E+000
1	21.62662419	-2.332292E-012	-1.746875E-012	0	0.000000E+000
1	21.62709594	-1.746875E-012	-2.464583E-012	-1	0.000000E+000
1	21.64998701	-2.464583E-012	-1.590625E-012	0	0.000000E+000
1	21.65055812	-1.590625E-012	-2.422768E-012	-1	0.000000E+000
1	21.68947586	-2.454167E-012	-1.428125E-012	0	0.000000E+000
1	21.69004535	-1.428125E-012	-2.397470E-012	-1	0.000000E+000
1	21.69327338	-2.397470E-012	-1.488542E-012	0	0.000000E+000
1	21.69677570	-1.488542E-012	-2.485268E-012	-1	0.000000E+000
1	21.70057207	-2.485268E-012	-1.481250E-012	0	0.000000E+000
1	21.70105514	-1.481250E-012	-2.347024E-012	-1	0.000000E+000
1	21.71239326	-2.286458E-012	-1.359375E-012	0	0.000000E+000
1	21.71418623	-1.359375E-012	-2.396131E-012	-1	0.000000E+000
1	21.74325000	-2.396131E-012	-1.626764E-012	0	0.000000E+000
1	21.74370000	-1.626764E-012	-2.405357E-012	-1	0.000000E+000
1	21.76317651	-2.250446E-012	-1.378125E-012	0	0.000000E+000
1	21.76418480	-1.378125E-012	-2.252381E-012	-1	0.000000E+000
1	21.80605241	-2.252381E-012	-1.509970E-012	0	0.000000E+000
1	21.80746833	-1.509970E-012	-2.365625E-012	-1	0.000000E+000
1	21.82957073	-2.535565E-012	-1.615625E-012	0	0.000000E+000
1	21.82996808	-1.615625E-012	-2.486756E-012	-1	0.000000E+000
1	21.83215592	-2.486756E-012	-1.668750E-012	0	0.000000E+000
1	21.83257386	-1.668750E-012	-2.477679E-012	-1	0.000000E+000
1	21.84545871	-2.357440E-012	-1.681250E-012	0	0.000000E+000
1	21.84600975	-1.681250E-012	-2.444048E-012	-1	0.000000E+000
1	21.85021619	-2.444048E-012	-1.462500E-012	0	0.000000E+000
1	21.85092679	-1.462500E-012	-2.241518E-012	-1	0.000000E+000
1	21.85571177	-2.253423E-012	-1.625000E-012	0	0.000000E+000
1	21.85604131	-1.625000E-012	-2.358482E-012	-1	0.000000E+000
1	21.86923705	-2.223512E-012	-1.262500E-012	0	0.000000E+000
1	21.86998791	-1.262500E-012	-2.345982E-012	-1	0.000000E+000
1	21.88389045	-2.259673E-012	-1.343750E-012	0	0.000000E+000
1	21.88473194	-1.343750E-012	-2.327381E-012	-1	0.000000E+000
1	21.92616746	-2.333631E-012	-1.609375E-012	0	0.000000E+000
1	21.92651534	-1.609375E-012	-2.195238E-012	-1	0.000000E+000
1	21.93355506	-2.195238E-012	-1.377232E-012	0	0.000000E+000
1	21.94520000	-1.377232E-012	-2.248958E-012	-1	0.000000E+000
1	21.95236941	-2.326637E-012	-1.706250E-012	0	0.000000E+000
1	21.95263182	-1.706250E-012	-2.384673E-012	-1	0.000000E+000
1	21.95838839	-2.444643E-012	-1.392411E-012	0	0.000000E+000
1	21.96032200	-1.392411E-012	-2.448065E-012	-1	0.000000E+000
1	22.05268725	-2.386161E-012	-1.350000E-012	0	0.000000E+000
1	22.05357860	-1.350000E-012	-2.200149E-012	-1	0.000000E+000
1	22.07456896	-2.273065E-012	-1.329762E-012	0	0.000000E+000
1	22.07604957	-1.329762E-012	-2.130506E-012	-1	0.000000E+000
1	22.07658650	-2.130506E-012	-1.390625E-012	0	0.000000E+000
1	22.07729130	-1.390625E-012	-2.343601E-012	-1	0.000000E+000
1	22.09691155	-2.343601E-012	-1.344792E-012	0	0.000000E+000
1	22.09740000	-1.344792E-012	-2.009375E-012	-1	0.000000E+000
1	22.09810991	-2.009375E-012	-1.344792E-012	0	0.000000E+000
1	22.10071358	-1.344792E-012	-2.378274E-012	-1	0.000000E+000
1	22.14760000	-2.378274E-012	-1.403125E-012	0	0.000000E+000
1	22.14821647	-1.403125E-012	-2.266964E-012	-1	0.000000E+000
1	22.15590000	-2.266964E-012	-1.543750E-012	0	0.000000E+000
1	22.15702991	-1.543750E-012	-2.338393E-012	-1	0.000000E+000
1	22.16540000	-2.338393E-012	-1.337500E-012	0	0.000000E+000
1	22.16591748	-1.337500E-012	-2.234226E-012	-1	0.000000E+000
1	22.22836107	-2.257143E-012	-1.275000E-012	0	0.000000E+000
1	22.22983030	-1.275000E-012	-2.316667E-012	-1	0.000000E+000
1	22.25927222	-2.206696E-012	-1.443750E-012	0	0.000000E+000
1	22.26023950	-1.443750E-012	-2.348512E-012	-1	0.000000E+000
1	22.30835357	-2.287500E-012	-1.377679E-012	0	0.000000E+000
1	22.31107527	-1.377679E-012	-2.311161E-012	-1	0.000000E+000
1	22.31321917	-2.311161E-012	-1.484375E-012	0	0.000000E+000
1	22.31374787	-1.484375E-012	-2.455506E-012	-1	0.000000E+000
1	22.31676650	-2.455506E-012	-1.605470E-012	0	0.000000E+000
1	22.31730000	-1.605470E-012	-2.321280E-012	-1	0.000000E+000
1	22.34350892	-2.217113E-012	-1.343750E-012	0	0.000000E+000
1	22.34459238	-1.343750E-012	-2.419643E-012	-1	0.000000E+000
1	22.36005952	-2.483333E-012	-1.684375E-012	0	0.000000E+000
1	22.36040113	-1.684375E-012	-2.421577E-012	-1	0.000000E+000
1	22.36755317	-2.461905E-012	-1.712500E-012	0	0.000000E+000
1	22.36794929	-1.712500E-012	-2.283929E-012	-1	0.000000E+000
1	22.38131736	-2.271875E-012	-1.431250E-012	0	0.000000E+000
1	22.38227378	-1.431250E-012	-2.317708E-012	-1	0.000000E+000
1	22.41913396	-2.129911E-012	-1.458402E-012	0	0.000000E+000
1	22.41965000	-1.458402E-012	-2.318452E-012	-1	0.000000E+000
1	22.42269202	-2.318452E-012	-1.443750E-012	0	0.000000E+000
1	22.42327339	-1.443750E-012	-2.319494E-012	-1	0.000000E+000
1	22.42925250	-2.288244E-012	-1.458631E-012	0	0.000000E+000
1	22.43191672	-1.458631E-012	-2.593750E-012	-1	0.000000E+000
1	22.51385068	-2.345901E-012	-1.365327E-012	0	0.000000E+000
1	22.51588782	-1.365327E-012	-2.263095E-012	-1	0.000000E+000
1	22.51691031	-2.197321E-012	-1.581250E-012	0	0.000000E+000
1	22.51724512	-1.581250E-012	-2.263095E-012	-1	0.000000E+000
1	22.51915933	-2.263095E-012	-1.481250E-012	0	0.000000E+000
1	22.51983690	-1.481250E-012	-2.388393E-012	-1	0.000000E+000
1	22.54247880	-2.442113E-012	-1.602931E-012	0	0.000000E+000
1	22.54300000	-1.602931E-012	-2.549256E-012	-1	0.000000E+000
1	22.56285000	-2.452870E-012	-1.497001E-012	0	0.000000E+000
1	22.56359910	-1.497001E-012	-2.254315E-012	-1	0.000000E+000
1	22.62777611	-2.230655E-012	-1.578125E-012	0	0.000000E+000
1	22.62812126	-1.578125E-012	-2.155060E-012	-1	0.000000E+000
1	22.67673666	-2.311310E-012	-1.206250E-012	0	0.000000E+000
1	22.67889417	-1.206250E-012	-2.446280E-012	-1	0.000000E+000
1	22.68987243	-2.315179E-012	-1.456250E-012	0	0.000000E+000
1	22.69051021	-1.456250E-012	-2.197619E-012	-1	0.000000E+000
1	22.72405656	-2.415030E-012	-1.484375E-012	0	0.000000E+000
1	22.72481111	-1.484375E-012	-2.480208E-012	-1	0.000000E+000
1	22.73374403	-2.520982E-012	-1.618750E-012	0	0.000000E+000
1	22.73424595	-1.618750E-012	-2.562500E-012	-1	0.000000E+000
1	22.73959402	-2.437202E-012	-1.593452E-012	0	0.000000E+000
1	22.74180271	-1.593452E-012	-2.555060E-012	-1	0.000000E+000
1	22.79300614	-2.528720E-012	-1.568750E-012	0	0.000000E+000
1	22.79424878	-1.568750E-012	-2.525149E-012	-1	0.000000E+000
1	22.82929196	-2.379762E-012	-1.465476E-012	0	0.000000E+000
1	22.83341507	-1.478720E-012	-2.394643E-012	-1	0.000000E+000
1	22.83746877	-2.394643E-012	-1.631250E-012	0	0.000000E+000
1	22.83808703	-1.631250E-012	-2.419196E-012	-1	0.000000E+000
1	22.84392746	-2.443452E-012	-1.621585E-012	0	0.000000E+000
1	22.84445000	-1.621585E-012	-2.355804E-012	-1	0.000000E+000
1	22.86634077	-2.404315E-012	-1.623440E-012	0	0.000000E+000
1	22.86680000	-1.623440E-012	-2.270685E-012	-1	0.000000E+000
1	22.95110000	-2.270685E-012	-1.594438E-012	0	0.000000E+000
1	22.95155000	-1.594438E-012	-2.355506E-012	-1	0.000000E+000
1	22.96735223	-2.408333E-012	-1.756250E-012	0	0.000000E+000
1	22.96776247	-1.756250E-012	-2.384226E-012	-1	0.000000E+000
1	22.97745000	-2.384226E-012	-1.800000E-012	0	0.000000E+000
1	22.97820609	-1.800000E-012	-2.406696E-012	-1	0.000000E+000
1	22.99117214	-2.355060E-012	-1.412500E-012	0	0.000000E+000
1	22.99261783	-1.412500E-012	-2.389583E-012	-1	0.000000E+000
1	23.02154456	-2.395089E-012	-1.584375E-012	0	0.000000E+000
1	23.02194097	-1.584375E-012	-2.245982E-012	-1	0.000000E+000
1	23.21686695	-2.311756E-012	-1.481250E-012	0	0.000000E+000
1	23.21723569	-1.481250E-012	-2.388244E-012	-1	0.000000E+000
1	23.25784930	-2.242113E-012	-1.490625E-012	0	0.000000E+000
1	23.25851874	-1.490625E-012	-2.253869E-012	-1	0.000000E+000
1	23.26633034	-2.277827E-012	-1.634375E-012	0	0.000000E+000
1	23.26666345	-1.634375E-012	-2.232887E-012	-1	0.000000E+000
1	23.28870070	-2.391964E-012	-1.563968E-012	0	0.000000E+000
1	23.28925000	-1.563968E-012	-2.315923E-012	-1	0.000000E+000
1	23.29425338	-2.319792E-012	-1.615921E-012	0	0.000000E+000
1	23.29480000	-1.615921E-012	-2.262202E-012	-1	0.000000E+000
1	23.29780446	-2.262202E-012	-1.825000E-012	0	0.000000E+000
1	23.29806400	-1.825000E-012	-2.341518E-012	-1	0.000000E+000
1	23.30611473	-2.264137E-012	-1.667384E-012	0	0.000000E+000
1	23.30656986	-1.667384E-012	-2.222173E-012	-1	0.000000E+000
1	23.33640000	-2.222173E-012	-1.638382E-012	0	0.000000E+000
1	23.33695000	-1.638382E-012	-2.328423E-012	-1	0.000000E+000
1	23.34325000	-2.328423E-012	-1.740625E-012	0	0.000000E+000
1	23.34339323	-1.740625E-012	-2.447470E-012	-1	0.000000E+000
1	23.34540251	-2.447470E-012	-1.631250E-012	0	0.000000E+000
1	23.34599011	-1.631250E-012	-2.379315E-012	-1	0.000000E+000
1	23.35613013	-2.487946E-012	-1.434375E-012	0	0.000000E+000
1	23.35710757	-1.434375E-012	-2.440774E-012	-1	0.000000E+000
1	23.36263931	-2.456548E-012	-1.475000E-012	0	0.000000E+000
1	23.36604803	-1.475000E-012	-2.341369E-012	-1	0.000000E+000
1	23.36903339	-2.341369E-012	-1.396875E-012	0	0.000000E+000
1	23.36981905	-1.396875E-012	-2.415923E-012	-1	0.000000E+000
1	23.40858018	-2.448958E-012	-1.446875E-012	0	0.000000E+000
1	23.40963036	-1.680954E-012	-2.233929E-012	-1	0.000000E+000
1	23.43375786	-2.371429E-012	-1.471875E-012	0	0.000000E+000
1	23.43445350	-1.471875E-012	-2.260863E-012	-1	0.000000E+000
1	23.45220896	-2.504613E-012	-1.787500E-012	0	0.000000E+000
1	23.45248600	-1.787500E-012	-2.391518E-012	-1	0.000000E+000
1	23.46664676	-2.257887E-012	-1.442560E-012	0	0.000000E+000
1	23.46737570	-1.442560E-012	-2.500000E-012	-1	0.000000E+000
1	23.46833285	-2.500000E-012	-1.442560E-012	0	0.000000E+000
1	23.46964195	-1.442560E-012	-2.519196E-012	-1	0.000000E+000
1	23.47020272	-2.519196E-012	-1.612500E-012	0	0.000000E+000
1	23.47070897	-1.612500E-012	-2.523363E-012	-1	0.000000E+000
1	23.47125000	-2.523363E-012	-1.612500E-012	0	0.000000E+000
1	23.47165723	-1.612500E-012	-2.387946E-012	-1	0.000000E+000
1	23.48739935	-2.387946E-012	-1.615625E-012	0	0.000000E+000
1	23.48780145	-1.615625E-012	-2.291815E-012	-1	0.000000E+000
1	23.50431097	-2.327976E-012	-1.364435E-012	0	0.000000E+000
1	23.50567085	-1.364435E-012	-2.233036E-012	-1	0.000000E+000
1	23.52347234	-2.299554E-012	-1.650000E-012	0	0.000000E+000
1	23.52384139	-1.650000E-012	-2.434970E-012	-1	0.000000E+000
1	23.53508298	-2.311756E-012	-1.415625E-012	0	0.000000E+000
1	23.53607369	-1.415625E-012	-2.368601E-012	-1	0.000000E+000
1	23.55257154	-2.269196E-012	-1.700000E-012	0	0.000000E+000
1	23.55289646	-1.700000E-012	-2.418899E-012	-1	0.000000E+000
1	23.55861741	-2.279613E-012	-1.821875E-012	0	0.000000E+000
1	23.55891670	-1.821875E-012	-2.261607E-012	-1	0.000000E+000
1	23.58925491	-2.260119E-012	-1.622364E-012	0	0.000000E+000
1	23.58975000	-1.622364E-012	-2.183929E-012	-1	0.000000E+000
1	23.59402787	-2.183929E-012	-1.404464E-012	0	0.000000E+000
1	23.59701793	-1.404464E-012	-2.353571E-012	-1	0.000000E+000
1	23.60028749	-2.353571E-012	-1.498065E-012	0	0.000000E+000
1	23.60163003	-1.498065E-012	-2.243304E-012	-1	0.000000E+000
1	23.67300000	-2.243304E-012	-1.571294E-012	0	0.000000E+000
1	23.67350000	-1.571294E-012	-2.351042E-012	-1	0.000000E+000
1	23.67479338	-2.436458E-012	-1.602151E-012	0	0.000000E+000
1	23.67525000	-1.602151E-012	-2.351042E-012	-1	0.000000E+000
1	23.67683140	-2.351042E-012	-1.440625E-012	0	0.000000E+000
1	23.67775041	-1.440625E-012	-2.339976E-012	-1	0.000000E+000
1	23.74296542	-2.285549E-012	-1.646192E-012	0	0.000000E+000
1	23.74350000	-1.646192E-012	-2.108333E-012	-1	0.000000E+000
1	23.74520808	-2.108333E-012	-1.278125E-012	0	0.000000E+000
1	23.74638224	-1.278125E-012	-2.196577E-012	-1	0.000000E+000
1	23.79563320	-2.293899E-012	-1.337500E-012	0	0.000000E+000
1	23.79632474	-1.337500E-012	-2.192113E-012	-1	0.000000E+000
1	23.80103807	-2.393155E-012	-1.336756E-012	0	0.000000E+000
1	23.80312222	-1.336756E-012	-2.188244E-012	-1	0.000000E+000
1	23.80795000	-2.188244E-012	-1.520998E-012	0	0.000000E+000
1	23.80845000	-1.520998E-012	-2.188690E-012	-1	0.000000E+000
1	23.81100539	-2.188690E-012	-1.668750E-012	0	0.000000E+000
1	23.81134448	-1.668750E-012	-2.210565E-012	-1	0.000000E+000
1	23.81784524	-2.251935E-012	-1.600000E-012	0	0.000000E+000
1	23.81861540	-1.600000E-012	-2.278423E-012	-1	0.000000E+000
1	23.84887255	-2.266815E-012	-1.293750E-012	0	0.000000E+000
1	23.84959673	-1.293750E-012	-2.428125E-012	-1	0.000000E+000
1	23.85175467	-2.428125E-012	-1.360417E-012	0	0.000000E+000
1	23.85416180	-1.360417E-012	-2.233929E-012	-1	0.000000E+000
1	23.86584730	-2.329464E-012	-1.309375E-012	0	0.000000E+000
1	23.86989096	-1.329315E-012	-2.100000E-012	-1	0.000000E+000
1	23.87034266	-2.100000E-012	-1.370536E-012	0	0.000000E+000
1	23.87262944	-1.370536E-012	-2.063393E-012	-1	0.000000E+000
1	23.92000000	-2.063393E-012	-1.479690E-012	0	0.000000E+000
1	23.92045000	-1.479690E-012	-2.266667E-012	-1	0.000000E+000
1	23.92448692	-2.266667E-012	-1.432815E-012	0	0.000000E+000
1	23.92495000	-1.432815E-012	-2.161756E-012	-1	0.000000E+000
1	23.95131495	-2.234673E-012	-1.293750E-012	0	0.000000E+000
1	23.95209150	-1.293750E-012	-2.249107E-012	-1	0.000000E+000
1	23.98797003	-2.249107E-012	-1.390727E-012	0	0.000000E+000
1	23.98850000	-1.390727E-012	-2.457887E-012	-1	0.000000E+000
1	24.00203748	-2.322470E-012	-1.422917E-012	0	0.000000E+000
1	24.00549464	-1.422917E-012	-2.233780E-012	-1	0.000000E+000
1	24.01004256	-2.202976E-012	-1.341667E-012	0	0.000000E+000
1	24.01253465	-1.341667E-012	-2.291220E-012	-1	0.000000E+000
1	24.07603044	-2.291220E-012	-1.441997E-012	0	0.000000E+000
1	24.07679135	-1.441997E-012	-2.270000E-012	-1	0.000000E+000
1	24.09192668	-2.072024E-012	-1.467777E-012	0	0.000000E+000
1	24.09240000	-1.467777E-012	-2.261195E-012	-1	0.000000E+000
1	24.10219017	-2.271875E-012	-1.371875E-012	0	0.000000E+000
1	24.10298386	-1.371875E-012	-2.274851E-012	-1	0.000000E+000
1	24.12189065	-2.383185E-012	-1.453125E-012	0	0.000000E+000
1	24.12286838	-1.453125E-012	-2.446131E-012	-1	0.000000E+000
1	24.13495000	-2.446131E-012	-1.621875E-012	0	0.000000E+000
1	24.13530269	-1.621875E-012	-2.196131E-012	-1	0.000000E+000
1	24.22666796	-2.365923E-012	-1.550000E-012	0	0.000000E+000
1	24.22722041	-1.550000E-012	-2.400893E-012	-1	0.000000E+000
1	24.30206036	-2.574851E-012	-1.575000E-012	0	0.000000E+000
1	24.30246688	-1.575000E-012	-2.330357E-012	-1	0.000000E+000
1	24.30745714	-2.320833E-012	-1.353125E-012	0	0.000000E+000
1	24.30908761	-1.353125E-012	-2.381845E-012	-1	0.000000E+000
1	24.43000244	-2.381845E-012	-1.405655E-012	0	0.000000E+000
1	24.43289872	-1.394048E-012	-2.399405E-012	-1	0.000000E+000
1	24.45015909	-2.361607E-012	-1.325893E-012	0	0.000000E+000
1	24.45065000	-1.325893E-012	-2.490625E-012	-1	0.000000E+000
1	24.45133336	-2.490625E-012	-1.325893E-012	0	0.000000E+000
1	24.45325659	-1.325893E-012	-2.392411E-012	-1	0.000000E+000
1	24.45675335	-2.392411E-012	-1.559375E-012	0	0.000000E+000
1	24.45828409	-1.559375E-012	-2.202530E-012	-1	0.000000E+000
1	24.46129890	-2.203869E-012	-1.262500E-012	0	0.000000E+000
1	24.46241583	-1.262500E-012	-2.349554E-012	-1	0.000000E+000
1	24.54252570	-2.339881E-012	-1.612500E-012	0	0.000000E+000
1	24.54285361	-1.612500E-012	-2.239881E-012	-1	0.000000E+000
1	24.55175000	-2.239881E-012	-1.565625E-012	0	0.000000E+000
1	24.55219901	-1.565625E-012	-2.329167E-012	-1	0.000000E+000
1	24.55505174	-2.329167E-012	-1.290625E-012	0	0.000000E+000
1	24.55724150	-1.290625E-012	-2.412351E-012	-1	0.000000E+000
1	24.56756754	-2.299107E-012	-1.662500E-012	0	0.000000E+000
1	24.56791735	-1.662500E-012	-2.296577E-012	-1	0.000000E+000
1	24.63167522	-2.213542E-012	-1.360268E-012	0	0.000000E+000
1	25.91466920	-1.442262E-012	-2.762500E-012	-1	0.000000E+000
1	25.91517143	-2.762500E-012	-1.465942E-012	0	0.000000E+000
1	30.48424960	-1.517560E-012	-2.237054E-012	-1	0.000000E+000
1	30.55735377	-2.188095E-012	-1.612500E-012	0	0.000000E+000
1	30.58659853	-1.612500E-012	-2.112500E-012	-1	0.000000E+000
1	30.58687310	-2.112500E-012	-1.484524E-012	0	0.000000E+000
1	34.76577249	-1.729018E-012	-2.178125E-012	-1	0.000000E+000
1	34.76612655	-2.178125E-012	-1.731101E-012	0	0.000000E+000
1	50.60924841	-1.358482E-012	-2.356250E-012	-1	0.000000E+000
1	50.60964504	-2.356250E-012	-1.141071E-012	0	0.000000E+000
1	63.92628571	-1.534673E-012	-2.525785E-012	-1	0.000000E+000
1	63.92680439	-2.525785E-012	-1.338095E-012	0	0.000000E+000
1	69.75502370	-1.350149E-012	-2.305208E-012	-1	0.000000E+000
1	69.76112876	-2.293452E-012	-1.379018E-012	0	0.000000E+000
1	69.76465383	-1.379018E-012	-2.291071E-012	-1	0.000000E+000
1	69.77474566	-2.306250E-012	-1.216217E-012	0	0.000000E+000
1	69.77525000	-1.216217E-012	-2.324107E-012	-1	0.000000E+000
1	69.88315235	-2.123214E-012	-1.310843E-012	0	0.000000E+000
1	69.88365000	-1.310843E-012	-2.067411E-012	-1	0.000000E+000
1	69.90983454	-2.165774E-012	-1.375000E-012	0	0.000000E+000
1	69.91039612	-1.375000E-012	-2.136905E-012	-1	0.000000E+000
1	69.91376320	-2.136905E-012	-1.271726E-012	0	0.000000E+000
1	69.91510209	-1.271726E-012	-2.121875E-012	-1	0.000000E+000
1	69.91672952	-2.121875E-012	-1.178125E-012	0	0.000000E+000
1	69.91787819	-1.178125E-012	-2.047619E-012	-1	0.000000E+000
1	69.93992800	-2.047619E-012	-1.393899E-012	0	0.000000E+000
1	69.94250759	-1.393899E-012	-2.078125E-012	-1	0.000000E+000
1	69.94475973	-2.078125E-012	-1.475000E-012	0	0.000000E+000
1	69.94519383	-1.475000E-012	-2.126190E-012	-1	0.000000E+000
1	69.96815000	-2.126190E-012	-1.337500E-012	0	0.000000E+000
1	69.96864239	-1.337500E-012	-2.086012E-012	-1	0.000000E+000
1	69.98600000	-2.086012E-012	-1.310268E-012	0	0.000000E+000
1	69.99286109	-1.334524E-012	-2.109821E-012	-1	0.000000E+000
1	70.02414827	-2.054464E-012	-1.456250E-012	0	0.000000E+000
1	70.02449810	-1.456250E-012	-2.109970E-012	-1	0.000000E+000
1	70.02722094	-2.109970E-012	-1.315625E-012	0	0.000000E+000
1	70.02830944	-1.315625E-012	-2.049851E-012	-1	0.000000E+000
1	70.04735401	-2.095833E-012	-1.473537E-012	0	0.000000E+000
1	70.04790000	-1.473537E-012	-2.186012E-012	-1	0.000000E+000
1	70.08678722	-2.197917E-012	-1.362500E-012	0	0.000000E+000
1	70.08725368	-1.362500E-012	-2.158929E-012	-1	0.000000E+000
1	70.15393884	-2.053423E-012	-1.390431E-012	0	0.000000E+000
1	70.15445000	-1.390431E-012	-2.112946E-012	-1	0.000000E+000
1	70.15636689	-2.112946E-012	-1.337500E-012	0	0.000000E+000
1	70.15692995	-1.337500E-012	-2.056101E-012	-1	0.000000E+000
1	70.16637753	-2.075595E-012	-1.375000E-012	0	0.000000E+000
1	70.16723391	-1.375000E-012	-2.075595E-012	-1	0.000000E+000
1	70.17378869	-2.062351E-012	-1.278125E-012	0	0.000000E+000
1	70.17479216	-1.278125E-012	-2.111607E-012	-1	0.000000E+000
1	70.25983108	-2.178869E-012	-1.450000E-012	0	0.000000E+000
1	70.26030116	-1.450000E-012	-2.262202E-012	-1	0.000000E+000
1	70.30322149	-2.196875E-012	-1.253125E-012	0	0.000000E+000
1	70.30402229	-1.253125E-012	-2.251935E-012	-1	0.000000E+000
1	70.31263902	-2.190476E-012	-1.350000E-012	0	0.000000E+000
1	70.31335045	-1.350000E-012	-2.127083E-012	-1	0.000000E+000
1	70.33454622	-2.138095E-012	-1.359375E-012	0	0.000000E+000
1	70.33501832	-1.359375E-012	-2.011607E-012	-1	0.000000E+000
1	70.38314546	-2.079911E-012	-1.240625E-012	0	0.000000E+000
1	70.38363685	-1.240625E-012	-2.032440E-012	-1	0.000000E+000
1	70.39879473	-2.148512E-012	-1.390625E-012	0	0.000000E+000
1	70.39955827	-1.390625E-012	-2.400744E-012	-1	0.000000E+000
1	70.42466529	-2.307738E-012	-1.537500E-012	0	0.000000E+000
1	70.42511520	-1.537500E-012	-1.974107E-012	-1	0.000000E+000
1	70.46245000	-1.974107E-012	-1.300000E-012	0	0.000000E+000
1	70.46317568	-1.300000E-012	-2.181250E-012	-1	0.000000E+000
1	70.48637692	-2.221726E-012	-1.281250E-012	0	0.000000E+000
1	70.48770568	-1.281250E-012	-2.149702E-012	-1	0.000000E+000
1	70.48937583	-2.149702E-012	-1.245315E-012	0	0.000000E+000
1	70.48990000	-1.245315E-012	-1.890179E-012	-1	0.000000E+000
1	70.52385000	-2.069180E-012	-1.447365E-012	0	0.000000E+000
1	70.52440000	-1.447365E-012	-2.152827E-012	-1	0.000000E+000
1	70.53705000	-2.152827E-012	-1.287500E-012	0	0.000000E+000
1	70.53944120	-1.287500E-012	-2.051935E-012	-1	0.000000E+000
1	70.55178043	-2.192857E-012	-1.450000E-012	0	0.000000E+000
1	70.55214058	-1.450000E-012	-2.118452E-012	-1	0.000000E+000
1	70.57807899	-2.057887E-012	-1.415030E-012	0	0.000000E+000
1	70.57992054	-1.415030E-012	-1.923363E-012	-1	0.000000E+000
1	70.62725000	-1.923363E-012	-1.383333E-012	0	0.000000E+000
1	70.62912484	-1.383333E-012	-2.181162E-012	-1	0.000000E+000
1	70.67290406	-2.242857E-012	-1.399851E-012	0	0.000000E+000
1	70.67507568	-1.399851E-012	-2.072619E-012	-1	0.000000E+000
1	70.69467437	-2.202679E-012	-1.522171E-012	0	0.000000E+000
1	70.69520000	-1.522171E-012	-2.403571E-012	-1	0.000000E+000
1	70.72077654	-2.189286E-012	-1.300446E-012	0	0.000000E+000
1	70.72486142	-1.290476E-012	-2.131101E-012	-1	0.000000E+000
1	70.73888818	-2.354613E-012	-1.396875E-012	0	0.000000E+000
1	70.73988981	-1.396875E-012	-2.232143E-012	-1	0.000000E+000
1	70.78065810	-2.231845E-012	-1.215625E-012	0	0.000000E+000
1	70.78182189	-1.215625E-012	-2.096577E-012	-1	0.000000E+000
1	70.80558304	-2.111310E-012	-1.321585E-012	0	0.000000E+000
1	70.80610000	-1.321585E-012	-2.184970E-012	-1	0.000000E+000
1	70.80868137	-2.184970E-012	-1.365179E-012	0	0.000000E+000
1	70.82619359	-1.365179E-012	-2.155655E-012	-1	0.000000E+000
1	70.82849333	-2.155655E-012	-1.483498E-012	0	0.000000E+000
1	70.82895000	-1.483498E-012	-2.146875E-012	-1	0.000000E+000
1	70.86970000	-2.146875E-012	-1.403125E-012	0	0.000000E+000
1	70.87050366	-1.403125E-012	-2.140476E-012	-1	0.000000E+000
1	70.91100000	-2.140476E-012	-1.418750E-012	0	0.000000E+000
1	70.91153321	-1.418750E-012	-2.451488E-012	-1	0.000000E+000
1	70.92457464	-2.451488E-012	-1.639845E-012	0	0.000000E+000
1	70.92508764	-1.639845E-012	-2.330804E-012	-1	0.000000E+000
1	70.92822116	-2.330804E-012	-1.517680E-012	0	0.000000E+000
1	70.92875000	-1.517680E-012	-2.385863E-012	-1	0.000000E+000
1	70.94299911	-2.159375E-012	-1.325000E-012	0	0.000000E+000
1	70.94356205	-1.325000E-012	-2.163244E-012	-1	0.000000E+000
1	70.94868396	-2.204167E-012	-1.281250E-012	0	0.000000E+000
1	70.94951685	-1.281250E-012	-2.300893E-012	-1	0.000000E+000
1	70.96054739	-2.157589E-012	-1.284375E-012	0	0.000000E+000
1	70.96127185	-1.284375E-012	-2.135417E-012	-1	0.000000E+000
1	70.97494455	-2.060119E-012	-1.353274E-012	0	0.000000E+000
1	70.97714846	-1.353274E-012	-2.170833E-012	-1	0.000000E+000
1	70.99426683	-2.144048E-012	-1.378125E-012	0	0.000000E+000
1	70.99710755	-1.378125E-012	-2.355506E-012	-1	0.000000E+000
1	71.03385000	-2.355506E-012	-1.609375E-012	0	0.000000E+000
1	71.03398718	-1.609375E-012	-2.296429E-012	-1	0.000000E+000
1	71.08644630	-2.137202E-012	-1.512500E-012	0	0.000000E+000
1	71.08717368	-1.512500E-012	-2.101935E-012	-1	0.000000E+000
1	71.11059844	-2.014732E-012	-1.391518E-012	0	0.000000E+000
1	71.11188912	-1.391518E-012	-2.153571E-012	-1	0.000000E+000
1	71.14099269	-2.086756E-012	-1.537500E-012	0	0.000000E+000
1	71.14153755	-1.537500E-012	-2.117411E-012	-1	0.000000E+000
1	71.16310000	-2.117411E-012	-1.281250E-012	0	0.000000E+000
1	71.16467540	-1.281250E-012	-2.263988E-012	-1	0.000000E+000
1	71.17378921	-2.246429E-012	-1.368266E-012	0	0.000000E+000
1	71.17430000	-1.368266E-012	-2.171280E-012	-1	0.000000E+000
1	71.20423427	-2.251190E-012	-1.423440E-012	0	0.000000E+000
1	71.20475000	-1.423440E-012	-2.122619E-012	-1	0.000000E+000
1	71.31403929	-2.122619E-012	-1.437500E-012	0	0.000000E+000
1	71.31506796	-1.437500E-012	-2.291071E-012	-1	0.000000E+000
1	71.33473783	-2.090625E-012	-1.390727E-012	0	0.000000E+000
1	71.33520000	-1.390727E-012	-2.244196E-012	-1	0.000000E+000
1	71.44525000	-2.244196E-012	-1.503663E-012	0	0.000000E+000
1	71.44606086	-1.503663E-012	-2.137054E-012	-1	0.000000E+000
1	71.45458238	-2.270387E-012	-1.467708E-012	0	0.000000E+000
1	71.45507833	-1.467708E-012	-2.131250E-012	-1	0.000000E+000
1	71.45559137	-2.131250E-012	-1.467708E-012	0	0.000000E+000
1	71.45778378	-1.467708E-012	-2.361310E-012	-1	0.000000E+000
1	71.47880291	-2.269196E-012	-1.513988E-012	0	0.000000E+000
1	71.48174774	-1.513988E-012	-2.180655E-012	-1	0.000000E+000
1	71.52086550	-2.189435E-012	-1.543750E-012	0	0.000000E+000
1	71.52134519	-1.543750E-012	-2.283780E-012	-1	0.000000E+000
1	71.53427976	-2.318304E-012	-1.375000E-012	0	0.000000E+000
1	71.53481598	-1.375000E-012	-2.043899E-012	-1	0.000000E+000
1	71.54220000	-2.043899E-012	-1.466217E-012	0	0.000000E+000
1	71.54265000	-1.466217E-012	-2.153125E-012	-1	0.000000E+000
1	71.54943075	-2.147321E-012	-1.318750E-012	0	0.000000E+000
1	71.55025069	-1.318750E-012	-2.322619E-012	-1	0.000000E+000
1	71.55265374	-2.322619E-012	-1.411310E-012	0	0.000000E+000
1	71.55434004	-1.413839E-012	-2.118750E-012	-1	0.000000E+000
1	71.55491786	-2.118750E-012	-1.328125E-012	0	0.000000E+000
1	71.55681151	-1.328125E-012	-2.277976E-012	-1	0.000000E+000
1	71.60590062	-2.220089E-012	-1.368750E-012	0	0.000000E+000
1	71.60676910	-1.368750E-012	-2.259673E-012	-1	0.000000E+000
1	71.61168445	-2.276339E-012	-1.354613E-012	0	0.000000E+000
1	71.61326768	-1.354613E-012	-2.042560E-012	-1	0.000000E+000
1	71.61501802	-2.042560E-012	-1.350000E-012	0	0.000000E+000
1	71.61560000	-1.350000E-012	-2.268750E-012	-1	0.000000E+000
1	71.61748434	-2.268750E-012	-1.443155E-012	0	0.000000E+000
1	71.61907091	-1.443155E-012	-2.135268E-012	-1	0.000000E+000
1	71.62507272	-2.211905E-012	-1.434768E-012	0	0.000000E+000
1	71.62555000	-1.434768E-012	-2.108631E-012	-1	0.000000E+000
1	71.63611119	-2.108631E-012	-1.388393E-012	0	0.000000E+000
1	71.63859821	-1.388393E-012	-2.046875E-012	-1	0.000000E+000
1	71.63930795	-2.046875E-012	-1.378125E-012	0	0.000000E+000
1	71.63990690	-1.378125E-012	-2.046875E-012	-1	0.000000E+000
1	71.68665000	-2.046875E-012	-1.421280E-012	0	0.000000E+000
1	71.68725337	-1.421280E-012	-2.031399E-012	-1	0.000000E+000
1	71.68780672	-2.031399E-012	-1.312500E-012	0	0.000000E+000
1	71.68885409	-1.312500E-012	-2.035119E-012	-1	0.000000E+000
1	71.69515862	-2.097024E-012	-1.400000E-012	0	0.000000E+000
1	71.69555508	-1.400000E-012	-2.019048E-012	-1	0.000000E+000
1	71.70395000	-2.019048E-012	-1.415625E-012	0	0.000000E+000
1	71.70430129	-1.415625E-012	-2.190327E-012	-1	0.000000E+000
1	71.73082888	-2.252679E-012	-1.690625E-012	0	0.000000E+000
1	71.73118968	-1.690625E-012	-2.351339E-012	-1	0.000000E+000
1	71.74964548	-2.240476E-012	-1.575000E-012	0	0.000000E+000
1	71.75008542	-1.575000E-012	-2.243951E-012	-1	0.000000E+000
1	71.82591715	-2.028720E-012	-1.434375E-012	0	0.000000E+000
1	71.82669193	-1.434375E-012	-2.200893E-012	-1	0.000000E+000
1	71.88573135	-2.315923E-012	-1.356250E-012	0	0.000000E+000
1	71.88646749	-1.356250E-012	-2.207143E-012	-1	0.000000E+000
1	71.89009401	-2.207143E-012	-1.370833E-012	0	0.000000E+000
1	71.89055000	-1.370833E-012	-2.259375E-012	-1	0.000000E+000
1	71.89148881	-2.259375E-012	-1.306250E-012	0	0.000000E+000
1	71.89291736	-1.306250E-012	-2.195238E-012	-1	0.000000E+000
1	71.91203223	-2.126190E-012	-1.432229E-012	0	0.000000E+000
1	71.91255000	-1.432229E-012	-2.332738E-012	-1	0.000000E+000
1	71.91617512	-2.332738E-012	-1.378125E-012	0	0.000000E+000
1	71.91731772	-1.378125E-012	-2.028274E-012	-1	0.000000E+000
1	71.95255000	-2.028274E-012	-1.447619E-012	0	0.000000E+000
1	71.96066611	-1.333036E-012	-1.927381E-012	-1	0.000000E+000
1	71.97084588	-1.927381E-012	-1.448958E-012	0	0.000000E+000
1	72.01141366	-1.307738E-012	-1.950000E-012	-1	0.000000E+000
1	72.01213872	-1.950000E-012	-1.351190E-012	0	0.000000E+000
1	72.02028114	-1.395089E-012	-2.183482E-012	-1	0.000000E+000
1	72.02777215	-2.018899E-012	-1.275893E-012	0	0.000000E+000
1	72.03189174	-1.275893E-012	-1.998363E-012	-1	0.000000E+000
1	72.03246745	-1.998363E-012	-1.231347E-012	0	0.000000E+000
