1	0.450710	-1.7659230E-012	-2.4505950E-012	-1	0.000000E+000
1	0.456273	-2.3392860E-012	-1.6952380E-012	0	0.000000E+000
1	0.699053	-1.7474700E-012	-2.4623510E-012	-1	0.000000E+000
1	0.709337	-2.4623510E-012	-1.8977680E-012	0	0.000000E+000
1	0.711114	-1.8977680E-012	-2.3369050E-012	-1	0.000000E+000
1	0.717950	-2.3369050E-012	-1.8002980E-012	0	0.000000E+000
1	0.843348	-1.8072920E-012	-2.4434520E-012	-1	0.000000E+000
1	0.857751	-2.5269350E-012	-1.8718750E-012	0	0.000000E+000
1	0.858996	-1.7341810E-012	-2.2888390E-012	-1	0.000000E+000
1	0.919836	-2.2888390E-012	-1.7398450E-012	0	0.000000E+000
1	0.920441	-1.7398450E-012	-2.2543150E-012	-1	0.000000E+000
1	0.925127	-2.2543150E-012	-1.7532740E-012	0	0.000000E+000
1	1.101629	-1.8398810E-012	-2.4804650E-012	-1	0.000000E+000
1	1.130816	-2.4804650E-012	-1.8854170E-012	0	0.000000E+000
1	1.462209	-1.7563990E-012	-2.3120540E-012	-1	0.000000E+000
1	1.469148	-2.2215770E-012	-1.7105650E-012	0	0.000000E+000
1	1.472793	-1.7105650E-012	-2.3571430E-012	-1	0.000000E+000
1	1.480680	-2.4138390E-012	-1.7160180E-012	0	0.000000E+000
1	1.481106	-1.7160180E-012	-2.2559520E-012	-1	0.000000E+000
1	1.483895	-2.2559520E-012	-1.8375000E-012	0	0.000000E+000
1	1.484819	-1.8375000E-012	-2.2943450E-012	-1	0.000000E+000
1	1.487353	-2.2943450E-012	-1.8001490E-012	0	0.000000E+000
1	1.488098	-1.8001490E-012	-2.4468750E-012	-1	0.000000E+000
1	1.488627	-2.4468750E-012	-1.8001490E-012	0	0.000000E+000
1	1.594865	-1.6982140E-012	-2.2833330E-012	-1	0.000000E+000
1	1.606374	-2.2833330E-012	-1.7181550E-012	0	0.000000E+000
1	1.857015	-1.6880950E-012	-2.1638390E-012	-1	0.000000E+000
1	1.885400	-2.1638390E-012	-1.6746130E-012	0	0.000000E+000
1	1.885900	-1.6746130E-012	-2.1584820E-012	-1	0.000000E+000
1	1.943703	-2.1584820E-012	-1.7365350E-012	0	0.000000E+000
1	2.954699	-1.6913690E-012	-2.4741820E-012	-1	0.000000E+000
1	2.967350	-2.4741820E-012	-1.8513720E-012	0	0.000000E+000
1	2.967850	-1.8513720E-012	-2.4886980E-012	-1	0.000000E+000
1	2.986009	-2.5517860E-012	-1.8577180E-012	0	0.000000E+000
1	3.360049	-1.6547620E-012	-2.0876490E-012	-1	0.000000E+000
1	3.380000	-2.0876490E-012	-1.6312500E-012	0	0.000000E+000
1	3.380452	-1.6312500E-012	-2.3519350E-012	-1	0.000000E+000
1	3.435750	-2.3519350E-012	-1.8906250E-012	0	0.000000E+000
1	3.436588	-1.8906250E-012	-2.6074400E-012	-1	0.000000E+000
1	3.444592	-2.5761900E-012	-2.1684520E-012	0	0.000000E+000
1	3.456310	-2.1684520E-012	-2.5699400E-012	-1	0.000000E+000
1	3.461631	-2.5699400E-012	-2.0629460E-012	0	0.000000E+000
1	3.468671	-2.0629460E-012	-2.6063990E-012	-1	0.000000E+000
1	3.480665	-2.6063990E-012	-2.1269350E-012	0	0.000000E+000
1	3.482206	-2.1269350E-012	-2.6750000E-012	-1	0.000000E+000
1	3.536919	-2.9250000E-012	-2.2489580E-012	0	0.000000E+000
1	3.538222	-2.2489580E-012	-2.6508930E-012	-1	0.000000E+000
1	3.553020	-2.6508930E-012	-2.0796540E-012	0	0.000000E+000
1	3.590371	-2.2072920E-012	-2.8598210E-012	-1	0.000000E+000
1	3.598923	-2.8425600E-012	-2.0191960E-012	0	0.000000E+000
1	4.027476	-1.8709890E-012	-2.6406250E-012	-1	0.000000E+000
1	4.040100	-2.6406250E-012	-1.7720110E-012	0	0.000000E+000
1	4.040650	-1.7720110E-012	-2.2677080E-012	-1	0.000000E+000
1	4.042533	-2.2677080E-012	-1.8125000E-012	0	0.000000E+000
1	4.043454	-1.8125000E-012	-2.1688990E-012	-1	0.000000E+000
1	4.046827	-2.1688990E-012	-1.6997020E-012	0	0.000000E+000
1	4.469041	-1.8358630E-012	-2.4516370E-012	-1	0.000000E+000
1	4.498646	-2.2750000E-012	-1.7721730E-012	0	0.000000E+000
1	5.606544	-1.7855650E-012	-2.5306550E-012	-1	0.000000E+000
1	5.609094	-2.5306550E-012	-1.7527740E-012	0	0.000000E+000
1	5.610562	-1.7665430E-012	-2.3500000E-012	-1	0.000000E+000
1	5.634674	-2.1302080E-012	-1.7210950E-012	0	0.000000E+000
1	5.635275	-1.7210950E-012	-2.2157220E-012	-1	0.000000E+000
1	5.644265	-2.2020830E-012	-1.7209980E-012	0	0.000000E+000
1	5.644800	-1.7209980E-012	-2.3510420E-012	-1	0.000000E+000
1	5.700582	-2.1997020E-012	-1.6409210E-012	0	0.000000E+000
1	5.701173	-1.6409210E-012	-2.2062500E-012	-1	0.000000E+000
1	5.747400	-2.2062500E-012	-1.8781250E-012	0	0.000000E+000
1	5.747761	-1.8781250E-012	-2.2267860E-012	-1	0.000000E+000
1	5.764156	-2.2267860E-012	-1.6358430E-012	0	0.000000E+000
1	5.764650	-1.6358430E-012	-2.1294640E-012	-1	0.000000E+000
1	5.788125	-2.3635430E-012	-1.9232140E-012	0	0.000000E+000
1	5.791382	-1.9232140E-012	-2.3196430E-012	-1	0.000000E+000
1	5.815003	-2.3080360E-012	-1.8531250E-012	0	0.000000E+000
1	5.815446	-1.8531250E-012	-2.3241610E-012	-1	0.000000E+000
1	5.829300	-2.3241610E-012	-1.8375000E-012	0	0.000000E+000
1	5.829851	-1.8375000E-012	-2.2779760E-012	-1	0.000000E+000
1	5.836550	-2.2779760E-012	-1.8061010E-012	0	0.000000E+000
1	6.137191	-1.7491070E-012	-2.4281250E-012	-1	0.000000E+000
1	6.145000	-2.4281250E-012	-1.7406250E-012	0	0.000000E+000
1	6.145323	-1.7406250E-012	-2.4116070E-012	-1	0.000000E+000
1	6.168773	-2.3302080E-012	-1.6652380E-012	0	0.000000E+000
1	6.169567	-1.6652380E-012	-2.3886900E-012	-1	0.000000E+000
1	6.174607	-2.2522320E-012	-1.7947920E-012	0	0.000000E+000
1	6.297403	-1.6784230E-012	-2.2782740E-012	-1	0.000000E+000
1	6.305862	-2.1653270E-012	-1.7291670E-012	0	0.000000E+000
1	6.830886	-1.7500000E-012	-2.2068450E-012	-1	0.000000E+000
1	6.851782	-2.4377980E-012	-1.7134790E-012	0	0.000000E+000
1	6.852300	-1.7134790E-012	-2.4312500E-012	-1	0.000000E+000
1	6.866550	-2.4312500E-012	-1.6671900E-012	0	0.000000E+000
1	6.867319	-1.6671900E-012	-2.4501490E-012	-1	0.000000E+000
1	6.909643	-2.4501490E-012	-1.7681550E-012	0	0.000000E+000
1	7.025856	-1.7751490E-012	-2.3602680E-012	-1	0.000000E+000
1	7.032913	-2.3052080E-012	-1.7831850E-012	0	0.000000E+000
1	7.272927	-1.7575890E-012	-2.1404760E-012	-1	0.000000E+000
1	7.293000	-2.1404760E-012	-1.6303550E-012	0	0.000000E+000
1	7.991661	-1.9895830E-012	-2.5968750E-012	-1	0.000000E+000
1	7.996850	-2.5968750E-012	-1.8810560E-012	0	0.000000E+000
1	7.999080	-1.9083320E-012	-2.6602680E-012	-1	0.000000E+000
1	8.003390	-2.6806550E-012	-1.8852570E-012	0	0.000000E+000
1	8.007100	-1.8852570E-012	-2.5171130E-012	-1	0.000000E+000
1	8.010028	-2.5171130E-012	-1.8057660E-012	0	0.000000E+000
1	8.010500	-1.8057660E-012	-2.5794640E-012	-1	0.000000E+000
1	8.017874	-2.5994050E-012	-1.9156250E-012	0	0.000000E+000
1	8.019080	-1.9156250E-012	-2.5860230E-012	-1	0.000000E+000
1	8.022369	-2.3244050E-012	-1.7488330E-012	0	0.000000E+000
1	8.024914	-1.7488330E-012	-2.4656250E-012	-1	0.000000E+000
1	8.029437	-2.4581070E-012	-1.7781250E-012	0	0.000000E+000
1	8.036050	-1.7781250E-012	-2.3441710E-012	-1	0.000000E+000
1	8.081673	-2.3441710E-012	-1.7519350E-012	0	0.000000E+000
1	8.082200	-1.7519350E-012	-2.2781250E-012	-1	0.000000E+000
1	8.082811	-2.2781250E-012	-1.7519350E-012	0	0.000000E+000
1	8.084970	-1.7519350E-012	-2.4750000E-012	-1	0.000000E+000
1	8.087349	-2.4750000E-012	-1.7281250E-012	0	0.000000E+000
1	8.501394	-1.8188990E-012	-2.2406250E-012	-1	0.000000E+000
1	8.511805	-2.1700890E-012	-1.7781250E-012	0	0.000000E+000
1	8.514442	-1.7781250E-012	-2.2921130E-012	-1	0.000000E+000
1	8.527250	-2.2921130E-012	-1.6818420E-012	0	0.000000E+000
1	8.527700	-1.6818420E-012	-2.3312500E-012	-1	0.000000E+000
1	8.528576	-2.3312500E-012	-1.6660180E-012	0	0.000000E+000
1	8.536350	-1.6660180E-012	-2.2943310E-012	-1	0.000000E+000
1	8.552150	-2.2943310E-012	-1.7406250E-012	0	0.000000E+000
1	8.552856	-1.7406250E-012	-2.3718750E-012	-1	0.000000E+000
1	8.578300	-2.3718750E-012	-1.6746130E-012	0	0.000000E+000
1	8.578800	-1.6746130E-012	-2.1206850E-012	-1	0.000000E+000
1	8.604019	-2.1206850E-012	-1.6933040E-012	0	0.000000E+000
1	10.091032	-1.6096730E-012	-2.2459820E-012	-1	0.000000E+000
1	10.104851	-2.3007440E-012	-1.7499030E-012	0	0.000000E+000
1	10.105400	-1.7499030E-012	-2.3016370E-012	-1	0.000000E+000
1	10.117521	-2.1196430E-012	-1.7142860E-012	0	0.000000E+000
1	10.136893	-1.7142860E-012	-2.2807700E-012	-1	0.000000E+000
1	10.141971	-2.3342260E-012	-1.7531250E-012	0	0.000000E+000
1	10.142539	-1.7531250E-012	-2.2770490E-012	-1	0.000000E+000
1	10.235441	-2.4281250E-012	-1.8193450E-012	0	0.000000E+000
1	10.237715	-1.8193450E-012	-2.2440480E-012	-1	0.000000E+000
1	10.241677	-2.2440480E-012	-1.6717260E-012	0	0.000000E+000
1	10.245321	-1.6717260E-012	-2.1845240E-012	-1	0.000000E+000
1	10.254850	-2.1845240E-012	-1.6433380E-012	0	0.000000E+000
1	10.258173	-1.6854170E-012	-2.2741070E-012	-1	0.000000E+000
1	10.265000	-2.2741070E-012	-1.7632440E-012	0	0.000000E+000
1	10.559125	-1.6005950E-012	-2.2252980E-012	-1	0.000000E+000
1	10.573650	-2.2252980E-012	-1.7748510E-012	0	0.000000E+000
1	10.576432	-1.7748510E-012	-2.3066960E-012	-1	0.000000E+000
1	10.593450	-2.3066960E-012	-1.5936870E-012	0	0.000000E+000
1	10.594781	-1.6212260E-012	-2.1125000E-012	-1	0.000000E+000
1	10.636707	-2.0376490E-012	-1.7000000E-012	0	0.000000E+000
1	10.637385	-1.7000000E-012	-2.2056550E-012	-1	0.000000E+000
1	10.645499	-2.2056550E-012	-1.7718750E-012	0	0.000000E+000
1	10.646330	-1.7718750E-012	-2.2841020E-012	-1	0.000000E+000
1	10.658803	-2.1235120E-012	-1.6750000E-012	0	0.000000E+000
1	10.660967	-1.6750000E-012	-2.0883930E-012	-1	0.000000E+000
1	10.727931	-2.0848210E-012	-1.6936010E-012	0	0.000000E+000
1	10.768816	-1.5924110E-012	-2.2110840E-012	-1	0.000000E+000
1	10.813126	-2.2110840E-012	-1.8000000E-012	0	0.000000E+000
1	10.813919	-1.8000000E-012	-2.2120540E-012	-1	0.000000E+000
1	10.817950	-2.2120540E-012	-1.7215770E-012	0	0.000000E+000
1	10.823583	-1.7215770E-012	-2.0654760E-012	-1	0.000000E+000
1	10.827850	-2.0654760E-012	-1.7500000E-012	0	0.000000E+000
1	10.828353	-1.7500000E-012	-2.3933040E-012	-1	0.000000E+000
1	10.833220	-2.3933040E-012	-1.8125000E-012	0	0.000000E+000
1	10.835630	-1.8125000E-012	-2.2991070E-012	-1	0.000000E+000
1	10.841812	-2.2882440E-012	-1.7523450E-012	0	0.000000E+000
1	10.843225	-1.7663940E-012	-2.2258930E-012	-1	0.000000E+000
1	10.850370	-2.1821430E-012	-1.7494910E-012	0	0.000000E+000
1	10.865707	-1.7494910E-012	-2.2909230E-012	-1	0.000000E+000
1	10.911487	-2.2885420E-012	-1.6828870E-012	0	0.000000E+000
1	10.958659	-1.8101190E-012	-2.3205360E-012	-1	0.000000E+000
1	10.961570	-2.3205360E-012	-1.7480650E-012	0	0.000000E+000
1	11.002850	-1.7480650E-012	-2.1269350E-012	-1	0.000000E+000
1	11.004922	-2.1269350E-012	-1.6430060E-012	0	0.000000E+000
1	12.902650	-1.4915430E-012	-1.8858630E-012	-1	0.000000E+000
1	12.938733	-1.8355660E-012	-1.5053570E-012	0	0.000000E+000
1	13.250809	-1.5735120E-012	-2.0776790E-012	-1	0.000000E+000
1	13.261883	-2.0776790E-012	-1.6410710E-012	0	0.000000E+000
1	13.393242	-1.6589290E-012	-2.1122020E-012	-1	0.000000E+000
1	13.410394	-2.1122020E-012	-1.6687500E-012	0	0.000000E+000
1	13.410930	-1.6687500E-012	-2.2009040E-012	-1	0.000000E+000
1	13.425245	-2.2009040E-012	-1.7184520E-012	0	0.000000E+000
1	13.436700	-1.7184520E-012	-2.1889290E-012	-1	0.000000E+000
1	13.470950	-2.1889290E-012	-1.6315480E-012	0	0.000000E+000
1	13.828196	-1.6258930E-012	-2.2840770E-012	-1	0.000000E+000
1	13.832873	-2.0785710E-012	-1.7184520E-012	0	0.000000E+000
1	14.090082	-1.5214070E-012	-2.2375000E-012	-1	0.000000E+000
1	14.132150	-2.1224700E-012	-1.4559600E-012	0	0.000000E+000
1	14.134500	-1.4559600E-012	-1.9809520E-012	-1	0.000000E+000
1	14.140109	-1.9794640E-012	-1.5398450E-012	0	0.000000E+000
1	14.142300	-1.5398450E-012	-2.1019790E-012	-1	0.000000E+000
1	14.145201	-1.9642860E-012	-1.5257690E-012	0	0.000000E+000
1	14.227482	-1.4699400E-012	-2.0312500E-012	-1	0.000000E+000
1	14.240224	-2.0312500E-012	-1.4716810E-012	0	0.000000E+000
1	14.240750	-1.4716810E-012	-1.9849700E-012	-1	0.000000E+000
1	14.256300	-1.9849700E-012	-1.4409210E-012	0	0.000000E+000
1	14.256800	-1.4409210E-012	-1.9733630E-012	-1	0.000000E+000
1	14.299250	-1.9733630E-012	-1.5001490E-012	0	0.000000E+000
1	16.069032	-1.6130950E-012	-2.1406250E-012	-1	0.000000E+000
1	16.070402	-2.1406250E-012	-1.5697290E-012	0	0.000000E+000
1	16.071708	-1.5834980E-012	-2.0937500E-012	-1	0.000000E+000
1	16.072462	-2.0937500E-012	-1.5883300E-012	0	0.000000E+000
1	16.074198	-1.5607910E-012	-2.1750000E-012	-1	0.000000E+000
1	16.075345	-2.0380950E-012	-1.5332880E-012	0	0.000000E+000
1	620.294246	-1.8507590E-012	-2.5375000E-012	-1	0.000000E+000
1	620.297493	-2.4169640E-012	-1.8119320E-012	0	0.000000E+000
1	641.024810	-1.8533320E-012	-2.7500000E-012	-1	0.000000E+000
1	641.025300	-2.7500000E-012	-1.7982520E-012	0	0.000000E+000
1	641.025800	-1.7982520E-012	-2.5758930E-012	-1	0.000000E+000
1	641.028993	-2.5758930E-012	-1.8961540E-012	0	0.000000E+000
1	641.029764	-1.8961540E-012	-2.7236610E-012	-1	0.000000E+000
1	641.035237	-2.7236610E-012	-1.8470610E-012	0	0.000000E+000
1	645.457218	-1.9337800E-012	-2.3750000E-012	-1	0.000000E+000
1	645.459259	-2.3750000E-012	-1.8785710E-012	0	0.000000E+000
1	645.464301	-1.8785710E-012	-2.4218750E-012	-1	0.000000E+000
1	645.465055	-2.4218750E-012	-1.8873510E-012	0	0.000000E+000
1	645.467761	-1.8873510E-012	-2.4906250E-012	-1	0.000000E+000
1	645.468590	-2.4906250E-012	-1.9247020E-012	0	0.000000E+000
1	655.154284	-1.7897320E-012	-2.9000000E-012	-1	0.000000E+000
1	655.154738	-2.9000000E-012	-1.8958330E-012	0	0.000000E+000
1	655.178310	-1.7974700E-012	-2.7156250E-012	-1	0.000000E+000
1	655.180586	-2.7156250E-012	-1.8650420E-012	0	0.000000E+000
1	663.606022	-1.7936010E-012	-2.6000000E-012	-1	0.000000E+000
1	663.606479	-2.6000000E-012	-1.8663690E-012	0	0.000000E+000
1	667.720337	-1.8424110E-012	-2.7437500E-012	-1	0.000000E+000
1	667.720965	-2.7437500E-012	-1.8852890E-012	0	0.000000E+000
1	689.213319	-1.7758930E-012	-2.7031250E-012	-1	0.000000E+000
1	689.214320	-2.7031250E-012	-1.7613300E-012	0	0.000000E+000
1	692.189198	-1.8068450E-012	-2.3781250E-012	-1	0.000000E+000
1	692.199960	-2.3781250E-012	-1.7573210E-012	0	0.000000E+000
1	692.200500	-1.7573210E-012	-2.3211310E-012	-1	0.000000E+000
1	692.207700	-2.3211310E-012	-1.7940790E-012	0	0.000000E+000
1	692.215476	-1.7940790E-012	-2.4023810E-012	-1	0.000000E+000
1	692.217830	-2.4023810E-012	-1.8205500E-012	0	0.000000E+000
1	692.230332	-1.7715770E-012	-2.6500000E-012	-1	0.000000E+000
1	692.231629	-2.6500000E-012	-1.8349700E-012	0	0.000000E+000
1	692.271991	-1.8153270E-012	-2.3843750E-012	-1	0.000000E+000
1	692.273370	-2.3843750E-012	-1.7742560E-012	0	0.000000E+000
1	692.434491	-1.6962800E-012	-2.1546130E-012	-1	0.000000E+000
1	692.437308	-2.1546130E-012	-1.8087800E-012	0	0.000000E+000
1	692.505730	-1.7516370E-012	-2.2497020E-012	-1	0.000000E+000
1	692.515914	-2.2497020E-012	-1.7470280E-012	0	0.000000E+000
1	692.517898	-1.7470280E-012	-2.1750000E-012	-1	0.000000E+000
1	692.519224	-2.1750000E-012	-1.6989810E-012	0	0.000000E+000
1	693.411256	-1.6989810E-012	-2.7516370E-012	-1	0.000000E+000
1	693.429506	-2.4675600E-012	-1.9000000E-012	0	0.000000E+000
1	693.465217	-1.7919640E-012	-2.5000000E-012	-1	0.000000E+000
1	693.465808	-2.5000000E-012	-1.8915180E-012	0	0.000000E+000
1	693.467675	-1.8915180E-012	-2.4375000E-012	-1	0.000000E+000
1	693.468359	-2.4375000E-012	-1.8133930E-012	0	0.000000E+000
1	693.471096	-1.8133930E-012	-2.3843750E-012	-1	0.000000E+000
1	693.471805	-2.3843750E-012	-1.8117560E-012	0	0.000000E+000
1	693.473563	-1.8117560E-012	-2.4812500E-012	-1	0.000000E+000
1	693.474428	-2.4812500E-012	-1.8953870E-012	0	0.000000E+000
1	694.099263	-1.8501490E-012	-2.5670610E-012	-1	0.000000E+000
1	694.106334	-2.5670610E-012	-1.9210220E-012	0	0.000000E+000
1	694.112250	-1.9210220E-012	-2.5058040E-012	-1	0.000000E+000
1	694.123806	-2.5058040E-012	-1.9141370E-012	0	0.000000E+000
1	694.131748	-1.9642860E-012	-2.4406250E-012	-1	0.000000E+000
1	694.140137	-2.4406250E-012	-1.8878390E-012	0	0.000000E+000
1	694.246516	-1.7135420E-012	-2.6000000E-012	-1	0.000000E+000
1	694.247283	-2.6000000E-012	-1.7635810E-012	0	0.000000E+000
1	694.249038	-2.0293150E-012	-2.6968750E-012	-1	0.000000E+000
1	694.249728	-2.6968750E-012	-1.9126490E-012	0	0.000000E+000
1	694.316978	-1.8352680E-012	-2.3950890E-012	-1	0.000000E+000
1	694.341900	-2.3950890E-012	-1.8370540E-012	0	0.000000E+000
1	694.408550	-1.8370540E-012	-2.4819940E-012	-1	0.000000E+000
1	694.411035	-2.4819940E-012	-1.8280160E-012	0	0.000000E+000
1	694.416950	-1.8280160E-012	-2.5047240E-012	-1	0.000000E+000
1	694.419763	-2.5746550E-012	-1.9031250E-012	0	0.000000E+000
1	694.432474	-1.7843750E-012	-2.3251490E-012	-1	0.000000E+000
1	694.439800	-2.5349390E-012	-1.9084820E-012	0	0.000000E+000
1	694.475598	-1.8177080E-012	-2.4343750E-012	-1	0.000000E+000
1	694.476391	-2.4343750E-012	-1.8688990E-012	0	0.000000E+000
1	694.528950	-1.8434520E-012	-2.3747020E-012	-1	0.000000E+000
1	694.530830	-2.3747020E-012	-1.8379460E-012	0	0.000000E+000
1	694.578347	-1.9053570E-012	-2.8625000E-012	-1	0.000000E+000
1	694.580024	-2.8625000E-012	-1.9636900E-012	0	0.000000E+000
1	694.652046	-1.8834820E-012	-2.5343750E-012	-1	0.000000E+000
1	694.653234	-2.5343750E-012	-1.8959820E-012	0	0.000000E+000
1	694.662608	-1.8306550E-012	-2.4720240E-012	-1	0.000000E+000
1	694.665216	-2.4720240E-012	-1.7998510E-012	0	0.000000E+000
1	694.696337	-1.8437500E-012	-2.3436010E-012	-1	0.000000E+000
1	694.702750	-2.3436010E-012	-1.8166670E-012	0	0.000000E+000
1	694.710218	-1.8138390E-012	-2.3781250E-012	-1	0.000000E+000
1	694.711949	-2.3781250E-012	-1.8925590E-012	0	0.000000E+000
1	695.180712	-1.8959820E-012	-2.4625000E-012	-1	0.000000E+000
1	695.188331	-2.4625000E-012	-1.8952380E-012	0	0.000000E+000
1	695.188800	-1.8952380E-012	-2.6125000E-012	-1	0.000000E+000
1	695.189372	-2.6125000E-012	-1.8952380E-012	0	0.000000E+000
1	695.217431	-1.9876490E-012	-2.8562500E-012	-1	0.000000E+000
1	695.218620	-2.8562500E-012	-1.9833480E-012	0	0.000000E+000
1	695.220519	-1.9969020E-012	-2.6125000E-012	-1	0.000000E+000
1	695.221628	-2.5315480E-012	-1.9294640E-012	0	0.000000E+000
1	695.236534	-1.8949400E-012	-2.7656250E-012	-1	0.000000E+000
1	695.238569	-2.7656250E-012	-1.9330360E-012	0	0.000000E+000
1	695.244929	-1.8355650E-012	-2.7312500E-012	-1	0.000000E+000
1	695.246120	-2.7312500E-012	-1.9587800E-012	0	0.000000E+000
1	695.246671	-1.9587800E-012	-2.7125000E-012	-1	0.000000E+000
1	695.247070	-2.7125000E-012	-1.9462800E-012	0	0.000000E+000
1	695.252007	-1.9462800E-012	-2.5044640E-012	-1	0.000000E+000
1	695.252710	-2.5044640E-012	-2.0031250E-012	0	0.000000E+000
1	695.253319	-2.0031250E-012	-2.5044640E-012	-1	0.000000E+000
1	695.255268	-2.5044640E-012	-1.9028630E-012	0	0.000000E+000
1	695.255800	-1.9028630E-012	-2.4622020E-012	-1	0.000000E+000
1	695.256972	-2.4622020E-012	-1.9994050E-012	0	0.000000E+000
1	695.265767	-1.8586310E-012	-2.5125000E-012	-1	0.000000E+000
1	695.266987	-2.5125000E-012	-1.9601190E-012	0	0.000000E+000
1	695.312655	-1.9666670E-012	-2.6218750E-012	-1	0.000000E+000
1	695.313534	-2.6218750E-012	-1.9425600E-012	0	0.000000E+000
1	695.461956	-2.0119050E-012	-2.9968750E-012	-1	0.000000E+000
1	695.464303	-2.9968750E-012	-1.9205360E-012	0	0.000000E+000
1	695.769864	-1.9380950E-012	-2.5069940E-012	-1	0.000000E+000
1	695.786271	-2.5363100E-012	-1.9120870E-012	0	0.000000E+000
1	695.850367	-1.9239580E-012	-2.5403270E-012	-1	0.000000E+000
1	695.870605	-2.4497020E-012	-1.9900300E-012	0	0.000000E+000
1	696.041784	-1.8059520E-012	-2.5662200E-012	-1	0.000000E+000
1	696.053778	-2.5662200E-012	-1.8111820E-012	0	0.000000E+000
1	696.099103	-1.7482140E-012	-2.5781250E-012	-1	0.000000E+000
1	696.100051	-2.5781250E-012	-1.8455360E-012	0	0.000000E+000
1	696.520068	-1.9291670E-012	-2.9062500E-012	-1	0.000000E+000
1	696.520595	-2.9062500E-012	-1.8458330E-012	0	0.000000E+000
1	696.630644	-1.7794640E-012	-2.8781250E-012	-1	0.000000E+000
1	696.631875	-2.8781250E-012	-1.8791670E-012	0	0.000000E+000
1	698.234334	-1.9909230E-012	-2.6144350E-012	-1	0.000000E+000
1	698.236374	-2.6144350E-012	-1.9312500E-012	0	0.000000E+000
1	699.399034	-1.8193620E-012	-2.3535710E-012	-1	0.000000E+000
1	699.405114	-2.1735120E-012	-1.7913900E-012	0	0.000000E+000
1	699.405641	-1.7913900E-012	-2.2821430E-012	-1	0.000000E+000
1	699.407630	-2.2821430E-012	-1.8641370E-012	0	0.000000E+000
1	699.441332	-1.9630950E-012	-2.4500000E-012	-1	0.000000E+000
1	699.442317	-2.4500000E-012	-1.8537200E-012	0	0.000000E+000
1	699.500284	-1.7946430E-012	-2.5906250E-012	-1	0.000000E+000
1	699.501170	-2.5906250E-012	-1.7894350E-012	0	0.000000E+000
1	699.889885	-1.9796130E-012	-2.6479170E-012	-1	0.000000E+000
1	699.894227	-2.7776790E-012	-2.0806550E-012	0	0.000000E+000
1	699.894700	-2.0806550E-012	-2.9625000E-012	-1	0.000000E+000
1	699.895951	-2.9625000E-012	-2.0924110E-012	0	0.000000E+000
1	699.907426	-2.0470760E-012	-2.6375000E-012	-1	0.000000E+000
1	699.918272	-2.6375000E-012	-2.0839290E-012	0	0.000000E+000
1	700.015123	-2.1693450E-012	-2.8000000E-012	-1	0.000000E+000
1	700.015700	-2.8000000E-012	-2.0656250E-012	0	0.000000E+000
1	700.017059	-2.0656250E-012	-2.5947920E-012	-1	0.000000E+000
1	700.019354	-2.5947920E-012	-2.0744380E-012	0	0.000000E+000
1	700.020950	-2.0744380E-012	-2.8656250E-012	-1	0.000000E+000
1	700.021558	-2.8656250E-012	-1.9589290E-012	0	0.000000E+000
1	700.131215	-1.9251490E-012	-2.8136130E-012	-1	0.000000E+000
1	700.141725	-2.8136130E-012	-2.2485120E-012	0	0.000000E+000
1	700.350630	-2.0196550E-012	-2.6781250E-012	-1	0.000000E+000
1	700.355467	-2.5461310E-012	-2.0222080E-012	0	0.000000E+000
1	700.369220	-2.0540180E-012	-2.4482140E-012	-1	0.000000E+000
1	700.375347	-2.4322920E-012	-1.9760420E-012	0	0.000000E+000
1	700.517383	-1.8854170E-012	-3.1218750E-012	-1	0.000000E+000
1	700.518279	-3.1218750E-012	-1.9215770E-012	0	0.000000E+000
1	700.535122	-1.9542080E-012	-2.6531250E-012	-1	0.000000E+000
1	700.561556	-2.6531250E-012	-1.8996140E-012	0	0.000000E+000
1	700.588670	-2.0394350E-012	-2.8875000E-012	-1	0.000000E+000
1	700.589995	-2.8875000E-012	-2.0064400E-012	0	0.000000E+000
1	701.110507	-2.2202380E-012	-3.0340770E-012	-1	0.000000E+000
1	701.123900	-3.0340770E-012	-2.2622380E-012	0	0.000000E+000
1	701.124671	-2.2622380E-012	-3.0507440E-012	-1	0.000000E+000
1	701.144580	-3.0507440E-012	-2.1867560E-012	0	0.000000E+000
1	701.145050	-2.1867560E-012	-3.0468750E-012	-1	0.000000E+000
1	701.145579	-3.0468750E-012	-2.1400300E-012	0	0.000000E+000
1	723.445104	-1.9312500E-012	-3.1250000E-012	-1	0.000000E+000
1	723.445509	-3.1250000E-012	-2.0230650E-012	0	0.000000E+000
1	723.912433	-2.0072920E-012	-3.1218750E-012	-1	0.000000E+000
1	723.913798	-3.1218750E-012	-2.1909230E-012	0	0.000000E+000
1	729.794218	-1.8456850E-012	-2.8391370E-012	-1	0.000000E+000
1	729.802930	-2.8391370E-012	-1.9377980E-012	0	0.000000E+000
1	732.254153	-1.7870540E-012	-3.1891370E-012	-1	0.000000E+000
1	732.258467	-3.1891370E-012	-1.9436010E-012	0	0.000000E+000
1	734.583014	-2.0494050E-012	-3.2593750E-012	-1	0.000000E+000
1	734.584376	-3.2593750E-012	-1.9467260E-012	0	0.000000E+000
1	734.591190	-1.9876490E-012	-3.0187500E-012	-1	0.000000E+000
1	734.592546	-3.0187500E-012	-1.9977680E-012	0	0.000000E+000
1	734.648690	-1.9367560E-012	-3.5000000E-012	-1	0.000000E+000
1	734.649365	-3.5000000E-012	-2.1394350E-012	0	0.000000E+000
1	734.698350	-2.1394350E-012	-3.0541670E-012	-1	0.000000E+000
1	734.701748	-3.0541670E-012	-2.0656750E-012	0	0.000000E+000
1	734.704833	-2.1076330E-012	-3.1718750E-012	-1	0.000000E+000
1	734.707711	-3.1718750E-012	-2.0290410E-012	0	0.000000E+000
1	734.708550	-2.0290410E-012	-2.9125000E-012	-1	0.000000E+000
1	734.708968	-2.9125000E-012	-2.1425600E-012	0	0.000000E+000
1	734.710157	-2.1828870E-012	-3.0375000E-012	-1	0.000000E+000
1	734.710694	-3.0375000E-012	-1.9528270E-012	0	0.000000E+000
1	747.058486	-1.8221730E-012	-2.7593750E-012	-1	0.000000E+000
1	747.058885	-2.7593750E-012	-1.8580360E-012	0	0.000000E+000
1	747.290550	-1.8580360E-012	-2.6906250E-012	-1	0.000000E+000
1	747.291044	-2.6906250E-012	-1.9476190E-012	0	0.000000E+000
1	747.903734	-1.9427080E-012	-2.6750000E-012	-1	0.000000E+000
1	747.903990	-2.6750000E-012	-2.1502980E-012	0	0.000000E+000
1	748.503295	-1.7861610E-012	-2.8312500E-012	-1	0.000000E+000
1	748.503641	-2.8312500E-012	-1.8059520E-012	0	0.000000E+000
1	748.677544	-1.8282740E-012	-2.6000000E-012	-1	0.000000E+000
1	748.677903	-2.6000000E-012	-1.9184520E-012	0	0.000000E+000
1	748.800119	-1.8797620E-012	-2.5812500E-012	-1	0.000000E+000
1	748.800539	-2.5812500E-012	-1.9464290E-012	0	0.000000E+000
1	749.682776	-2.0139880E-012	-2.7093750E-012	-1	0.000000E+000
1	749.683179	-2.7093750E-012	-2.0528270E-012	0	0.000000E+000
1	750.900618	-1.8849700E-012	-2.5172620E-012	-1	0.000000E+000
1	750.902530	-2.5172620E-012	-1.9019350E-012	0	0.000000E+000
1	752.753171	-1.8205360E-012	-2.6187500E-012	-1	0.000000E+000
1	752.753416	-2.6187500E-012	-1.9215770E-012	0	0.000000E+000
1	752.868544	-1.8276790E-012	-2.7062500E-012	-1	0.000000E+000
1	752.869287	-2.7062500E-012	-1.8592260E-012	0	0.000000E+000
1	752.946595	-1.8617560E-012	-2.6718750E-012	-1	0.000000E+000
1	752.947151	-2.6718750E-012	-1.9453870E-012	0	0.000000E+000
1	753.224504	-1.8958330E-012	-2.6312500E-012	-1	0.000000E+000
1	753.225445	-2.6312500E-012	-1.8411010E-012	0	0.000000E+000
1	753.456950	-1.8411010E-012	-2.7357140E-012	-1	0.000000E+000
1	753.466506	-2.7357140E-012	-2.0842260E-012	0	0.000000E+000
1	760.943931	-1.9383930E-012	-2.6872020E-012	-1	0.000000E+000
1	760.954638	-2.7485120E-012	-1.9613280E-012	0	0.000000E+000
1	764.784214	-1.7852680E-012	-2.6687500E-012	-1	0.000000E+000
1	764.784966	-2.6687500E-012	-1.9181550E-012	0	0.000000E+000
1	766.659827	-1.8080360E-012	-2.1886900E-012	-1	0.000000E+000
1	766.674900	-2.1886900E-012	-1.8197920E-012	0	0.000000E+000
1	768.008967	-1.8558040E-012	-2.6281250E-012	-1	0.000000E+000
1	768.009487	-2.6281250E-012	-1.9272320E-012	0	0.000000E+000
1	768.672826	-1.8788690E-012	-2.8995540E-012	-1	0.000000E+000
1	768.676051	-2.8995540E-012	-1.9473210E-012	0	0.000000E+000
1	770.648122	-1.8936010E-012	-2.6589290E-012	-1	0.000000E+000
1	770.653213	-2.7608630E-012	-1.9985240E-012	0	0.000000E+000
1	770.654414	-1.9183580E-012	-2.7718750E-012	-1	0.000000E+000
1	770.655623	-2.6622020E-012	-1.9830360E-012	0	0.000000E+000
1	770.775158	-1.8748510E-012	-2.5549110E-012	-1	0.000000E+000
1	770.792150	-2.5549110E-012	-1.9145980E-012	0	0.000000E+000
1	770.792700	-1.9145980E-012	-2.6163690E-012	-1	0.000000E+000
1	770.816304	-2.6163690E-012	-2.0500000E-012	0	0.000000E+000
1	770.818353	-1.9940560E-012	-2.6614580E-012	-1	0.000000E+000
1	770.825563	-2.6614580E-012	-1.9128500E-012	0	0.000000E+000
1	770.826100	-1.9128500E-012	-2.7796130E-012	-1	0.000000E+000
1	770.847900	-2.7796130E-012	-2.0937500E-012	0	0.000000E+000
1	770.848772	-2.0937500E-012	-2.5883930E-012	-1	0.000000E+000
1	770.863229	-2.5883930E-012	-1.9102910E-012	0	0.000000E+000
1	770.884997	-1.9750000E-012	-2.7119050E-012	-1	0.000000E+000
1	770.938690	-2.6672620E-012	-2.0412200E-012	0	0.000000E+000
1	770.945820	-1.9866070E-012	-2.6471730E-012	-1	0.000000E+000
1	770.967584	-2.6471730E-012	-1.9678570E-012	0	0.000000E+000
1	770.970512	-1.9678570E-012	-2.7059520E-012	-1	0.000000E+000
1	770.995990	-2.7071430E-012	-1.9556550E-012	0	0.000000E+000
1	771.000318	-1.9367560E-012	-2.6050600E-012	-1	0.000000E+000
1	771.009200	-2.6050600E-012	-1.8940750E-012	0	0.000000E+000
1	771.019436	-1.8754460E-012	-2.9874240E-012	-1	0.000000E+000
1	771.023600	-2.9874240E-012	-2.1093750E-012	0	0.000000E+000
1	771.386924	-1.8385420E-012	-2.6406250E-012	-1	0.000000E+000
1	771.387212	-2.6406250E-012	-1.9458330E-012	0	0.000000E+000
1	771.974197	-1.8723210E-012	-2.8000000E-012	-1	0.000000E+000
1	771.976066	-2.8000000E-012	-1.9571660E-012	0	0.000000E+000
1	774.382733	-1.7947920E-012	-2.5343750E-012	-1	0.000000E+000
1	774.383885	-2.5343750E-012	-1.9084820E-012	0	0.000000E+000
1	778.948542	-1.8555060E-012	-2.7593750E-012	-1	0.000000E+000
1	778.948935	-2.7593750E-012	-2.0101190E-012	0	0.000000E+000
1	780.194305	-1.8654760E-012	-2.7093750E-012	-1	0.000000E+000
1	780.194764	-2.7093750E-012	-1.9666670E-012	0	0.000000E+000
1	780.278423	-1.8752980E-012	-2.9375000E-012	-1	0.000000E+000
1	780.278864	-2.9375000E-012	-1.8848210E-012	0	0.000000E+000
1	783.547676	-1.9378350E-012	-2.5000000E-012	-1	0.000000E+000
1	783.560419	-2.3465770E-012	-1.9418150E-012	0	0.000000E+000
1	783.562967	-1.9418150E-012	-2.2660710E-012	-1	0.000000E+000
1	783.573950	-2.2660710E-012	-1.9698040E-012	0	0.000000E+000
1	783.598450	-1.9698040E-012	-2.5532200E-012	-1	0.000000E+000
1	783.601980	-2.5532200E-012	-1.9507440E-012	0	0.000000E+000
1	784.892677	-1.8410710E-012	-2.5906250E-012	-1	0.000000E+000
1	784.893400	-2.5906250E-012	-1.8150300E-012	0	0.000000E+000
1	784.895313	-1.8150300E-012	-2.6437500E-012	-1	0.000000E+000
1	784.896412	-2.6437500E-012	-1.9568450E-012	0	0.000000E+000
1	800.121537	-1.8879460E-012	-2.6812500E-012	-1	0.000000E+000
1	800.122362	-2.6812500E-012	-1.9708330E-012	0	0.000000E+000
1	804.910873	-1.8540180E-012	-2.6812500E-012	-1	0.000000E+000
1	804.911170	-2.6812500E-012	-1.8971730E-012	0	0.000000E+000
1	810.975402	-1.8031250E-012	-2.4349700E-012	-1	0.000000E+000
1	810.978803	-2.4349700E-012	-1.8574630E-012	0	0.000000E+000
1	818.498769	-1.9116070E-012	-3.3843750E-012	-1	0.000000E+000
1	818.499227	-3.3843750E-012	-2.0561010E-012	0	0.000000E+000
1	819.325366	-1.9459820E-012	-2.6649040E-012	-1	0.000000E+000
1	819.329100	-2.6649040E-012	-1.9653270E-012	0	0.000000E+000
1	822.418423	-1.8034230E-012	-2.9562500E-012	-1	0.000000E+000
1	822.418774	-2.9562500E-012	-1.9327380E-012	0	0.000000E+000
1	823.993183	-1.9822920E-012	-2.9750000E-012	-1	0.000000E+000
1	823.994543	-2.9750000E-012	-2.0580360E-012	0	0.000000E+000
1	824.336464	-2.0580360E-012	-2.6888390E-012	-1	0.000000E+000
1	824.339267	-2.6888390E-012	-2.1434520E-012	0	0.000000E+000
1	824.350739	-1.9635420E-012	-2.4690480E-012	-1	0.000000E+000
1	824.358650	-2.4690480E-012	-1.9818450E-012	0	0.000000E+000
1	825.016662	-2.0916670E-012	-2.9187500E-012	-1	0.000000E+000
1	825.017046	-2.9187500E-012	-1.9513390E-012	0	0.000000E+000
