3	68.20978698	-4.93E-013	-8.08E-013	-1	0.00E+000
3	68.21312578	-8.08E-013	-4.66E-013	0	0.00E+000
3	68.21392233	-5.28E-013	-9.34E-013	-1	0.00E+000
3	68.21757855	-8.90E-013	-5.14E-013	0	0.00E+000
3	68.21906602	-5.14E-013	-8.53E-013	-1	0.00E+000
3	68.21994995	-8.53E-013	-4.61E-013	0	0.00E+000
3	68.22108152	-4.84E-013	-8.81E-013	-1	0.00E+000
3	68.22383451	-7.67E-013	-5.02E-013	0	0.00E+000
3	68.22577669	-5.07E-013	-7.57E-013	-1	0.00E+000
3	68.22798401	-7.57E-013	-4.77E-013	0	0.00E+000
3	68.22835864	-4.77E-013	-7.93E-013	-1	0.00E+000
3	68.23862711	-8.27E-013	-5.13E-013	0	0.00E+000
3	68.23884828	-5.13E-013	-7.95E-013	-1	0.00E+000
3	68.27424828	-7.95E-013	-5.34E-013	0	0.00E+000
3	68.27468035	-5.34E-013	-8.58E-013	-1	0.00E+000
3	68.27566342	-8.58E-013	-5.71E-013	0	0.00E+000
3	68.27594475	-5.71E-013	-8.59E-013	-1	0.00E+000
3	68.27643799	-8.59E-013	-5.71E-013	0	0.00E+000
3	68.27744062	-5.71E-013	-7.93E-013	-1	0.00E+000
3	68.28654827	-7.93E-013	-6.00E-013	0	0.00E+000
3	68.28685359	-6.00E-013	-8.37E-013	-1	0.00E+000
3	68.30184355	-8.28E-013	-5.93E-013	0	0.00E+000
3	68.30342866	-5.93E-013	-9.26E-013	-1	0.00E+000
3	68.32112155	-8.73E-013	-6.51E-013	0	0.00E+000
3	68.32178853	-6.51E-013	-8.61E-013	-1	0.00E+000
3	68.32274310	-8.61E-013	-6.27E-013	0	0.00E+000
3	68.32309480	-6.27E-013	-9.01E-013	-1	0.00E+000
3	68.32730247	-9.65E-013	-6.18E-013	0	0.00E+000
3	68.32786296	-6.18E-013	-8.84E-013	-1	0.00E+000
3	68.33639052	-8.84E-013	-5.62E-013	0	0.00E+000
3	68.33715646	-5.62E-013	-8.18E-013	-1	0.00E+000
3	68.34828358	-8.18E-013	-6.06E-013	0	0.00E+000
3	68.34865129	-6.06E-013	-8.31E-013	-1	0.00E+000
3	68.35176362	-7.97E-013	-5.96E-013	0	0.00E+000
3	68.35288154	-5.96E-013	-8.36E-013	-1	0.00E+000
3	68.35309827	-8.36E-013	-6.02E-013	0	0.00E+000
3	68.35347544	-6.02E-013	-8.36E-013	-1	0.00E+000
3	68.35682706	-7.81E-013	-5.92E-013	0	0.00E+000
3	68.35734476	-5.92E-013	-8.85E-013	-1	0.00E+000
3	68.35904330	-8.85E-013	-5.73E-013	0	0.00E+000
3	68.36026528	-5.80E-013	-8.26E-013	-1	0.00E+000
3	68.36651015	-8.33E-013	-5.81E-013	0	0.00E+000
3	68.36718127	-6.76E-013	-9.34E-013	-1	0.00E+000
3	68.36826040	-9.34E-013	-5.50E-013	0	0.00E+000
3	68.36881431	-5.50E-013	-8.89E-013	-1	0.00E+000
3	68.36965230	-8.89E-013	-5.81E-013	0	0.00E+000
3	68.36994460	-5.81E-013	-8.31E-013	-1	0.00E+000
3	68.37049704	-8.31E-013	-5.78E-013	0	0.00E+000
3	68.37123601	-5.78E-013	-8.07E-013	-1	0.00E+000
3	68.37364084	-8.07E-013	-5.66E-013	0	0.00E+000
3	68.37500899	-5.66E-013	-8.85E-013	-1	0.00E+000
3	68.37604772	-8.85E-013	-5.94E-013	0	0.00E+000
3	68.37644277	-5.94E-013	-8.25E-013	-1	0.00E+000
3	68.39401751	-8.25E-013	-5.59E-013	0	0.00E+000
3	68.39484411	-5.59E-013	-8.10E-013	-1	0.00E+000
3	68.40627432	-8.10E-013	-5.63E-013	0	0.00E+000
3	68.40687102	-5.63E-013	-8.96E-013	-1	0.00E+000
3	68.40799691	-8.96E-013	-5.19E-013	0	0.00E+000
3	68.40857825	-5.19E-013	-8.79E-013	-1	0.00E+000
3	68.41159658	-7.97E-013	-5.27E-013	0	0.00E+000
3	68.41193991	-5.27E-013	-8.83E-013	-1	0.00E+000
3	68.41414328	-8.78E-013	-5.41E-013	0	0.00E+000
3	68.41455462	-5.41E-013	-8.26E-013	-1	0.00E+000
3	68.41511633	-8.03E-013	-6.31E-013	0	0.00E+000
3	68.41540750	-6.31E-013	-8.26E-013	-1	0.00E+000
3	68.41740287	-8.61E-013	-5.59E-013	0	0.00E+000
3	68.41797479	-5.59E-013	-8.51E-013	-1	0.00E+000
3	68.41977255	-8.54E-013	-5.69E-013	0	0.00E+000
3	68.42101418	-5.69E-013	-8.71E-013	-1	0.00E+000
3	68.42553715	-8.90E-013	-5.30E-013	0	0.00E+000
3	68.42788125	-5.10E-013	-9.01E-013	-1	0.00E+000
3	68.43014827	-9.01E-013	-5.35E-013	0	0.00E+000
3	68.43399827	-5.35E-013	-8.95E-013	-1	0.00E+000
3	68.43533899	-8.95E-013	-5.85E-013	0	0.00E+000
3	68.43572541	-5.85E-013	-8.44E-013	-1	0.00E+000
3	68.43616978	-8.44E-013	-5.85E-013	0	0.00E+000
3	68.43684708	-5.85E-013	-8.88E-013	-1	0.00E+000
3	68.43927759	-8.88E-013	-5.78E-013	0	0.00E+000
3	68.43987166	-5.78E-013	-9.12E-013	-1	0.00E+000
3	68.44069403	-9.12E-013	-5.59E-013	0	0.00E+000
3	68.44272876	-5.69E-013	-8.67E-013	-1	0.00E+000
3	68.44994827	-8.67E-013	-6.03E-013	0	0.00E+000
3	68.45047093	-6.03E-013	-8.50E-013	-1	0.00E+000
3	68.45478906	-9.47E-013	-5.91E-013	0	0.00E+000
3	68.45596990	-5.63E-013	-8.25E-013	-1	0.00E+000
3	68.46710938	-8.32E-013	-5.83E-013	0	0.00E+000
3	68.46784058	-5.83E-013	-8.25E-013	-1	0.00E+000
3	68.46889976	-8.25E-013	-5.31E-013	0	0.00E+000
3	68.46934210	-5.31E-013	-7.96E-013	-1	0.00E+000
3	68.46955881	-7.96E-013	-4.94E-013	0	0.00E+000
3	68.47019108	-4.94E-013	-7.71E-013	-1	0.00E+000
3	68.47359827	-7.71E-013	-5.38E-013	0	0.00E+000
3	68.47395522	-5.38E-013	-8.68E-013	-1	0.00E+000
3	68.48500600	-8.47E-013	-5.86E-013	0	0.00E+000
3	68.48754823	-5.56E-013	-8.56E-013	-1	0.00E+000
3	68.49792122	-8.56E-013	-5.48E-013	0	0.00E+000
3	68.49907153	-5.63E-013	-8.34E-013	-1	0.00E+000
3	68.50285784	-8.39E-013	-5.78E-013	0	0.00E+000
3	68.50337466	-5.78E-013	-7.63E-013	-1	0.00E+000
3	68.50664827	-7.63E-013	-5.62E-013	0	0.00E+000
3	68.50684827	-5.62E-013	-8.24E-013	-1	0.00E+000
3	68.55212202	-8.24E-013	-5.18E-013	0	0.00E+000
3	68.55250790	-5.18E-013	-9.42E-013	-1	0.00E+000
3	68.55324916	-9.42E-013	-5.81E-013	0	0.00E+000
3	68.58227735	-5.03E-013	-7.95E-013	-1	0.00E+000
3	68.58924372	-8.34E-013	-5.22E-013	0	0.00E+000
3	68.58990571	-6.08E-013	-8.45E-013	-1	0.00E+000
3	68.59371240	-8.40E-013	-5.69E-013	0	0.00E+000
3	73.19812333	-4.97E-013	-1.02E-012	-1	0.00E+000
3	73.20014511	-9.56E-013	-5.13E-013	0	0.00E+000
3	73.20625529	-4.61E-013	-9.77E-013	-1	0.00E+000
3	73.20919540	-9.82E-013	-4.57E-013	0	0.00E+000
3	73.20985393	-6.00E-013	-1.01E-012	-1	0.00E+000
3	73.21151817	-8.99E-013	-5.19E-013	0	0.00E+000
3	73.21207551	-5.19E-013	-7.88E-013	-1	0.00E+000
3	73.21247167	-7.88E-013	-5.12E-013	0	0.00E+000
3	73.21375207	-5.12E-013	-8.69E-013	-1	0.00E+000
3	73.21725144	-9.44E-013	-4.90E-013	0	0.00E+000
3	73.21766627	-4.90E-013	-9.07E-013	-1	0.00E+000
3	73.21935632	-9.07E-013	-5.24E-013	0	0.00E+000
3	73.21958186	-5.24E-013	-8.92E-013	-1	0.00E+000
3	73.22003980	-8.92E-013	-4.91E-013	0	0.00E+000
3	73.22078688	-4.91E-013	-9.42E-013	-1	0.00E+000
3	73.23056995	-8.83E-013	-4.96E-013	0	0.00E+000
3	73.23079815	-4.96E-013	-8.62E-013	-1	0.00E+000
3	73.23101851	-8.62E-013	-5.51E-013	0	0.00E+000
3	73.23147576	-5.51E-013	-8.98E-013	-1	0.00E+000
3	73.23525593	-8.83E-013	-5.02E-013	0	0.00E+000
3	73.23612267	-4.54E-013	-8.06E-013	-1	0.00E+000
3	73.23658931	-7.57E-013	-4.88E-013	0	0.00E+000
3	73.23707778	-4.88E-013	-8.24E-013	-1	0.00E+000
3	73.23843659	-8.24E-013	-4.84E-013	0	0.00E+000
3	73.23981192	-4.84E-013	-8.61E-013	-1	0.00E+000
3	73.24065788	-8.61E-013	-5.18E-013	0	0.00E+000
3	73.24139269	-5.18E-013	-8.59E-013	-1	0.00E+000
3	73.24212666	-8.59E-013	-4.82E-013	0	0.00E+000
3	73.24234815	-4.82E-013	-7.91E-013	-1	0.00E+000
3	73.24394349	-7.35E-013	-5.29E-013	0	0.00E+000
3	73.25009761	-5.07E-013	-8.49E-013	-1	0.00E+000
3	73.25088864	-8.49E-013	-4.85E-013	0	0.00E+000
3	73.25132070	-4.99E-013	-8.54E-013	-1	0.00E+000
3	73.25931306	-8.54E-013	-5.43E-013	0	0.00E+000
3	73.26248636	-4.62E-013	-8.53E-013	-1	0.00E+000
3	73.26379171	-8.53E-013	-5.15E-013	0	0.00E+000
3	73.26505488	-5.15E-013	-7.92E-013	-1	0.00E+000
3	73.27281996	-8.78E-013	-5.36E-013	0	0.00E+000
3	73.27421749	-5.36E-013	-8.66E-013	-1	0.00E+000
3	73.27463432	-8.66E-013	-5.11E-013	0	0.00E+000
3	73.27487916	-5.11E-013	-9.15E-013	-1	0.00E+000
3	73.27543866	-9.15E-013	-5.24E-013	0	0.00E+000
3	73.27714759	-5.52E-013	-8.78E-013	-1	0.00E+000
3	73.27824445	-8.78E-013	-4.80E-013	0	0.00E+000
3	73.28455764	-4.06E-013	-7.50E-013	-1	0.00E+000
3	73.28488500	-7.50E-013	-3.98E-013	0	0.00E+000
3	73.28849271	-4.42E-013	-8.75E-013	-1	0.00E+000
3	73.29177383	-8.56E-013	-4.59E-013	0	0.00E+000
3	73.29215775	-4.59E-013	-8.69E-013	-1	0.00E+000
3	73.29293200	-8.69E-013	-5.41E-013	0	0.00E+000
3	73.29330731	-5.41E-013	-8.30E-013	-1	0.00E+000
3	73.29984815	-8.30E-013	-5.07E-013	0	0.00E+000
3	73.30065434	-5.07E-013	-8.72E-013	-1	0.00E+000
3	73.30274815	-8.72E-013	-4.72E-013	0	0.00E+000
3	73.30360858	-4.72E-013	-8.62E-013	-1	0.00E+000
3	73.31154815	-8.62E-013	-5.06E-013	0	0.00E+000
3	92.92175063	-4.62E-013	-1.01E-012	-1	0.00E+000
3	92.92346046	-1.01E-012	-4.92E-013	0	0.00E+000
3	92.92495818	-4.92E-013	-9.24E-013	-1	0.00E+000
3	92.92595884	-9.24E-013	-5.69E-013	0	0.00E+000
3	92.94073519	-5.92E-013	-9.78E-013	-1	0.00E+000
3	92.94115385	-9.78E-013	-5.39E-013	0	0.00E+000
3	92.94362889	-5.26E-013	-1.03E-012	-1	0.00E+000
3	92.94415657	-1.03E-012	-4.73E-013	0	0.00E+000
3	202.16665626	-3.96E-013	-1.18E-012	-1	0.00E+000
3	202.16704888	-1.18E-012	-5.79E-013	0	0.00E+000
3	202.16741451	-5.79E-013	-1.18E-012	-1	0.00E+000
3	202.16847730	-1.18E-012	-5.54E-013	0	0.00E+000
3	202.26974380	-3.99E-013	-1.00E-012	-1	0.00E+000
3	202.27005608	-9.20E-013	-4.07E-013	0	0.00E+000
3	225.39048812	-3.38E-013	-6.58E-013	-1	0.00E+000
3	225.42171334	-5.65E-013	-3.79E-013	0	0.00E+000
3	225.42292232	-3.92E-013	-5.87E-013	-1	0.00E+000
3	225.42445658	-5.51E-013	-4.22E-013	0	0.00E+000
3	225.42487170	-4.22E-013	-5.87E-013	-1	0.00E+000
3	225.43515398	-5.87E-013	-4.04E-013	0	0.00E+000
3	225.43744062	-4.22E-013	-6.24E-013	-1	0.00E+000
3	225.43888706	-6.24E-013	-3.98E-013	0	0.00E+000
3	225.43949072	-3.95E-013	-5.96E-013	-1	0.00E+000
3	225.44096683	-5.96E-013	-4.28E-013	0	0.00E+000
3	225.44138861	-4.28E-013	-6.21E-013	-1	0.00E+000
3	225.45584430	-6.21E-013	-4.47E-013	0	0.00E+000
3	225.45618564	-4.08E-013	-6.57E-013	-1	0.00E+000
3	225.46789770	-5.55E-013	-4.32E-013	0	0.00E+000
3	225.46927523	-4.29E-013	-6.13E-013	-1	0.00E+000
3	225.48159209	-6.13E-013	-4.19E-013	0	0.00E+000
3	225.48179430	-4.19E-013	-6.84E-013	-1	0.00E+000
3	225.48225923	-6.84E-013	-4.47E-013	0	0.00E+000
3	225.48272132	-4.47E-013	-6.77E-013	-1	0.00E+000
3	225.48505023	-6.46E-013	-3.89E-013	0	0.00E+000
3	225.48596908	-4.10E-013	-6.32E-013	-1	0.00E+000
3	225.60360091	-7.21E-013	-4.03E-013	0	0.00E+000
3	225.60384430	-4.03E-013	-6.29E-013	-1	0.00E+000
3	225.60410933	-6.29E-013	-4.03E-013	0	0.00E+000
3	225.60473656	-4.03E-013	-5.88E-013	-1	0.00E+000
