2	125.99495772	-9.53E-013	-1.47E-012	-1	0.00E+000
2	125.99523545	-1.47E-012	-1.01E-012	0	0.00E+000
2	126.04221712	-9.25E-013	-1.39E-012	-1	0.00E+000
2	126.04592643	-1.33E-012	-9.49E-013	0	0.00E+000
2	126.05216720	-9.19E-013	-1.29E-012	-1	0.00E+000
2	126.05268525	-1.29E-012	-9.42E-013	0	0.00E+000
2	126.12682099	-9.11E-013	-1.37E-012	-1	0.00E+000
2	126.12940552	-1.19E-012	-9.45E-013	0	0.00E+000
2	126.19026351	-9.90E-013	-1.42E-012	-1	0.00E+000
2	126.19073201	-1.42E-012	-9.10E-013	0	0.00E+000
2	126.19130264	-9.10E-013	-1.47E-012	-1	0.00E+000
2	126.19363649	-1.37E-012	-9.44E-013	0	0.00E+000
2	126.19486372	-9.44E-013	-1.35E-012	-1	0.00E+000
2	126.19603495	-1.35E-012	-8.59E-013	0	0.00E+000
2	126.67697413	-9.66E-013	-1.38E-012	-1	0.00E+000
2	126.68201210	-1.38E-012	-1.04E-012	0	0.00E+000
2	126.86228986	-9.41E-013	-1.37E-012	-1	0.00E+000
2	126.86489353	-1.33E-012	-9.30E-013	0	0.00E+000
2	127.31956493	-9.51E-013	-1.43E-012	-1	0.00E+000
2	127.32178677	-1.43E-012	-9.67E-013	0	0.00E+000
2	127.52997835	-9.21E-013	-1.30E-012	-1	0.00E+000
2	127.53038625	-1.30E-012	-9.83E-013	0	0.00E+000
2	127.66591982	-9.05E-013	-1.41E-012	-1	0.00E+000
2	127.66784658	-1.41E-012	-8.61E-013	0	0.00E+000
2	127.67485856	-9.37E-013	-1.42E-012	-1	0.00E+000
2	127.67642861	-1.42E-012	-8.63E-013	0	0.00E+000
2	127.68039294	-9.61E-013	-1.18E-012	-1	0.00E+000
2	127.68149677	-1.18E-012	-9.29E-013	0	0.00E+000
2	128.12483732	-9.90E-013	-1.32E-012	-1	0.00E+000
2	128.12659169	-1.32E-012	-9.53E-013	0	0.00E+000
2	128.27043284	-9.56E-013	-1.35E-012	-1	0.00E+000
2	128.27289218	-1.41E-012	-9.63E-013	0	0.00E+000
2	128.34157843	-9.31E-013	-1.37E-012	-1	0.00E+000
2	128.34457448	-1.37E-012	-9.47E-013	0	0.00E+000
2	128.42337845	-1.01E-012	-1.57E-012	-1	0.00E+000
2	128.42626443	-1.39E-012	-1.03E-012	0	0.00E+000
2	128.49432845	-9.26E-013	-1.41E-012	-1	0.00E+000
2	128.49713674	-1.58E-012	-9.85E-013	0	0.00E+000
2	128.59056286	-1.01E-012	-1.47E-012	-1	0.00E+000
2	128.59098426	-1.47E-012	-1.00E-012	0	0.00E+000
2	128.59801069	-9.11E-013	-1.44E-012	-1	0.00E+000
2	128.59838383	-1.44E-012	-9.22E-013	0	0.00E+000
2	128.61817365	-9.62E-013	-1.50E-012	-1	0.00E+000
2	128.62011493	-1.50E-012	-9.40E-013	0	0.00E+000
2	128.64575315	-9.11E-013	-1.31E-012	-1	0.00E+000
2	128.64779698	-1.25E-012	-8.44E-013	0	0.00E+000
2	128.81856134	-8.47E-013	-1.26E-012	-1	0.00E+000
2	128.82143630	-1.23E-012	-8.83E-013	0	0.00E+000
2	128.82434516	-8.91E-013	-1.23E-012	-1	0.00E+000
2	128.82491212	-1.23E-012	-9.26E-013	0	0.00E+000
2	128.83829601	-8.70E-013	-1.32E-012	-1	0.00E+000
2	128.84067334	-1.33E-012	-8.92E-013	0	0.00E+000
2	129.47176028	-1.14E-012	-1.58E-012	-1	0.00E+000
2	129.47239341	-1.58E-012	-1.19E-012	0	0.00E+000
2	129.48045956	-1.06E-012	-1.34E-012	-1	0.00E+000
2	129.48222172	-1.35E-012	-1.09E-012	0	0.00E+000
2	129.48273677	-1.09E-012	-1.41E-012	-1	0.00E+000
2	129.48561411	-1.42E-012	-1.04E-012	0	0.00E+000
2	129.63806081	-1.01E-012	-1.50E-012	-1	0.00E+000
2	129.63866746	-1.50E-012	-9.15E-013	0	0.00E+000
2	129.66701957	-1.02E-012	-1.39E-012	-1	0.00E+000
2	129.66830227	-1.39E-012	-1.05E-012	0	0.00E+000
2	129.87310299	-8.11E-013	-1.23E-012	-1	0.00E+000
2	129.87499476	-1.24E-012	-7.23E-013	0	0.00E+000
2	129.97901263	-9.71E-013	-1.37E-012	-1	0.00E+000
2	129.98040633	-1.22E-012	-8.46E-013	0	0.00E+000
2	133.97380064	-8.96E-013	-1.51E-012	-1	0.00E+000
2	133.97519133	-1.40E-012	-9.18E-013	0	0.00E+000
2	133.97587855	-9.18E-013	-1.21E-012	-1	0.00E+000
2	133.97620585	-1.21E-012	-8.71E-013	0	0.00E+000
2	133.97850977	-8.81E-013	-1.27E-012	-1	0.00E+000
2	133.97892402	-1.27E-012	-8.73E-013	0	0.00E+000
2	133.99948804	-9.04E-013	-1.36E-012	-1	0.00E+000
2	134.00002084	-1.36E-012	-8.45E-013	0	0.00E+000
2	134.02389470	-9.19E-013	-1.40E-012	-1	0.00E+000
2	134.02503526	-1.40E-012	-9.09E-013	0	0.00E+000
2	134.07347733	-8.99E-013	-1.37E-012	-1	0.00E+000
2	134.07415129	-1.37E-012	-9.20E-013	0	0.00E+000
2	134.39202892	-9.52E-013	-1.39E-012	-1	0.00E+000
2	134.39235825	-1.39E-012	-9.39E-013	0	0.00E+000
2	134.39748560	-9.03E-013	-1.46E-012	-1	0.00E+000
2	134.39952458	-1.46E-012	-9.68E-013	0	0.00E+000
2	134.41064304	-9.28E-013	-1.38E-012	-1	0.00E+000
2	134.41132578	-1.38E-012	-8.89E-013	0	0.00E+000
2	134.43249692	-8.87E-013	-1.27E-012	-1	0.00E+000
2	134.43284582	-1.27E-012	-9.65E-013	0	0.00E+000
2	136.21128029	-8.14E-013	-1.36E-012	-1	0.00E+000
2	136.21157086	-1.36E-012	-8.65E-013	0	0.00E+000
2	136.22588273	-8.69E-013	-1.18E-012	-1	0.00E+000
2	136.23348316	-1.18E-012	-7.67E-013	0	0.00E+000
2	136.24603312	-7.87E-013	-1.17E-012	-1	0.00E+000
2	136.24878045	-1.24E-012	-8.88E-013	0	0.00E+000
2	136.29563539	-8.69E-013	-1.30E-012	-1	0.00E+000
2	136.29828186	-1.33E-012	-9.04E-013	0	0.00E+000
2	136.31672345	-9.69E-013	-1.20E-012	-1	0.00E+000
2	136.31784288	-1.20E-012	-8.68E-013	0	0.00E+000
2	136.32333653	-9.25E-013	-1.20E-012	-1	0.00E+000
2	136.32440320	-1.20E-012	-8.49E-013	0	0.00E+000
2	136.35235315	-8.24E-013	-1.35E-012	-1	0.00E+000
2	136.35277987	-1.35E-012	-9.59E-013	0	0.00E+000
2	136.35735386	-9.34E-013	-1.36E-012	-1	0.00E+000
2	136.35890630	-1.36E-012	-8.88E-013	0	0.00E+000
2	136.80812362	-8.41E-013	-1.35E-012	-1	0.00E+000
2	136.80979928	-1.35E-012	-8.88E-013	0	0.00E+000
2	136.87455059	-9.50E-013	-1.32E-012	-1	0.00E+000
2	136.87492098	-1.32E-012	-8.81E-013	0	0.00E+000
2	136.88488123	-8.99E-013	-1.46E-012	-1	0.00E+000
2	136.88538706	-1.46E-012	-8.40E-013	0	0.00E+000
2	136.99456183	-8.92E-013	-1.36E-012	-1	0.00E+000
2	136.99871212	-1.22E-012	-8.22E-013	0	0.00E+000
2	137.01645162	-8.87E-013	-1.27E-012	-1	0.00E+000
2	137.01705762	-1.27E-012	-9.26E-013	0	0.00E+000
2	137.03090409	-9.26E-013	-1.32E-012	-1	0.00E+000
2	137.03155435	-1.32E-012	-8.85E-013	0	0.00E+000
2	137.23774083	-8.96E-013	-1.38E-012	-1	0.00E+000
2	137.23816584	-1.38E-012	-9.10E-013	0	0.00E+000
2	137.39776222	-8.33E-013	-1.34E-012	-1	0.00E+000
2	137.39804657	-1.34E-012	-9.46E-013	0	0.00E+000
2	137.51575225	-8.25E-013	-1.34E-012	-1	0.00E+000
2	137.51780862	-1.34E-012	-8.46E-013	0	0.00E+000
2	138.21833261	-9.16E-013	-1.32E-012	-1	0.00E+000
2	138.21998799	-1.32E-012	-8.84E-013	0	0.00E+000
2	138.28845780	-8.82E-013	-1.43E-012	-1	0.00E+000
2	138.28972425	-1.43E-012	-7.61E-013	0	0.00E+000
2	138.36749361	-9.28E-013	-1.39E-012	-1	0.00E+000
2	138.37046858	-1.45E-012	-9.52E-013	0	0.00E+000
2	139.23696705	-9.26E-013	-1.50E-012	-1	0.00E+000
2	139.23765292	-1.50E-012	-9.34E-013	0	0.00E+000
2	140.06365406	-8.75E-013	-1.68E-012	-1	0.00E+000
2	140.06504576	-1.68E-012	-8.27E-013	0	0.00E+000
2	140.25427365	-9.25E-013	-1.79E-012	-1	0.00E+000
2	140.25482379	-1.79E-012	-9.54E-013	0	0.00E+000
2	140.26120027	-9.39E-013	-1.58E-012	-1	0.00E+000
2	140.26172578	-1.58E-012	-9.61E-013	0	0.00E+000
2	140.27686258	-9.03E-013	-1.38E-012	-1	0.00E+000
2	140.27732405	-1.38E-012	-9.28E-013	0	0.00E+000
2	140.28201574	-9.67E-013	-1.32E-012	-1	0.00E+000
2	140.28250418	-1.32E-012	-9.69E-013	0	0.00E+000
2	140.30599386	-9.47E-013	-1.36E-012	-1	0.00E+000
2	140.30731350	-1.36E-012	-9.81E-013	0	0.00E+000
2	140.30764127	-9.81E-013	-1.36E-012	-1	0.00E+000
2	140.30847647	-1.36E-012	-9.81E-013	0	0.00E+000
2	140.32502157	-9.72E-013	-1.55E-012	-1	0.00E+000
2	140.32568834	-1.55E-012	-9.34E-013	0	0.00E+000
2	140.33251399	-1.00E-012	-1.49E-012	-1	0.00E+000
2	140.33303035	-1.49E-012	-9.90E-013	0	0.00E+000
2	140.34666744	-8.52E-013	-1.48E-012	-1	0.00E+000
2	140.34744700	-1.48E-012	-9.60E-013	0	0.00E+000
2	140.34923940	-9.60E-013	-1.33E-012	-1	0.00E+000
2	140.34953320	-1.33E-012	-9.29E-013	0	0.00E+000
2	140.35146203	-9.29E-013	-1.49E-012	-1	0.00E+000
2	140.35358206	-1.32E-012	-9.65E-013	0	0.00E+000
2	140.38200140	-9.27E-013	-1.37E-012	-1	0.00E+000
2	140.38303391	-1.37E-012	-8.72E-013	0	0.00E+000
2	140.46633287	-8.49E-013	-1.30E-012	-1	0.00E+000
2	140.46822620	-1.33E-012	-9.15E-013	0	0.00E+000
2	140.63882020	-8.65E-013	-1.29E-012	-1	0.00E+000
2	140.64056888	-1.29E-012	-9.00E-013	0	0.00E+000
2	140.80768724	-8.78E-013	-1.38E-012	-1	0.00E+000
2	140.80814343	-1.38E-012	-9.27E-013	0	0.00E+000
2	140.99563205	-9.77E-013	-1.41E-012	-1	0.00E+000
2	140.99603458	-1.41E-012	-9.12E-013	0	0.00E+000
2	141.99908063	-9.94E-013	-1.37E-012	-1	0.00E+000
2	141.99941966	-1.37E-012	-9.98E-013	0	0.00E+000
2	142.05511646	-9.58E-013	-1.31E-012	-1	0.00E+000
2	142.05694408	-1.31E-012	-9.14E-013	0	0.00E+000
2	142.08140685	-9.14E-013	-1.29E-012	-1	0.00E+000
2	142.08182094	-1.29E-012	-8.76E-013	0	0.00E+000
2	142.41952619	-9.18E-013	-1.34E-012	-1	0.00E+000
2	142.42081911	-1.34E-012	-9.67E-013	0	0.00E+000
2	142.57252657	-8.65E-013	-1.22E-012	-1	0.00E+000
2	142.57389403	-1.26E-012	-8.85E-013	0	0.00E+000
2	142.61259858	-9.20E-013	-1.41E-012	-1	0.00E+000
2	142.61295034	-1.41E-012	-9.71E-013	0	0.00E+000
2	142.61337394	-9.71E-013	-1.36E-012	-1	0.00E+000
2	142.61366338	-1.36E-012	-9.71E-013	0	0.00E+000
2	142.73150690	-8.28E-013	-1.58E-012	-1	0.00E+000
2	142.73214147	-1.58E-012	-9.74E-013	0	0.00E+000
2	142.77443470	-9.51E-013	-1.46E-012	-1	0.00E+000
2	142.77506459	-1.46E-012	-1.05E-012	0	0.00E+000
2	143.18583973	-9.49E-013	-1.42E-012	-1	0.00E+000
2	143.18661687	-1.42E-012	-8.51E-013	0	0.00E+000
2	143.18690538	-8.51E-013	-1.39E-012	-1	0.00E+000
2	143.18844434	-1.39E-012	-7.83E-013	0	0.00E+000
2	143.27682062	-9.86E-013	-1.73E-012	-1	0.00E+000
2	143.27761213	-1.73E-012	-1.02E-012	0	0.00E+000
2	143.30523710	-9.48E-013	-1.41E-012	-1	0.00E+000
2	143.30580274	-1.41E-012	-1.00E-012	0	0.00E+000
2	143.30615594	-1.00E-012	-1.33E-012	-1	0.00E+000
2	143.30685904	-1.33E-012	-9.62E-013	0	0.00E+000
2	143.33554408	-9.68E-013	-1.40E-012	-1	0.00E+000
2	143.33588675	-1.40E-012	-8.96E-013	0	0.00E+000
2	143.41381697	-8.33E-013	-1.34E-012	-1	0.00E+000
2	143.41438502	-1.34E-012	-9.40E-013	0	0.00E+000
2	143.41767151	-9.17E-013	-1.31E-012	-1	0.00E+000
2	143.41802417	-1.31E-012	-9.65E-013	0	0.00E+000
2	143.49932711	-8.53E-013	-1.40E-012	-1	0.00E+000
2	143.49979744	-1.40E-012	-9.37E-013	0	0.00E+000
2	148.23185553	-9.12E-013	-1.50E-012	-1	0.00E+000
2	148.23299523	-1.50E-012	-9.20E-013	0	0.00E+000
2	148.23761860	-8.87E-013	-1.38E-012	-1	0.00E+000
2	148.23847193	-1.38E-012	-8.85E-013	0	0.00E+000
2	148.37254006	-9.70E-013	-1.40E-012	-1	0.00E+000
2	148.37332689	-1.40E-012	-9.06E-013	0	0.00E+000
2	148.37828466	-8.31E-013	-1.36E-012	-1	0.00E+000
2	148.37869131	-1.36E-012	-9.54E-013	0	0.00E+000
2	149.07475284	-7.79E-013	-1.33E-012	-1	0.00E+000
2	149.07514685	-1.33E-012	-8.27E-013	0	0.00E+000
2	149.51034795	-8.83E-013	-1.27E-012	-1	0.00E+000
2	149.51237710	-1.27E-012	-8.38E-013	0	0.00E+000
2	151.40590042	-9.28E-013	-1.48E-012	-1	0.00E+000
2	151.40648927	-1.48E-012	-8.92E-013	0	0.00E+000
2	154.66513671	-8.79E-013	-1.61E-012	-1	0.00E+000
2	154.66565997	-1.61E-012	-9.32E-013	0	0.00E+000
2	154.67242008	-9.62E-013	-1.54E-012	-1	0.00E+000
2	154.67628185	-1.57E-012	-8.62E-013	0	0.00E+000
2	156.81684725	-8.57E-013	-1.42E-012	-1	0.00E+000
2	156.81799856	-1.42E-012	-8.81E-013	0	0.00E+000
2	156.87229915	-8.90E-013	-1.33E-012	-1	0.00E+000
2	156.87449435	-1.33E-012	-8.96E-013	0	0.00E+000
2	156.92708549	-8.02E-013	-1.24E-012	-1	0.00E+000
2	156.92745746	-1.24E-012	-8.39E-013	0	0.00E+000
2	157.09717481	-8.99E-013	-1.25E-012	-1	0.00E+000
2	157.09829603	-1.25E-012	-8.59E-013	0	0.00E+000
2	157.20424065	-8.67E-013	-1.39E-012	-1	0.00E+000
2	157.20779423	-1.32E-012	-8.03E-013	0	0.00E+000
2	157.57023833	-8.87E-013	-1.37E-012	-1	0.00E+000
2	157.57258046	-1.26E-012	-9.25E-013	0	0.00E+000
2	157.60714196	-9.41E-013	-1.27E-012	-1	0.00E+000
2	157.60790253	-1.27E-012	-8.85E-013	0	0.00E+000
2	162.16658237	-8.28E-013	-1.57E-012	-1	0.00E+000
2	162.16687710	-1.57E-012	-8.83E-013	0	0.00E+000
2	162.24758182	-7.72E-013	-1.44E-012	-1	0.00E+000
2	162.24905171	-1.44E-012	-8.99E-013	0	0.00E+000
2	162.74190974	-9.73E-013	-1.42E-012	-1	0.00E+000
2	162.74245012	-1.42E-012	-9.44E-013	0	0.00E+000
2	168.25785569	-8.80E-013	-1.32E-012	-1	0.00E+000
2	168.25922626	-1.32E-012	-8.14E-013	0	0.00E+000
2	168.96150476	-8.73E-013	-1.29E-012	-1	0.00E+000
2	168.96171189	-1.29E-012	-9.12E-013	0	0.00E+000
2	169.05043929	-9.04E-013	-1.34E-012	-1	0.00E+000
2	169.05092478	-1.34E-012	-9.48E-013	0	0.00E+000
2	169.19821517	-8.98E-013	-1.34E-012	-1	0.00E+000
2	169.19867649	-1.34E-012	-8.13E-013	0	0.00E+000
2	169.39448405	-8.61E-013	-1.35E-012	-1	0.00E+000
2	169.39578789	-1.35E-012	-8.57E-013	0	0.00E+000
2	169.68101924	-1.10E-012	-1.58E-012	-1	0.00E+000
2	169.68140830	-1.58E-012	-1.15E-012	0	0.00E+000
2	169.68220410	-1.15E-012	-1.55E-012	-1	0.00E+000
2	169.68260288	-1.55E-012	-9.14E-013	0	0.00E+000
2	169.82717584	-8.81E-013	-1.36E-012	-1	0.00E+000
2	169.82772959	-1.39E-012	-8.45E-013	0	0.00E+000
2	169.82794571	-8.45E-013	-1.62E-012	-1	0.00E+000
2	169.82874307	-1.62E-012	-9.40E-013	0	0.00E+000
2	169.86449402	-9.56E-013	-1.52E-012	-1	0.00E+000
2	169.86510528	-1.52E-012	-9.27E-013	0	0.00E+000
2	169.89310514	-9.41E-013	-1.65E-012	-1	0.00E+000
2	169.89353478	-1.65E-012	-9.23E-013	0	0.00E+000
2	170.05618920	-9.69E-013	-1.66E-012	-1	0.00E+000
2	170.05659505	-1.66E-012	-1.01E-012	0	0.00E+000
2	170.07248344	-1.02E-012	-1.48E-012	-1	0.00E+000
2	170.07590537	-1.39E-012	-1.01E-012	0	0.00E+000
2	170.20470783	-1.01E-012	-1.44E-012	-1	0.00E+000
2	170.20504322	-1.44E-012	-9.03E-013	0	0.00E+000
2	170.23986025	-1.04E-012	-1.56E-012	-1	0.00E+000
2	170.24062815	-1.56E-012	-9.59E-013	0	0.00E+000
2	170.24774802	-9.49E-013	-1.31E-012	-1	0.00E+000
2	170.24885294	-1.31E-012	-9.34E-013	0	0.00E+000
2	170.69917810	-9.65E-013	-1.35E-012	-1	0.00E+000
2	170.69964315	-1.35E-012	-9.63E-013	0	0.00E+000
2	170.81112465	-8.58E-013	-1.47E-012	-1	0.00E+000
2	170.81150459	-1.47E-012	-8.87E-013	0	0.00E+000
2	170.89542174	-8.78E-013	-1.35E-012	-1	0.00E+000
2	170.89583515	-1.35E-012	-9.05E-013	0	0.00E+000
2	170.89741139	-9.05E-013	-1.31E-012	-1	0.00E+000
2	170.89776800	-1.31E-012	-9.25E-013	0	0.00E+000
2	170.92337490	-9.92E-013	-1.37E-012	-1	0.00E+000
2	170.92380490	-1.37E-012	-1.02E-012	0	0.00E+000
2	170.99984378	-9.25E-013	-1.68E-012	-1	0.00E+000
2	171.00056762	-1.68E-012	-9.87E-013	0	0.00E+000
2	171.41008907	-8.78E-013	-1.48E-012	-1	0.00E+000
2	171.41192413	-1.48E-012	-9.36E-013	0	0.00E+000
2	171.66301979	-9.60E-013	-1.40E-012	-1	0.00E+000
2	171.66546437	-1.33E-012	-9.39E-013	0	0.00E+000
2	171.69977223	-9.83E-013	-1.59E-012	-1	0.00E+000
2	171.70030455	-1.59E-012	-9.30E-013	0	0.00E+000
2	171.72078641	-8.80E-013	-1.44E-012	-1	0.00E+000
2	171.72113688	-1.44E-012	-1.01E-012	0	0.00E+000
2	171.94779850	-9.34E-013	-1.66E-012	-1	0.00E+000
2	171.94823105	-1.66E-012	-1.09E-012	0	0.00E+000
2	172.07534097	-9.51E-013	-1.64E-012	-1	0.00E+000
2	172.07562260	-1.64E-012	-9.56E-013	0	0.00E+000
2	172.28569565	-9.56E-013	-1.38E-012	-1	0.00E+000
2	172.28666578	-1.38E-012	-9.20E-013	0	0.00E+000
2	172.41480726	-9.78E-013	-1.50E-012	-1	0.00E+000
2	172.41548562	-1.50E-012	-9.42E-013	0	0.00E+000
2	172.69466356	-1.01E-012	-1.42E-012	-1	0.00E+000
2	172.69519946	-1.42E-012	-9.18E-013	0	0.00E+000
2	172.76205056	-9.54E-013	-1.38E-012	-1	0.00E+000
2	172.76238057	-1.38E-012	-9.53E-013	0	0.00E+000
2	173.01032957	-9.83E-013	-1.42E-012	-1	0.00E+000
2	173.01058850	-1.42E-012	-9.18E-013	0	0.00E+000
2	173.01337985	-9.75E-013	-1.37E-012	-1	0.00E+000
2	173.01367193	-1.37E-012	-9.53E-013	0	0.00E+000
2	173.01474563	-9.53E-013	-1.36E-012	-1	0.00E+000
2	173.01588201	-1.38E-012	-9.47E-013	0	0.00E+000
2	173.78181199	-1.14E-012	-1.67E-012	-1	0.00E+000
2	173.78572590	-1.67E-012	-9.96E-013	0	0.00E+000
2	173.80897796	-9.51E-013	-1.41E-012	-1	0.00E+000
2	173.80971228	-1.41E-012	-9.72E-013	0	0.00E+000
2	175.62987769	-9.81E-013	-1.40E-012	-1	0.00E+000
2	175.63021499	-1.40E-012	-8.69E-013	0	0.00E+000
2	175.73705690	-9.22E-013	-1.29E-012	-1	0.00E+000
2	175.73805264	-1.29E-012	-9.00E-013	0	0.00E+000
2	175.85522185	-9.92E-013	-1.50E-012	-1	0.00E+000
2	175.85562705	-1.50E-012	-9.67E-013	0	0.00E+000
2	176.24170655	-9.15E-013	-1.32E-012	-1	0.00E+000
2	176.24279133	-1.32E-012	-9.98E-013	0	0.00E+000
2	176.27173338	-9.60E-013	-1.42E-012	-1	0.00E+000
2	176.27207826	-1.42E-012	-8.84E-013	0	0.00E+000
2	176.27233402	-8.84E-013	-1.53E-012	-1	0.00E+000
2	176.27287856	-1.53E-012	-8.79E-013	0	0.00E+000
2	176.31400288	-8.52E-013	-1.39E-012	-1	0.00E+000
2	176.31535293	-1.39E-012	-8.32E-013	0	0.00E+000
2	176.42628066	-9.31E-013	-1.40E-012	-1	0.00E+000
2	176.42719345	-1.40E-012	-9.23E-013	0	0.00E+000
2	176.45818828	-9.43E-013	-1.28E-012	-1	0.00E+000
2	176.46029554	-1.28E-012	-8.93E-013	0	0.00E+000
2	177.35317579	-9.21E-013	-1.69E-012	-1	0.00E+000
2	177.35358617	-1.69E-012	-9.68E-013	0	0.00E+000
2	177.39930379	-1.01E-012	-1.37E-012	-1	0.00E+000
2	177.39954307	-1.37E-012	-8.98E-013	0	0.00E+000
2	177.41482997	-8.47E-013	-1.45E-012	-1	0.00E+000
2	177.41547940	-1.38E-012	-8.84E-013	0	0.00E+000
2	177.41957242	-8.62E-013	-1.56E-012	-1	0.00E+000
2	177.42007971	-1.56E-012	-9.75E-013	0	0.00E+000
2	177.49096544	-9.74E-013	-1.31E-012	-1	0.00E+000
2	177.49184166	-1.31E-012	-9.79E-013	0	0.00E+000
2	177.51155005	-9.58E-013	-1.28E-012	-1	0.00E+000
2	177.51300236	-1.28E-012	-9.17E-013	0	0.00E+000
2	177.79063098	-9.67E-013	-1.58E-012	-1	0.00E+000
2	177.79103107	-1.58E-012	-9.77E-013	0	0.00E+000
2	177.83644049	-9.46E-013	-1.41E-012	-1	0.00E+000
2	177.83690187	-1.32E-012	-1.08E-012	0	0.00E+000
2	177.83725912	-1.08E-012	-1.47E-012	-1	0.00E+000
2	177.83804988	-1.47E-012	-9.46E-013	0	0.00E+000
2	177.84599564	-1.03E-012	-1.36E-012	-1	0.00E+000
2	177.84634525	-1.36E-012	-9.39E-013	0	0.00E+000
2	178.40139549	-9.39E-013	-1.35E-012	-1	0.00E+000
2	178.40175858	-1.35E-012	-9.13E-013	0	0.00E+000
2	178.40763681	-8.75E-013	-1.29E-012	-1	0.00E+000
2	178.40803572	-1.29E-012	-8.54E-013	0	0.00E+000
2	202.90377382	-8.94E-013	-1.36E-012	-1	0.00E+000
2	202.90417916	-1.36E-012	-7.75E-013	0	0.00E+000
2	202.92075482	-8.18E-013	-1.32E-012	-1	0.00E+000
2	202.92379149	-1.40E-012	-8.75E-013	0	0.00E+000
2	202.96588218	-8.40E-013	-1.19E-012	-1	0.00E+000
2	202.96795426	-1.15E-012	-8.42E-013	0	0.00E+000
2	203.17289791	-8.13E-013	-1.59E-012	-1	0.00E+000
2	203.17330795	-1.59E-012	-9.85E-013	0	0.00E+000
2	203.91009543	-8.55E-013	-1.54E-012	-1	0.00E+000
2	203.91171258	-1.56E-012	-8.41E-013	0	0.00E+000
2	204.21280817	-7.51E-013	-1.16E-012	-1	0.00E+000
2	204.21447122	-1.16E-012	-7.81E-013	0	0.00E+000
2	204.21826520	-8.00E-013	-1.26E-012	-1	0.00E+000
2	204.21939721	-1.26E-012	-7.47E-013	0	0.00E+000
2	204.41311220	-7.45E-013	-1.22E-012	-1	0.00E+000
2	204.41432646	-1.22E-012	-7.88E-013	0	0.00E+000
2	206.70939532	-7.99E-013	-1.30E-012	-1	0.00E+000
2	206.71133470	-1.30E-012	-8.12E-013	0	0.00E+000
2	206.79613014	-7.76E-013	-1.27E-012	-1	0.00E+000
2	206.79652139	-1.27E-012	-7.51E-013	0	0.00E+000
2	206.80391059	-8.40E-013	-1.26E-012	-1	0.00E+000
2	206.80510925	-1.26E-012	-7.89E-013	0	0.00E+000
2	206.81568097	-9.23E-013	-1.30E-012	-1	0.00E+000
2	206.81654236	-1.30E-012	-7.81E-013	0	0.00E+000
2	207.68194180	-8.41E-013	-1.36E-012	-1	0.00E+000
2	207.68232181	-1.36E-012	-8.44E-013	0	0.00E+000
2	208.30778758	-8.51E-013	-1.36E-012	-1	0.00E+000
2	208.30803654	-1.36E-012	-7.55E-013	0	0.00E+000
2	209.74326400	-9.89E-013	-1.47E-012	-1	0.00E+000
2	209.74410478	-1.47E-012	-9.42E-013	0	0.00E+000
