4	763.91265353	-4.07E-013	-8.50E-013	-1	0.00E+000
4	763.91478309	-8.50E-013	-3.07E-013	0	0.00E+000
4	763.93301684	-4.54E-013	-1.01E-012	-1	0.00E+000
4	763.93453802	-1.01E-012	-5.88E-013	0	0.00E+000
4	763.93492420	-5.88E-013	-8.86E-013	-1	0.00E+000
4	763.93634570	-8.86E-013	-3.90E-013	0	0.00E+000
4	763.93936583	-3.69E-013	-9.57E-013	-1	0.00E+000
4	763.94082175	-9.57E-013	-5.02E-013	0	0.00E+000
4	763.94850796	-3.78E-013	-7.72E-013	-1	0.00E+000
4	763.94965057	-7.72E-013	-4.02E-013	0	0.00E+000
4	763.96201315	-4.80E-013	-8.47E-013	-1	0.00E+000
4	763.96429251	-8.47E-013	-3.54E-013	0	0.00E+000
4	763.98387489	-3.16E-013	-7.86E-013	-1	0.00E+000
4	763.98565301	-8.17E-013	-4.45E-013	0	0.00E+000
4	763.98691104	-4.45E-013	-8.57E-013	-1	0.00E+000
4	763.99395887	-8.37E-013	-2.57E-013	0	0.00E+000
4	764.01872400	-5.27E-013	-1.02E-012	-1	0.00E+000
4	764.02056355	-1.02E-012	-4.46E-013	0	0.00E+000
4	764.02364496	-4.25E-013	-1.03E-012	-1	0.00E+000
4	764.02424306	-1.03E-012	-4.35E-013	0	0.00E+000
4	764.19549751	-4.56E-013	-8.34E-013	-1	0.00E+000
4	764.19673446	-8.34E-013	-3.62E-013	0	0.00E+000
4	764.21510160	-3.41E-013	-8.57E-013	-1	0.00E+000
4	764.21647248	-8.57E-013	-3.57E-013	0	0.00E+000
4	764.22542691	-4.42E-013	-8.26E-013	-1	0.00E+000
4	764.22768374	-9.47E-013	-4.61E-013	0	0.00E+000
4	764.22938584	-4.61E-013	-8.82E-013	-1	0.00E+000
4	764.23986515	-8.82E-013	-4.83E-013	0	0.00E+000
4	764.24355260	-4.66E-013	-1.04E-012	-1	0.00E+000
4	764.24635287	-9.20E-013	-5.44E-013	0	0.00E+000
4	764.28279163	-4.96E-013	-1.04E-012	-1	0.00E+000
4	764.28368488	-1.04E-012	-4.55E-013	0	0.00E+000
4	764.28907205	-4.82E-013	-8.56E-013	-1	0.00E+000
4	764.29087533	-7.65E-013	-4.89E-013	0	0.00E+000
4	764.31503451	-4.46E-013	-1.00E-012	-1	0.00E+000
4	764.31805114	-9.79E-013	-5.42E-013	0	0.00E+000
4	764.35646830	-5.85E-013	-1.11E-012	-1	0.00E+000
4	764.35694635	-1.11E-012	-4.97E-013	0	0.00E+000
4	764.37479138	-6.36E-013	-1.23E-012	-1	0.00E+000
4	764.37535985	-1.23E-012	-6.71E-013	0	0.00E+000
4	764.40803391	-5.37E-013	-1.04E-012	-1	0.00E+000
4	764.40918910	-1.04E-012	-5.44E-013	0	0.00E+000
4	764.40970564	-5.44E-013	-9.13E-013	-1	0.00E+000
4	764.41513069	-9.13E-013	-6.78E-013	0	0.00E+000
4	764.41645010	-6.78E-013	-1.14E-012	-1	0.00E+000
4	764.41840578	-9.67E-013	-6.37E-013	0	0.00E+000
4	764.46111991	-8.17E-013	-1.39E-012	-1	0.00E+000
4	764.46608095	-1.43E-012	-8.72E-013	0	0.00E+000
4	764.56951109	-5.53E-013	-1.17E-012	-1	0.00E+000
4	764.57091109	-1.17E-012	-5.85E-013	0	0.00E+000
4	764.57372197	-7.35E-013	-1.20E-012	-1	0.00E+000
4	764.57459865	-1.20E-012	-4.92E-013	0	0.00E+000
4	764.58694156	-7.02E-013	-1.25E-012	-1	0.00E+000
4	764.58772841	-1.25E-012	-6.85E-013	0	0.00E+000
4	764.62559682	-5.13E-013	-1.13E-012	-1	0.00E+000
4	764.63524247	-1.13E-012	-5.63E-013	0	0.00E+000
4	764.65871071	-5.63E-013	-9.50E-013	-1	0.00E+000
4	764.66252277	-9.10E-013	-5.08E-013	0	0.00E+000
4	764.66623059	-5.08E-013	-9.36E-013	-1	0.00E+000
4	764.67414341	-9.36E-013	-5.20E-013	0	0.00E+000
4	764.68832810	-6.24E-013	-1.05E-012	-1	0.00E+000
4	764.68887456	-1.05E-012	-5.49E-013	0	0.00E+000
4	764.68956719	-5.49E-013	-1.11E-012	-1	0.00E+000
4	764.69176938	-1.20E-012	-4.18E-013	0	0.00E+000
4	764.76592675	-4.60E-013	-8.51E-013	-1	0.00E+000
4	764.76895587	-8.78E-013	-5.11E-013	0	0.00E+000
4	764.77520281	-5.11E-013	-9.68E-013	-1	0.00E+000
4	764.78273869	-9.80E-013	-4.70E-013	0	0.00E+000
4	764.78355507	-4.70E-013	-1.07E-012	-1	0.00E+000
4	764.79099649	-9.02E-013	-4.15E-013	0	0.00E+000
4	764.79176924	-6.18E-013	-1.02E-012	-1	0.00E+000
4	764.79743451	-1.02E-012	-4.91E-013	0	0.00E+000
4	764.81755459	-5.12E-013	-1.17E-012	-1	0.00E+000
4	764.82431221	-9.93E-013	-4.57E-013	0	0.00E+000
4	764.88299761	-5.62E-013	-1.05E-012	-1	0.00E+000
4	764.88405658	-1.05E-012	-6.05E-013	0	0.00E+000
4	764.88952325	-5.75E-013	-9.77E-013	-1	0.00E+000
4	764.89229391	-1.13E-012	-6.27E-013	0	0.00E+000
4	764.91462831	-6.15E-013	-1.09E-012	-1	0.00E+000
4	764.91601520	-1.10E-012	-5.07E-013	0	0.00E+000
4	764.91905237	-5.02E-013	-1.08E-012	-1	0.00E+000
4	764.92605790	-9.23E-013	-6.06E-013	0	0.00E+000
4	764.94705475	-6.51E-013	-1.01E-012	-1	0.00E+000
4	764.94920681	-1.04E-012	-6.07E-013	0	0.00E+000
4	764.95275508	-6.55E-013	-1.15E-012	-1	0.00E+000
4	764.95830650	-1.09E-012	-7.44E-013	0	0.00E+000
4	764.97960610	-6.59E-013	-1.15E-012	-1	0.00E+000
4	764.98022296	-1.15E-012	-6.80E-013	0	0.00E+000
4	765.03327514	-6.77E-013	-9.53E-013	-1	0.00E+000
4	765.03420688	-9.53E-013	-6.66E-013	0	0.00E+000
4	765.04596972	-7.10E-013	-1.03E-012	-1	0.00E+000
4	765.05370803	-1.03E-012	-5.89E-013	0	0.00E+000
4	765.06834240	-6.58E-013	-1.05E-012	-1	0.00E+000
4	765.07173455	-1.05E-012	-6.56E-013	0	0.00E+000
4	765.07218151	-6.56E-013	-1.33E-012	-1	0.00E+000
4	765.07405940	-1.05E-012	-6.17E-013	0	0.00E+000
4	765.10250611	-6.30E-013	-1.03E-012	-1	0.00E+000
4	765.10353575	-1.03E-012	-5.45E-013	0	0.00E+000
4	765.10510358	-5.79E-013	-1.01E-012	-1	0.00E+000
4	765.10997985	-9.35E-013	-4.11E-013	0	0.00E+000
4	765.11129728	-4.11E-013	-9.01E-013	-1	0.00E+000
4	765.11305964	-8.95E-013	-4.48E-013	0	0.00E+000
4	765.11581968	-5.32E-013	-9.17E-013	-1	0.00E+000
4	765.12046846	-1.02E-012	-4.19E-013	0	0.00E+000
4	765.12120377	-4.19E-013	-9.22E-013	-1	0.00E+000
4	765.14680805	-9.22E-013	-4.97E-013	0	0.00E+000
4	765.16987513	-5.62E-013	-1.08E-012	-1	0.00E+000
4	765.17171922	-1.02E-012	-5.46E-013	0	0.00E+000
4	765.17193067	-5.46E-013	-9.93E-013	-1	0.00E+000
4	765.17234946	-9.93E-013	-5.53E-013	0	0.00E+000
4	765.22023463	-6.12E-013	-1.24E-012	-1	0.00E+000
4	765.22129398	-1.24E-012	-5.99E-013	0	0.00E+000
4	765.22158770	-5.99E-013	-1.15E-012	-1	0.00E+000
4	765.22640974	-1.03E-012	-6.26E-013	0	0.00E+000
4	765.23157319	-7.79E-013	-1.09E-012	-1	0.00E+000
4	765.23418108	-1.09E-012	-5.73E-013	0	0.00E+000
4	765.24232562	-6.95E-013	-1.29E-012	-1	0.00E+000
4	765.24438720	-1.29E-012	-6.69E-013	0	0.00E+000
4	765.24548465	-8.88E-013	-1.25E-012	-1	0.00E+000
4	765.24720041	-1.25E-012	-7.15E-013	0	0.00E+000
4	765.25159710	-7.68E-013	-1.29E-012	-1	0.00E+000
4	765.25443067	-1.29E-012	-7.39E-013	0	0.00E+000
4	765.25559067	-7.39E-013	-1.21E-012	-1	0.00E+000
4	765.25629853	-1.21E-012	-6.99E-013	0	0.00E+000
4	765.27353855	-3.98E-013	-8.00E-013	-1	0.00E+000
4	765.27916139	-8.63E-013	-4.66E-013	0	0.00E+000
4	765.28108087	-4.87E-013	-9.60E-013	-1	0.00E+000
4	765.28227226	-9.60E-013	-4.92E-013	0	0.00E+000
4	765.29241873	-3.97E-013	-8.71E-013	-1	0.00E+000
4	765.29947843	-7.95E-013	-4.98E-013	0	0.00E+000
4	765.30158291	-4.98E-013	-9.97E-013	-1	0.00E+000
4	765.30544818	-1.02E-012	-3.96E-013	0	0.00E+000
4	765.42856081	-5.08E-013	-1.04E-012	-1	0.00E+000
4	765.43029358	-1.09E-012	-4.30E-013	0	0.00E+000
4	765.43177097	-4.30E-013	-1.08E-012	-1	0.00E+000
4	765.43238270	-1.08E-012	-5.92E-013	0	0.00E+000
4	765.47666718	-6.33E-013	-1.07E-012	-1	0.00E+000
4	765.47735562	-1.07E-012	-6.41E-013	0	0.00E+000
4	765.47928440	-6.41E-013	-1.02E-012	-1	0.00E+000
4	765.48136028	-1.01E-012	-4.11E-013	0	0.00E+000
4	765.50393502	-5.37E-013	-1.05E-012	-1	0.00E+000
4	765.50599885	-1.05E-012	-4.71E-013	0	0.00E+000
4	765.51230738	-6.15E-013	-9.67E-013	-1	0.00E+000
4	765.51653066	-9.67E-013	-5.08E-013	0	0.00E+000
4	765.52098099	-5.43E-013	-1.16E-012	-1	0.00E+000
4	765.52165716	-1.16E-012	-5.82E-013	0	0.00E+000
4	765.53364856	-5.38E-013	-9.99E-013	-1	0.00E+000
4	765.54327763	-9.99E-013	-5.70E-013	0	0.00E+000
4	765.55348936	-5.89E-013	-1.10E-012	-1	0.00E+000
4	765.55498561	-1.10E-012	-5.77E-013	0	0.00E+000
4	765.57851037	-5.41E-013	-9.95E-013	-1	0.00E+000
4	765.57904565	-9.95E-013	-5.73E-013	0	0.00E+000
4	765.61426633	-5.39E-013	-9.84E-013	-1	0.00E+000
4	765.61490596	-9.84E-013	-5.57E-013	0	0.00E+000
4	765.62432568	-5.36E-013	-1.05E-012	-1	0.00E+000
4	765.62997758	-8.90E-013	-5.04E-013	0	0.00E+000
4	765.68881196	-7.08E-013	-9.46E-013	-1	0.00E+000
4	765.69328656	-9.46E-013	-6.15E-013	0	0.00E+000
4	765.70218066	-6.15E-013	-9.89E-013	-1	0.00E+000
4	765.70509981	-9.89E-013	-5.72E-013	0	0.00E+000
4	765.71135881	-5.74E-013	-1.09E-012	-1	0.00E+000
4	765.71381593	-1.06E-012	-5.37E-013	0	0.00E+000
4	765.71398497	-5.37E-013	-1.11E-012	-1	0.00E+000
4	765.71917954	-1.07E-012	-4.43E-013	0	0.00E+000
4	765.72172633	-5.51E-013	-9.57E-013	-1	0.00E+000
4	765.72447259	-8.52E-013	-3.99E-013	0	0.00E+000
4	765.74167697	-5.68E-013	-1.12E-012	-1	0.00E+000
4	765.74239193	-1.12E-012	-6.46E-013	0	0.00E+000
4	765.75118797	-6.34E-013	-1.08E-012	-1	0.00E+000
4	765.75152791	-1.08E-012	-7.41E-013	0	0.00E+000
4	765.75643066	-7.41E-013	-1.10E-012	-1	0.00E+000
4	765.75804845	-1.10E-012	-6.74E-013	0	0.00E+000
4	765.76407574	-6.77E-013	-1.21E-012	-1	0.00E+000
4	765.76501050	-1.21E-012	-6.47E-013	0	0.00E+000
4	765.76559935	-6.47E-013	-1.20E-012	-1	0.00E+000
4	765.78102314	-1.07E-012	-6.26E-013	0	0.00E+000
4	765.78489503	-5.94E-013	-1.01E-012	-1	0.00E+000
4	765.78543026	-1.01E-012	-4.18E-013	0	0.00E+000
4	765.79874362	-5.82E-013	-1.05E-012	-1	0.00E+000
4	765.79977892	-1.05E-012	-5.75E-013	0	0.00E+000
4	765.80056286	-4.93E-013	-1.11E-012	-1	0.00E+000
4	765.80589527	-1.03E-012	-5.42E-013	0	0.00E+000
4	765.82680524	-5.79E-013	-1.03E-012	-1	0.00E+000
4	765.82793787	-1.03E-012	-6.14E-013	0	0.00E+000
4	765.95433715	-5.22E-013	-9.54E-013	-1	0.00E+000
4	765.95496871	-9.54E-013	-5.47E-013	0	0.00E+000
4	765.95533767	-5.47E-013	-1.10E-012	-1	0.00E+000
4	765.95604027	-1.10E-012	-4.76E-013	0	0.00E+000
4	766.04857375	-5.89E-013	-9.80E-013	-1	0.00E+000
4	766.05431818	-1.00E-012	-4.91E-013	0	0.00E+000
4	766.05453065	-4.91E-013	-1.16E-012	-1	0.00E+000
4	766.05528878	-1.16E-012	-5.92E-013	0	0.00E+000
4	766.06543581	-6.65E-013	-1.11E-012	-1	0.00E+000
4	766.06893065	-1.11E-012	-5.88E-013	0	0.00E+000
4	766.06949404	-7.73E-013	-1.16E-012	-1	0.00E+000
4	766.07066755	-1.16E-012	-6.27E-013	0	0.00E+000
4	766.08311259	-6.25E-013	-1.13E-012	-1	0.00E+000
4	766.08496626	-1.14E-012	-6.59E-013	0	0.00E+000
4	766.09150497	-6.19E-013	-1.06E-012	-1	0.00E+000
4	766.09891509	-1.15E-012	-5.68E-013	0	0.00E+000
4	766.17163064	-5.47E-013	-9.06E-013	-1	0.00E+000
4	766.17216689	-9.06E-013	-4.23E-013	0	0.00E+000
4	766.17369414	-4.23E-013	-9.70E-013	-1	0.00E+000
4	766.17790893	-9.23E-013	-5.37E-013	0	0.00E+000
4	766.19037412	-5.87E-013	-1.07E-012	-1	0.00E+000
4	766.19182549	-1.07E-012	-4.60E-013	0	0.00E+000
4	766.19334569	-4.60E-013	-9.56E-013	-1	0.00E+000
4	766.19375294	-9.56E-013	-5.33E-013	0	0.00E+000
4	766.19950551	-5.35E-013	-9.76E-013	-1	0.00E+000
4	766.20865205	-9.76E-013	-4.54E-013	0	0.00E+000
4	766.20888064	-4.54E-013	-8.34E-013	-1	0.00E+000
4	766.20909585	-8.34E-013	-3.94E-013	0	0.00E+000
4	766.22928705	-5.35E-013	-1.02E-012	-1	0.00E+000
4	766.23207736	-1.02E-012	-5.60E-013	0	0.00E+000
4	766.23429602	-5.43E-013	-9.83E-013	-1	0.00E+000
4	766.23963064	-9.83E-013	-5.31E-013	0	0.00E+000
4	766.32514396	-5.64E-013	-1.13E-012	-1	0.00E+000
4	766.32755724	-1.08E-012	-5.14E-013	0	0.00E+000
4	766.32793064	-5.14E-013	-1.00E-012	-1	0.00E+000
4	766.32813516	-1.00E-012	-5.14E-013	0	0.00E+000
4	766.32878285	-5.14E-013	-1.03E-012	-1	0.00E+000
4	766.33140916	-1.02E-012	-5.14E-013	0	0.00E+000
4	766.33175709	-5.14E-013	-8.94E-013	-1	0.00E+000
4	766.33296664	-8.88E-013	-6.11E-013	0	0.00E+000
4	766.34215515	-6.11E-013	-1.11E-012	-1	0.00E+000
4	766.34330604	-1.10E-012	-6.31E-013	0	0.00E+000
4	766.34431566	-6.31E-013	-1.02E-012	-1	0.00E+000
4	766.34718994	-1.07E-012	-5.80E-013	0	0.00E+000
4	766.35239439	-6.15E-013	-9.12E-013	-1	0.00E+000
4	766.35275721	-9.12E-013	-4.19E-013	0	0.00E+000
4	766.36043558	-5.34E-013	-1.02E-012	-1	0.00E+000
4	766.36120894	-1.02E-012	-6.25E-013	0	0.00E+000
4	766.37275172	-5.01E-013	-9.97E-013	-1	0.00E+000
4	766.37704850	-9.77E-013	-4.81E-013	0	0.00E+000
4	766.38316054	-4.57E-013	-9.35E-013	-1	0.00E+000
4	766.38789853	-1.08E-012	-5.07E-013	0	0.00E+000
4	766.47317308	-6.18E-013	-9.74E-013	-1	0.00E+000
4	766.47545087	-9.39E-013	-4.88E-013	0	0.00E+000
4	766.47877378	-5.09E-013	-9.18E-013	-1	0.00E+000
4	766.48190963	-1.03E-012	-5.23E-013	0	0.00E+000
4	766.48216175	-5.23E-013	-9.51E-013	-1	0.00E+000
4	766.48259854	-9.51E-013	-4.72E-013	0	0.00E+000
4	766.48325103	-4.72E-013	-9.50E-013	-1	0.00E+000
4	766.48578593	-9.06E-013	-4.25E-013	0	0.00E+000
4	766.51266697	-3.96E-013	-9.45E-013	-1	0.00E+000
4	766.51313013	-9.45E-013	-4.07E-013	0	0.00E+000
4	766.52070872	-4.23E-013	-9.30E-013	-1	0.00E+000
4	766.52338192	-1.00E-012	-4.51E-013	0	0.00E+000
4	766.52369750	-4.51E-013	-1.03E-012	-1	0.00E+000
4	766.52893724	-9.08E-013	-4.76E-013	0	0.00E+000
4	766.53063371	-5.58E-013	-1.06E-012	-1	0.00E+000
4	766.53863888	-1.06E-012	-5.11E-013	0	0.00E+000
4	766.54786408	-5.31E-013	-8.94E-013	-1	0.00E+000
4	766.54826031	-8.94E-013	-4.81E-013	0	0.00E+000
4	766.56116925	-5.19E-013	-1.02E-012	-1	0.00E+000
4	766.56179368	-1.02E-012	-4.77E-013	0	0.00E+000
4	766.57792784	-4.79E-013	-1.02E-012	-1	0.00E+000
4	766.58248922	-9.80E-013	-5.39E-013	0	0.00E+000
4	766.58471799	-5.99E-013	-1.13E-012	-1	0.00E+000
4	766.59210603	-1.13E-012	-5.41E-013	0	0.00E+000
4	766.59409164	-4.25E-013	-8.74E-013	-1	0.00E+000
4	766.59651055	-9.80E-013	-5.99E-013	0	0.00E+000
4	766.60096393	-6.79E-013	-1.14E-012	-1	0.00E+000
4	766.60585874	-1.22E-012	-5.75E-013	0	0.00E+000
4	766.62752845	-4.79E-013	-9.40E-013	-1	0.00E+000
4	766.63286449	-1.04E-012	-5.55E-013	0	0.00E+000
4	766.68147008	-5.08E-013	-1.17E-012	-1	0.00E+000
4	766.68653250	-1.04E-012	-6.83E-013	0	0.00E+000
4	766.69486813	-6.83E-013	-1.02E-012	-1	0.00E+000
4	766.69593197	-1.02E-012	-5.81E-013	0	0.00E+000
4	766.74127947	-6.35E-013	-9.99E-013	-1	0.00E+000
4	766.75098063	-9.99E-013	-6.32E-013	0	0.00E+000
4	766.78835950	-4.82E-013	-9.52E-013	-1	0.00E+000
4	766.78917266	-9.52E-013	-5.90E-013	0	0.00E+000
4	766.80134252	-5.75E-013	-1.12E-012	-1	0.00E+000
4	766.80570079	-1.14E-012	-5.69E-013	0	0.00E+000
4	766.81815088	-5.27E-013	-1.10E-012	-1	0.00E+000
4	766.82034975	-1.02E-012	-5.52E-013	0	0.00E+000
4	766.82577241	-5.35E-013	-1.14E-012	-1	0.00E+000
4	766.82665186	-1.14E-012	-6.50E-013	0	0.00E+000
4	766.82696644	-6.50E-013	-1.02E-012	-1	0.00E+000
4	766.82756854	-1.02E-012	-5.44E-013	0	0.00E+000
4	766.91253164	-4.88E-013	-9.25E-013	-1	0.00E+000
4	766.91314904	-9.25E-013	-3.10E-013	0	0.00E+000
4	766.91843587	-4.37E-013	-8.59E-013	-1	0.00E+000
4	766.92516088	-7.40E-013	-3.51E-013	0	0.00E+000
4	766.93840064	-3.49E-013	-8.24E-013	-1	0.00E+000
4	766.94232410	-7.28E-013	-3.86E-013	0	0.00E+000
4	766.94804419	-3.53E-013	-8.79E-013	-1	0.00E+000
4	766.95978193	-8.71E-013	-3.38E-013	0	0.00E+000
4	767.08709568	-4.54E-013	-8.45E-013	-1	0.00E+000
4	767.09063062	-8.45E-013	-3.51E-013	0	0.00E+000
4	767.14728376	-4.72E-013	-8.35E-013	-1	0.00E+000
4	767.15123192	-8.35E-013	-3.74E-013	0	0.00E+000
4	767.15148062	-3.74E-013	-8.06E-013	-1	0.00E+000
4	767.15377125	-9.21E-013	-3.65E-013	0	0.00E+000
4	767.16317779	-2.33E-013	-8.97E-013	-1	0.00E+000
4	767.16366736	-8.97E-013	-3.74E-013	0	0.00E+000
4	767.27675996	-3.87E-013	-1.00E-012	-1	0.00E+000
4	767.27768720	-1.00E-012	-4.13E-013	0	0.00E+000
4	767.27909913	-4.13E-013	-9.15E-013	-1	0.00E+000
4	767.28052166	-9.15E-013	-3.86E-013	0	0.00E+000
4	767.30082929	-4.78E-013	-8.62E-013	-1	0.00E+000
4	767.30357006	-8.42E-013	-2.84E-013	0	0.00E+000
4	767.31499815	-4.08E-013	-9.10E-013	-1	0.00E+000
4	767.31575926	-9.10E-013	-3.27E-013	0	0.00E+000
4	767.32036704	-5.06E-013	-1.05E-012	-1	0.00E+000
4	767.32163665	-1.05E-012	-4.73E-013	0	0.00E+000
4	767.32807511	-5.66E-013	-1.05E-012	-1	0.00E+000
4	767.32879328	-1.05E-012	-5.34E-013	0	0.00E+000
4	767.36283061	-5.34E-013	-9.23E-013	-1	0.00E+000
4	767.36453061	-9.23E-013	-4.57E-013	0	0.00E+000
4	767.39721583	-4.70E-013	-1.01E-012	-1	0.00E+000
4	767.39796750	-1.01E-012	-4.23E-013	0	0.00E+000
4	767.40323061	-4.23E-013	-9.26E-013	-1	0.00E+000
4	767.40581001	-1.08E-012	-4.67E-013	0	0.00E+000
4	767.40688870	-4.67E-013	-8.96E-013	-1	0.00E+000
4	767.40959766	-1.04E-012	-3.52E-013	0	0.00E+000
4	767.41046929	-3.52E-013	-8.86E-013	-1	0.00E+000
4	767.41508569	-8.68E-013	-4.12E-013	0	0.00E+000
4	767.42882688	-4.44E-013	-7.78E-013	-1	0.00E+000
4	767.42977702	-7.78E-013	-3.44E-013	0	0.00E+000
4	767.44095178	-3.59E-013	-8.88E-013	-1	0.00E+000
4	767.44384573	-8.50E-013	-3.85E-013	0	0.00E+000
4	767.46090954	-3.40E-013	-8.86E-013	-1	0.00E+000
4	767.46553061	-8.86E-013	-5.34E-013	0	0.00E+000
4	767.47558573	-6.11E-013	-1.13E-012	-1	0.00E+000
4	767.47819781	-1.18E-012	-5.37E-013	0	0.00E+000
4	767.48094130	-6.63E-013	-1.37E-012	-1	0.00E+000
4	767.48294705	-1.30E-012	-6.36E-013	0	0.00E+000
4	767.48473446	-6.63E-013	-1.06E-012	-1	0.00E+000
4	767.49203000	-9.85E-013	-4.79E-013	0	0.00E+000
4	767.50285170	-4.34E-013	-9.72E-013	-1	0.00E+000
4	767.50434964	-9.72E-013	-4.89E-013	0	0.00E+000
4	767.50461821	-4.89E-013	-1.04E-012	-1	0.00E+000
4	767.51039956	-8.62E-013	-4.36E-013	0	0.00E+000
4	767.51471406	-5.30E-013	-9.70E-013	-1	0.00E+000
4	767.52233061	-9.70E-013	-5.78E-013	0	0.00E+000
4	767.57624810	-7.21E-013	-1.13E-012	-1	0.00E+000
4	767.57728665	-1.13E-012	-6.82E-013	0	0.00E+000
4	767.58157568	-5.84E-013	-1.10E-012	-1	0.00E+000
4	767.58452934	-1.04E-012	-6.81E-013	0	0.00E+000
4	767.58822261	-6.49E-013	-1.19E-012	-1	0.00E+000
4	767.58917122	-1.19E-012	-7.03E-013	0	0.00E+000
4	767.60796889	-3.91E-013	-8.74E-013	-1	0.00E+000
4	767.61384236	-1.03E-012	-4.45E-013	0	0.00E+000
4	767.62107877	-5.30E-013	-9.24E-013	-1	0.00E+000
4	767.63012566	-8.88E-013	-4.20E-013	0	0.00E+000
4	767.63570699	-4.09E-013	-9.19E-013	-1	0.00E+000
4	767.63656849	-9.19E-013	-4.80E-013	0	0.00E+000
4	767.64092062	-4.78E-013	-9.88E-013	-1	0.00E+000
4	767.64315070	-8.40E-013	-4.33E-013	0	0.00E+000
4	767.65087532	-4.33E-013	-9.34E-013	-1	0.00E+000
4	767.65528473	-1.14E-012	-6.15E-013	0	0.00E+000
4	767.65567448	-6.15E-013	-9.51E-013	-1	0.00E+000
4	767.66041704	-9.66E-013	-5.96E-013	0	0.00E+000
4	767.66395446	-6.36E-013	-1.09E-012	-1	0.00E+000
4	767.67060824	-1.09E-012	-6.65E-013	0	0.00E+000
4	767.70850060	-5.44E-013	-1.01E-012	-1	0.00E+000
4	767.70988760	-1.01E-012	-3.61E-013	0	0.00E+000
4	767.72028532	-5.10E-013	-1.08E-012	-1	0.00E+000
4	767.72083390	-1.08E-012	-5.56E-013	0	0.00E+000
4	767.72129154	-5.56E-013	-1.05E-012	-1	0.00E+000
4	767.72507110	-9.15E-013	-4.13E-013	0	0.00E+000
4	767.73148845	-6.38E-013	-1.11E-012	-1	0.00E+000
4	767.73212739	-1.11E-012	-6.69E-013	0	0.00E+000
4	767.73476856	-6.68E-013	-9.53E-013	-1	0.00E+000
4	767.73682872	-9.53E-013	-5.09E-013	0	0.00E+000
4	767.74055905	-5.50E-013	-9.12E-013	-1	0.00E+000
4	767.74268061	-9.12E-013	-5.60E-013	0	0.00E+000
4	767.82238829	-4.34E-013	-9.60E-013	-1	0.00E+000
4	767.82370287	-9.60E-013	-4.31E-013	0	0.00E+000
4	767.86018612	-4.44E-013	-8.18E-013	-1	0.00E+000
4	767.86204140	-9.53E-013	-4.47E-013	0	0.00E+000
4	767.86372005	-4.48E-013	-7.91E-013	-1	0.00E+000
4	767.86549252	-7.91E-013	-3.49E-013	0	0.00E+000
4	767.87097862	-4.52E-013	-1.04E-012	-1	0.00E+000
4	767.87293653	-8.60E-013	-4.37E-013	0	0.00E+000
4	767.87331334	-4.37E-013	-7.88E-013	-1	0.00E+000
4	767.87507354	-7.88E-013	-4.17E-013	0	0.00E+000
4	767.88248696	-5.82E-013	-1.00E-012	-1	0.00E+000
4	767.88886007	-8.68E-013	-4.63E-013	0	0.00E+000
4	767.91806622	-4.04E-013	-9.57E-013	-1	0.00E+000
4	767.92120591	-8.44E-013	-4.75E-013	0	0.00E+000
4	767.93484719	-5.21E-013	-8.87E-013	-1	0.00E+000
4	767.93688735	-9.65E-013	-5.05E-013	0	0.00E+000
4	767.94069675	-5.69E-013	-1.23E-012	-1	0.00E+000
4	767.94341049	-1.05E-012	-6.32E-013	0	0.00E+000
4	767.96716354	-4.55E-013	-8.29E-013	-1	0.00E+000
4	767.96941703	-8.29E-013	-5.24E-013	0	0.00E+000
4	767.97585563	-4.57E-013	-9.45E-013	-1	0.00E+000
4	767.97646662	-9.59E-013	-4.45E-013	0	0.00E+000
4	767.97682664	-4.45E-013	-9.71E-013	-1	0.00E+000
4	767.97957235	-9.27E-013	-4.47E-013	0	0.00E+000
4	767.98228841	-4.85E-013	-1.05E-012	-1	0.00E+000
4	767.98322430	-1.05E-012	-4.11E-013	0	0.00E+000
4	767.98367269	-4.29E-013	-9.58E-013	-1	0.00E+000
4	767.98480559	-9.32E-013	-4.16E-013	0	0.00E+000
4	767.98510643	-4.16E-013	-1.01E-012	-1	0.00E+000
4	767.98581882	-1.01E-012	-4.39E-013	0	0.00E+000
4	767.98718909	-4.01E-013	-1.09E-012	-1	0.00E+000
4	767.98803285	-1.09E-012	-4.12E-013	0	0.00E+000
4	768.00782575	-4.96E-013	-9.21E-013	-1	0.00E+000
4	768.01161495	-9.91E-013	-4.42E-013	0	0.00E+000
4	768.01391967	-4.42E-013	-9.75E-013	-1	0.00E+000
4	768.01590698	-9.73E-013	-4.63E-013	0	0.00E+000
4	768.02621669	-5.76E-013	-9.14E-013	-1	0.00E+000
4	768.02863060	-9.14E-013	-4.41E-013	0	0.00E+000
4	768.03051299	-4.42E-013	-9.12E-013	-1	0.00E+000
4	768.03706358	-7.91E-013	-3.77E-013	0	0.00E+000
4	768.13399322	-7.18E-013	-1.26E-012	-1	0.00E+000
4	768.13527663	-1.26E-012	-6.86E-013	0	0.00E+000
4	768.14459085	-5.10E-013	-9.22E-013	-1	0.00E+000
4	768.14815751	-8.66E-013	-5.04E-013	0	0.00E+000
4	768.24992222	-4.60E-013	-9.23E-013	-1	0.00E+000
4	768.25262331	-8.46E-013	-5.01E-013	0	0.00E+000
4	768.25685613	-4.55E-013	-9.34E-013	-1	0.00E+000
4	768.25999012	-8.59E-013	-4.94E-013	0	0.00E+000
4	768.26023059	-4.94E-013	-8.47E-013	-1	0.00E+000
4	768.26055617	-8.47E-013	-4.95E-013	0	0.00E+000
4	768.26188926	-4.95E-013	-8.52E-013	-1	0.00E+000
4	768.26315857	-8.52E-013	-4.37E-013	0	0.00E+000
4	768.29008059	-6.97E-013	-1.20E-012	-1	0.00E+000
4	768.29060151	-1.20E-012	-6.97E-013	0	0.00E+000
4	768.29413629	-6.46E-013	-1.18E-012	-1	0.00E+000
4	768.29855938	-1.18E-012	-5.50E-013	0	0.00E+000
4	768.30071350	-5.69E-013	-9.79E-013	-1	0.00E+000
4	768.30264122	-9.79E-013	-4.52E-013	0	0.00E+000
4	768.30505950	-4.04E-013	-8.55E-013	-1	0.00E+000
4	768.30552491	-8.55E-013	-4.96E-013	0	0.00E+000
4	768.30622512	-4.96E-013	-8.00E-013	-1	0.00E+000
4	768.30778059	-8.00E-013	-5.27E-013	0	0.00E+000
4	768.31424183	-5.48E-013	-9.14E-013	-1	0.00E+000
4	768.31694998	-9.71E-013	-4.26E-013	0	0.00E+000
4	768.34200938	-4.22E-013	-9.86E-013	-1	0.00E+000
4	768.35210243	-9.86E-013	-4.67E-013	0	0.00E+000
4	768.35318365	-4.67E-013	-9.84E-013	-1	0.00E+000
4	768.35420691	-9.84E-013	-5.22E-013	0	0.00E+000
4	768.51105227	-4.16E-013	-8.76E-013	-1	0.00E+000
4	768.51339757	-1.01E-012	-4.35E-013	0	0.00E+000
4	768.63113148	-4.86E-013	-1.05E-012	-1	0.00E+000
4	768.63150680	-1.05E-012	-4.58E-013	0	0.00E+000
4	768.63189175	-4.58E-013	-1.06E-012	-1	0.00E+000
4	768.63761510	-1.06E-012	-4.84E-013	0	0.00E+000
4	768.64091660	-5.39E-013	-9.47E-013	-1	0.00E+000
4	768.64248889	-9.47E-013	-4.40E-013	0	0.00E+000
4	768.64932056	-4.64E-013	-9.76E-013	-1	0.00E+000
4	768.65190270	-9.79E-013	-5.47E-013	0	0.00E+000
4	768.65231842	-5.47E-013	-9.99E-013	-1	0.00E+000
4	768.65409514	-9.99E-013	-5.31E-013	0	0.00E+000
4	768.66229422	-4.90E-013	-9.75E-013	-1	0.00E+000
4	768.66297084	-9.75E-013	-5.11E-013	0	0.00E+000
4	768.66912702	-4.58E-013	-9.28E-013	-1	0.00E+000
4	768.67301398	-9.08E-013	-4.36E-013	0	0.00E+000
4	768.67723867	-5.30E-013	-9.94E-013	-1	0.00E+000
4	768.67780961	-9.94E-013	-5.63E-013	0	0.00E+000
4	768.67873435	-5.63E-013	-9.86E-013	-1	0.00E+000
4	768.68034876	-1.02E-012	-4.60E-013	0	0.00E+000
4	768.69793179	-5.02E-013	-9.32E-013	-1	0.00E+000
4	768.70150460	-9.94E-013	-4.42E-013	0	0.00E+000
4	768.72187983	-4.75E-013	-9.30E-013	-1	0.00E+000
4	768.72427553	-9.08E-013	-3.77E-013	0	0.00E+000
4	768.73239303	-4.91E-013	-9.86E-013	-1	0.00E+000
4	768.73371895	-9.86E-013	-4.07E-013	0	0.00E+000
4	768.73427691	-4.07E-013	-8.81E-013	-1	0.00E+000
4	768.73666808	-8.81E-013	-3.92E-013	0	0.00E+000
4	768.78398440	-4.91E-013	-9.19E-013	-1	0.00E+000
4	768.78470523	-9.19E-013	-3.79E-013	0	0.00E+000
4	768.78493058	-3.79E-013	-1.04E-012	-1	0.00E+000
4	768.78605921	-1.04E-012	-4.55E-013	0	0.00E+000
4	768.78695551	-4.55E-013	-9.51E-013	-1	0.00E+000
4	768.78965870	-7.72E-013	-4.53E-013	0	0.00E+000
4	768.79228454	-4.53E-013	-8.73E-013	-1	0.00E+000
4	768.79362267	-8.73E-013	-4.76E-013	0	0.00E+000
4	768.80609675	-4.97E-013	-1.03E-012	-1	0.00E+000
4	768.80723885	-1.03E-012	-5.09E-013	0	0.00E+000
4	768.81897049	-4.08E-013	-9.81E-013	-1	0.00E+000
4	768.82125503	-9.37E-013	-5.04E-013	0	0.00E+000
4	768.82392367	-3.85E-013	-8.98E-013	-1	0.00E+000
4	768.82707501	-1.05E-012	-5.08E-013	0	0.00E+000
4	768.86867974	-3.54E-013	-8.86E-013	-1	0.00E+000
4	768.86939396	-8.86E-013	-3.80E-013	0	0.00E+000
4	768.95059715	-4.79E-013	-9.80E-013	-1	0.00E+000
4	768.95157186	-8.56E-013	-4.82E-013	0	0.00E+000
4	768.98686517	-5.88E-013	-9.19E-013	-1	0.00E+000
4	768.98768165	-9.19E-013	-4.86E-013	0	0.00E+000
4	768.98917186	-4.86E-013	-8.88E-013	-1	0.00E+000
4	768.99109789	-8.88E-013	-4.74E-013	0	0.00E+000
4	769.01205260	-5.59E-013	-1.11E-012	-1	0.00E+000
4	769.02455696	-1.11E-012	-6.13E-013	0	0.00E+000
4	769.05659164	-5.42E-013	-9.77E-013	-1	0.00E+000
4	769.06807207	-9.76E-013	-5.23E-013	0	0.00E+000
4	769.07759790	-5.12E-013	-9.43E-013	-1	0.00E+000
4	769.08703057	-9.43E-013	-4.46E-013	0	0.00E+000
4	769.08849725	-4.46E-013	-9.53E-013	-1	0.00E+000
4	769.09198452	-9.34E-013	-5.39E-013	0	0.00E+000
4	769.11408531	-6.45E-013	-1.18E-012	-1	0.00E+000
4	769.11804841	-1.20E-012	-4.22E-013	0	0.00E+000
4	769.13368707	-3.66E-013	-8.24E-013	-1	0.00E+000
4	769.13791481	-9.14E-013	-4.29E-013	0	0.00E+000
4	769.14818869	-4.29E-013	-1.00E-012	-1	0.00E+000
4	769.14963057	-1.00E-012	-5.71E-013	0	0.00E+000
4	769.19983057	-4.14E-013	-8.79E-013	-1	0.00E+000
4	769.20920658	-8.98E-013	-3.88E-013	0	0.00E+000
4	769.26382098	-4.05E-013	-8.07E-013	-1	0.00E+000
4	769.26962238	-9.38E-013	-4.39E-013	0	0.00E+000
4	769.40865341	-3.84E-013	-8.33E-013	-1	0.00E+000
4	769.41106153	-8.07E-013	-3.38E-013	0	0.00E+000
4	769.41378606	-3.27E-013	-8.11E-013	-1	0.00E+000
4	769.41861692	-6.94E-013	-3.82E-013	0	0.00E+000
4	769.42364119	-3.64E-013	-8.03E-013	-1	0.00E+000
4	769.42588984	-8.29E-013	-3.54E-013	0	0.00E+000
4	769.42690250	-4.77E-013	-8.64E-013	-1	0.00E+000
4	769.43048056	-8.64E-013	-3.73E-013	0	0.00E+000
4	769.43068056	-3.73E-013	-8.04E-013	-1	0.00E+000
4	769.43348056	-8.04E-013	-3.98E-013	0	0.00E+000
4	769.43448860	-3.98E-013	-9.01E-013	-1	0.00E+000
4	769.44258056	-9.01E-013	-3.74E-013	0	0.00E+000
4	769.44298839	-3.74E-013	-9.31E-013	-1	0.00E+000
4	769.45103432	-9.03E-013	-3.72E-013	0	0.00E+000
4	769.45399653	-3.89E-013	-7.99E-013	-1	0.00E+000
4	769.45737611	-8.37E-013	-3.72E-013	0	0.00E+000
4	769.45753949	-3.72E-013	-7.52E-013	-1	0.00E+000
4	769.46044934	-6.77E-013	-3.70E-013	0	0.00E+000
4	769.47666142	-3.00E-013	-7.28E-013	-1	0.00E+000
4	769.47980734	-8.21E-013	-4.14E-013	0	0.00E+000
4	769.48083038	-4.14E-013	-7.79E-013	-1	0.00E+000
4	769.48780339	-7.79E-013	-3.74E-013	0	0.00E+000
4	769.48853688	-4.97E-013	-9.37E-013	-1	0.00E+000
4	769.48945642	-9.37E-013	-3.58E-013	0	0.00E+000
4	769.49001124	-3.58E-013	-1.04E-012	-1	0.00E+000
4	769.49280241	-1.04E-012	-3.77E-013	0	0.00E+000
4	769.49362178	-3.77E-013	-7.81E-013	-1	0.00E+000
4	769.50376127	-8.00E-013	-3.68E-013	0	0.00E+000
4	769.50421596	-4.46E-013	-7.78E-013	-1	0.00E+000
4	769.50466209	-7.78E-013	-3.51E-013	0	0.00E+000
4	769.55879621	-3.38E-013	-9.14E-013	-1	0.00E+000
4	769.56732716	-1.06E-012	-4.64E-013	0	0.00E+000
4	769.57234005	-3.91E-013	-8.57E-013	-1	0.00E+000
4	769.57299885	-8.57E-013	-4.29E-013	0	0.00E+000
4	769.57807502	-3.46E-013	-9.00E-013	-1	0.00E+000
4	769.57916243	-9.00E-013	-3.94E-013	0	0.00E+000
4	769.59269576	-4.34E-013	-8.60E-013	-1	0.00E+000
4	769.59971895	-1.00E-012	-4.25E-013	0	0.00E+000
4	769.62070234	-2.78E-013	-7.50E-013	-1	0.00E+000
4	769.62093459	-7.50E-013	-4.07E-013	0	0.00E+000
4	769.62388056	-4.07E-013	-7.14E-013	-1	0.00E+000
4	769.62509928	-7.14E-013	-3.78E-013	0	0.00E+000
4	769.65296255	-3.93E-013	-7.97E-013	-1	0.00E+000
4	769.65507596	-7.97E-013	-3.66E-013	0	0.00E+000
4	769.65824500	-4.42E-013	-8.47E-013	-1	0.00E+000
4	769.66244161	-8.18E-013	-3.73E-013	0	0.00E+000
4	769.66306373	-3.73E-013	-7.68E-013	-1	0.00E+000
4	769.66338157	-7.68E-013	-3.63E-013	0	0.00E+000
4	769.66404411	-3.63E-013	-7.02E-013	-1	0.00E+000
4	769.66521309	-7.02E-013	-3.84E-013	0	0.00E+000
4	769.66688789	-3.84E-013	-7.49E-013	-1	0.00E+000
4	769.67271421	-7.58E-013	-3.32E-013	0	0.00E+000
4	769.67367339	-3.32E-013	-8.84E-013	-1	0.00E+000
4	769.67612956	-8.10E-013	-3.80E-013	0	0.00E+000
4	769.68771830	-3.95E-013	-6.62E-013	-1	0.00E+000
4	769.68861166	-6.62E-013	-3.81E-013	0	0.00E+000
4	769.70054491	-2.91E-013	-9.74E-013	-1	0.00E+000
4	769.70352220	-7.84E-013	-3.36E-013	0	0.00E+000
4	769.71719078	-3.79E-013	-9.10E-013	-1	0.00E+000
4	769.72053261	-8.79E-013	-3.16E-013	0	0.00E+000
4	769.77272203	-6.23E-013	-1.19E-012	-1	0.00E+000
4	769.77790431	-1.09E-012	-5.63E-013	0	0.00E+000
4	769.77980142	-6.14E-013	-1.12E-012	-1	0.00E+000
4	769.78102237	-1.12E-012	-5.89E-013	0	0.00E+000
4	769.84710098	-3.23E-013	-8.97E-013	-1	0.00E+000
4	769.85244320	-8.60E-013	-3.09E-013	0	0.00E+000
4	769.86765429	-4.47E-013	-9.00E-013	-1	0.00E+000
4	769.87005509	-9.58E-013	-4.81E-013	0	0.00E+000
4	769.87061362	-4.81E-013	-8.67E-013	-1	0.00E+000
4	769.87823055	-8.67E-013	-4.66E-013	0	0.00E+000
4	769.88087624	-3.87E-013	-9.21E-013	-1	0.00E+000
4	769.88368262	-7.94E-013	-4.30E-013	0	0.00E+000
4	769.89559770	-4.76E-013	-7.95E-013	-1	0.00E+000
4	769.89938055	-7.95E-013	-4.08E-013	0	0.00E+000
4	769.90506782	-4.73E-013	-8.27E-013	-1	0.00E+000
4	769.92219579	-8.07E-013	-4.31E-013	0	0.00E+000
4	769.92245773	-4.31E-013	-7.64E-013	-1	0.00E+000
4	769.92506756	-8.30E-013	-4.06E-013	0	0.00E+000
4	769.92537049	-4.06E-013	-8.48E-013	-1	0.00E+000
4	769.92942320	-8.21E-013	-4.60E-013	0	0.00E+000
4	769.92982470	-4.60E-013	-9.46E-013	-1	0.00E+000
4	769.94559914	-9.46E-013	-4.35E-013	0	0.00E+000
4	769.94952281	-3.95E-013	-9.81E-013	-1	0.00E+000
4	769.95687039	-8.84E-013	-4.25E-013	0	0.00E+000
4	769.96184746	-3.90E-013	-7.67E-013	-1	0.00E+000
4	769.96282513	-7.67E-013	-3.89E-013	0	0.00E+000
4	769.96618123	-3.89E-013	-8.79E-013	-1	0.00E+000
4	769.97268855	-8.86E-013	-4.22E-013	0	0.00E+000
4	770.01737908	-3.45E-013	-8.42E-013	-1	0.00E+000
4	770.01973412	-8.99E-013	-3.39E-013	0	0.00E+000
4	770.01993819	-3.39E-013	-7.67E-013	-1	0.00E+000
4	770.02118549	-7.67E-013	-3.95E-013	0	0.00E+000
4	770.08520627	-4.09E-013	-9.58E-013	-1	0.00E+000
4	770.09338027	-7.74E-013	-3.28E-013	0	0.00E+000
4	770.10087213	-3.87E-013	-9.60E-013	-1	0.00E+000
4	770.10282409	-8.80E-013	-3.86E-013	0	0.00E+000
4	770.10307681	-3.86E-013	-8.53E-013	-1	0.00E+000
4	770.10819707	-8.53E-013	-4.25E-013	0	0.00E+000
4	770.10843055	-4.25E-013	-7.13E-013	-1	0.00E+000
4	770.11170103	-7.13E-013	-4.14E-013	0	0.00E+000
4	770.11448627	-4.69E-013	-7.90E-013	-1	0.00E+000
4	770.11571003	-7.90E-013	-4.30E-013	0	0.00E+000
4	770.11705147	-4.30E-013	-7.50E-013	-1	0.00E+000
4	770.11812165	-7.50E-013	-3.96E-013	0	0.00E+000
4	770.15282056	-2.50E-013	-7.96E-013	-1	0.00E+000
4	770.15465117	-7.78E-013	-4.11E-013	0	0.00E+000
4	770.15536545	-4.11E-013	-7.81E-013	-1	0.00E+000
4	770.15582419	-7.81E-013	-3.04E-013	0	0.00E+000
4	770.16252321	-4.04E-013	-8.04E-013	-1	0.00E+000
4	770.16575799	-8.85E-013	-4.47E-013	0	0.00E+000
4	770.16718808	-4.47E-013	-7.57E-013	-1	0.00E+000
4	770.17117176	-7.92E-013	-3.97E-013	0	0.00E+000
4	770.17199837	-3.97E-013	-8.09E-013	-1	0.00E+000
4	770.17252445	-8.09E-013	-4.03E-013	0	0.00E+000
4	770.23842682	-4.35E-013	-8.37E-013	-1	0.00E+000
4	770.23915828	-8.37E-013	-4.49E-013	0	0.00E+000
4	770.25258803	-4.49E-013	-9.00E-013	-1	0.00E+000
4	770.25380785	-7.56E-013	-4.10E-013	0	0.00E+000
4	770.25693741	-4.48E-013	-8.61E-013	-1	0.00E+000
4	770.25808781	-8.61E-013	-3.61E-013	0	0.00E+000
4	770.28040503	-3.42E-013	-8.43E-013	-1	0.00E+000
4	770.28298803	-9.77E-013	-3.69E-013	0	0.00E+000
4	770.28348040	-3.69E-013	-8.86E-013	-1	0.00E+000
4	770.28701322	-9.05E-013	-3.28E-013	0	0.00E+000
4	770.30120249	-4.65E-013	-8.57E-013	-1	0.00E+000
4	770.30246225	-8.57E-013	-4.60E-013	0	0.00E+000
4	770.30949814	-4.20E-013	-8.89E-013	-1	0.00E+000
4	770.31248054	-8.89E-013	-4.69E-013	0	0.00E+000
4	770.31434231	-4.76E-013	-9.22E-013	-1	0.00E+000
4	770.31905702	-8.39E-013	-4.21E-013	0	0.00E+000
4	770.32421641	-4.21E-013	-8.91E-013	-1	0.00E+000
4	770.33051598	-8.91E-013	-4.07E-013	0	0.00E+000
4	770.33449697	-4.34E-013	-8.37E-013	-1	0.00E+000
4	770.33808654	-8.61E-013	-4.16E-013	0	0.00E+000
4	770.35102489	-3.61E-013	-8.63E-013	-1	0.00E+000
4	770.36030199	-8.38E-013	-3.77E-013	0	0.00E+000
4	770.36687079	-4.57E-013	-1.00E-012	-1	0.00E+000
4	770.36826091	-1.00E-012	-4.80E-013	0	0.00E+000
4	770.37927996	-4.57E-013	-9.22E-013	-1	0.00E+000
4	770.38922953	-9.48E-013	-4.17E-013	0	0.00E+000
4	770.39167756	-3.63E-013	-8.93E-013	-1	0.00E+000
4	770.39476344	-8.34E-013	-4.95E-013	0	0.00E+000
4	770.40149036	-5.35E-013	-1.00E-012	-1	0.00E+000
4	770.41200134	-9.54E-013	-3.42E-013	0	0.00E+000
4	770.43330107	-5.16E-013	-9.54E-013	-1	0.00E+000
4	770.43584692	-9.96E-013	-4.32E-013	0	0.00E+000
4	770.45423054	-4.32E-013	-8.34E-013	-1	0.00E+000
4	770.45756463	-8.34E-013	-4.19E-013	0	0.00E+000
4	770.46710465	-3.91E-013	-9.62E-013	-1	0.00E+000
4	770.47803538	-9.62E-013	-4.10E-013	0	0.00E+000
4	770.48631491	-4.13E-013	-8.33E-013	-1	0.00E+000
4	770.49345131	-7.34E-013	-3.99E-013	0	0.00E+000
4	770.50153477	-3.65E-013	-8.94E-013	-1	0.00E+000
4	770.50245094	-8.94E-013	-3.93E-013	0	0.00E+000
4	770.51158084	-3.93E-013	-8.27E-013	-1	0.00E+000
4	770.51718054	-8.27E-013	-4.08E-013	0	0.00E+000
4	770.51734487	-4.08E-013	-9.76E-013	-1	0.00E+000
4	770.51834280	-9.76E-013	-4.71E-013	0	0.00E+000
4	770.53646411	-4.67E-013	-9.47E-013	-1	0.00E+000
4	770.53776621	-9.47E-013	-4.53E-013	0	0.00E+000
4	770.58097534	-3.28E-013	-8.96E-013	-1	0.00E+000
4	770.58651981	-9.22E-013	-4.88E-013	0	0.00E+000
4	770.58718980	-4.88E-013	-1.08E-012	-1	0.00E+000
4	770.58983233	-1.16E-012	-4.80E-013	0	0.00E+000
4	770.59998499	-4.69E-013	-8.58E-013	-1	0.00E+000
4	770.60077659	-8.58E-013	-4.04E-013	0	0.00E+000
4	770.60645985	-4.81E-013	-1.00E-012	-1	0.00E+000
4	770.60895048	-7.78E-013	-4.31E-013	0	0.00E+000
4	770.60924857	-4.31E-013	-9.37E-013	-1	0.00E+000
4	770.61387509	-9.74E-013	-3.27E-013	0	0.00E+000
4	770.62776328	-3.60E-013	-7.75E-013	-1	0.00E+000
4	770.62816225	-7.75E-013	-4.63E-013	0	0.00E+000
4	770.63453911	-4.36E-013	-9.70E-013	-1	0.00E+000
4	770.63582182	-8.06E-013	-5.05E-013	0	0.00E+000
4	770.63853053	-5.05E-013	-9.53E-013	-1	0.00E+000
4	770.63907220	-9.53E-013	-5.23E-013	0	0.00E+000
4	770.65543300	-3.57E-013	-9.09E-013	-1	0.00E+000
4	770.65586706	-9.09E-013	-4.82E-013	0	0.00E+000
4	770.68392173	-5.21E-013	-9.89E-013	-1	0.00E+000
4	770.68625485	-1.03E-012	-4.86E-013	0	0.00E+000
4	770.72808738	-3.87E-013	-9.98E-013	-1	0.00E+000
4	770.72865228	-9.98E-013	-4.50E-013	0	0.00E+000
4	770.75416216	-3.75E-013	-8.65E-013	-1	0.00E+000
4	770.76409797	-9.20E-013	-3.72E-013	0	0.00E+000
4	770.77579724	-3.83E-013	-9.10E-013	-1	0.00E+000
4	770.77639857	-9.10E-013	-5.09E-013	0	0.00E+000
4	770.83703172	-4.46E-013	-8.45E-013	-1	0.00E+000
4	770.83960680	-8.71E-013	-4.28E-013	0	0.00E+000
4	770.84117131	-4.28E-013	-8.06E-013	-1	0.00E+000
4	770.84406883	-1.01E-012	-4.57E-013	0	0.00E+000
4	770.84704454	-4.45E-013	-8.14E-013	-1	0.00E+000
4	770.84921705	-8.14E-013	-3.82E-013	0	0.00E+000
4	770.85728409	-4.66E-013	-9.32E-013	-1	0.00E+000
4	770.85814294	-9.32E-013	-4.22E-013	0	0.00E+000
4	770.87922959	-4.48E-013	-9.52E-013	-1	0.00E+000
4	770.88031872	-9.52E-013	-4.22E-013	0	0.00E+000
4	770.95460857	-4.53E-013	-9.34E-013	-1	0.00E+000
4	770.95506591	-9.34E-013	-4.49E-013	0	0.00E+000
4	770.97457006	-4.55E-013	-7.25E-013	-1	0.00E+000
4	770.97575126	-7.25E-013	-3.78E-013	0	0.00E+000
4	770.98183799	-3.93E-013	-8.74E-013	-1	0.00E+000
4	770.98254012	-8.74E-013	-3.95E-013	0	0.00E+000
4	770.99289858	-3.66E-013	-8.58E-013	-1	0.00E+000
4	770.99381749	-8.58E-013	-4.22E-013	0	0.00E+000
4	771.00596779	-3.83E-013	-8.63E-013	-1	0.00E+000
4	771.00845480	-9.20E-013	-4.76E-013	0	0.00E+000
4	771.04002166	-4.71E-013	-9.89E-013	-1	0.00E+000
4	771.04221259	-9.78E-013	-3.84E-013	0	0.00E+000
4	771.04424317	-3.91E-013	-8.81E-013	-1	0.00E+000
4	771.04845117	-9.59E-013	-3.66E-013	0	0.00E+000
4	771.04863380	-3.66E-013	-7.44E-013	-1	0.00E+000
4	771.04896021	-7.44E-013	-3.66E-013	0	0.00E+000
4	771.05192294	-4.44E-013	-8.06E-013	-1	0.00E+000
4	771.05238628	-8.06E-013	-3.54E-013	0	0.00E+000
4	771.05377971	-3.54E-013	-9.55E-013	-1	0.00E+000
4	771.05452736	-9.55E-013	-4.48E-013	0	0.00E+000
4	771.05874827	-3.72E-013	-7.95E-013	-1	0.00E+000
4	771.05984169	-7.95E-013	-4.44E-013	0	0.00E+000
4	771.07713063	-4.52E-013	-8.55E-013	-1	0.00E+000
4	771.07897280	-7.11E-013	-3.78E-013	0	0.00E+000
4	771.11349165	-3.27E-013	-9.38E-013	-1	0.00E+000
4	771.11828737	-7.96E-013	-4.59E-013	0	0.00E+000
4	771.12503052	-4.59E-013	-8.07E-013	-1	0.00E+000
4	771.12700281	-8.97E-013	-4.17E-013	0	0.00E+000
4	771.15157973	-4.43E-013	-8.72E-013	-1	0.00E+000
4	771.15193256	-8.72E-013	-4.60E-013	0	0.00E+000
4	771.15261682	-4.60E-013	-7.87E-013	-1	0.00E+000
4	771.15303813	-7.87E-013	-5.44E-013	0	0.00E+000
4	771.15387013	-5.44E-013	-9.44E-013	-1	0.00E+000
4	771.15438551	-9.44E-013	-4.20E-013	0	0.00E+000
4	771.15797077	-4.03E-013	-1.04E-012	-1	0.00E+000
4	771.15925120	-1.04E-012	-4.04E-013	0	0.00E+000
4	771.15948052	-4.04E-013	-8.77E-013	-1	0.00E+000
4	771.16597380	-9.00E-013	-4.36E-013	0	0.00E+000
4	771.17682901	-3.65E-013	-9.00E-013	-1	0.00E+000
4	771.17801875	-9.00E-013	-4.37E-013	0	0.00E+000
4	771.17833663	-4.37E-013	-9.71E-013	-1	0.00E+000
4	771.17877556	-9.71E-013	-3.49E-013	0	0.00E+000
4	771.18097107	-3.46E-013	-8.13E-013	-1	0.00E+000
4	771.18512282	-8.33E-013	-4.41E-013	0	0.00E+000
4	771.18814837	-3.86E-013	-8.38E-013	-1	0.00E+000
4	771.19168822	-8.57E-013	-3.86E-013	0	0.00E+000
4	771.21585620	-4.03E-013	-7.57E-013	-1	0.00E+000
4	771.21829636	-8.58E-013	-3.58E-013	0	0.00E+000
4	771.24874998	-4.64E-013	-8.18E-013	-1	0.00E+000
4	771.25293139	-9.61E-013	-4.67E-013	0	0.00E+000
4	771.25701526	-3.70E-013	-7.96E-013	-1	0.00E+000
4	771.25941826	-8.64E-013	-4.18E-013	0	0.00E+000
4	771.28963108	-3.01E-013	-8.00E-013	-1	0.00E+000
4	771.29044009	-8.00E-013	-2.91E-013	0	0.00E+000
4	771.33584744	-4.37E-013	-9.19E-013	-1	0.00E+000
4	771.34224224	-8.31E-013	-3.79E-013	0	0.00E+000
4	771.34244699	-3.79E-013	-8.56E-013	-1	0.00E+000
4	771.34590585	-7.65E-013	-3.75E-013	0	0.00E+000
4	771.35366520	-3.67E-013	-7.85E-013	-1	0.00E+000
4	771.35649490	-8.18E-013	-3.61E-013	0	0.00E+000
4	771.37072202	-3.63E-013	-7.84E-013	-1	0.00E+000
4	771.37144797	-7.84E-013	-3.14E-013	0	0.00E+000
4	771.37337632	-3.14E-013	-7.10E-013	-1	0.00E+000
4	771.37373413	-7.10E-013	-4.62E-013	0	0.00E+000
4	771.37522931	-4.62E-013	-8.22E-013	-1	0.00E+000
4	771.38228051	-8.22E-013	-3.44E-013	0	0.00E+000
4	771.38784357	-3.66E-013	-7.27E-013	-1	0.00E+000
4	771.39048051	-7.27E-013	-3.01E-013	0	0.00E+000
4	771.39292606	-3.71E-013	-7.05E-013	-1	0.00E+000
4	771.39344489	-7.05E-013	-2.91E-013	0	0.00E+000
4	771.39527438	-3.75E-013	-7.88E-013	-1	0.00E+000
4	771.39667540	-7.88E-013	-3.61E-013	0	0.00E+000
4	771.39731643	-4.77E-013	-8.82E-013	-1	0.00E+000
4	771.40189767	-8.56E-013	-3.69E-013	0	0.00E+000
4	771.43324683	-4.05E-013	-8.97E-013	-1	0.00E+000
4	771.43656339	-8.32E-013	-4.03E-013	0	0.00E+000
4	771.44436128	-4.35E-013	-8.91E-013	-1	0.00E+000
4	771.45337087	-8.62E-013	-3.71E-013	0	0.00E+000
4	771.45739082	-3.91E-013	-8.36E-013	-1	0.00E+000
4	771.45844508	-8.36E-013	-4.02E-013	0	0.00E+000
4	771.45873340	-4.02E-013	-7.91E-013	-1	0.00E+000
4	771.45994756	-7.91E-013	-4.50E-013	0	0.00E+000
4	771.46053600	-4.50E-013	-7.79E-013	-1	0.00E+000
4	771.46102867	-7.79E-013	-3.94E-013	0	0.00E+000
4	771.51779611	-4.32E-013	-8.22E-013	-1	0.00E+000
4	771.51891864	-8.22E-013	-3.86E-013	0	0.00E+000
4	771.52070935	-3.64E-013	-7.99E-013	-1	0.00E+000
4	771.53704440	-8.51E-013	-4.91E-013	0	0.00E+000
4	771.53775429	-4.91E-013	-8.95E-013	-1	0.00E+000
4	771.53797124	-8.95E-013	-3.95E-013	0	0.00E+000
4	771.53855131	-3.95E-013	-8.95E-013	-1	0.00E+000
4	771.54564811	-8.95E-013	-4.64E-013	0	0.00E+000
4	771.55764208	-3.87E-013	-9.19E-013	-1	0.00E+000
4	771.56597331	-7.28E-013	-3.78E-013	0	0.00E+000
4	771.56712433	-3.78E-013	-9.80E-013	-1	0.00E+000
4	771.56807827	-9.80E-013	-3.33E-013	0	0.00E+000
4	771.57368675	-2.83E-013	-7.86E-013	-1	0.00E+000
4	771.58100904	-8.06E-013	-4.31E-013	0	0.00E+000
4	771.58585396	-3.92E-013	-8.26E-013	-1	0.00E+000
4	771.58630576	-8.26E-013	-4.08E-013	0	0.00E+000
4	771.59475466	-3.58E-013	-8.28E-013	-1	0.00E+000
4	771.59634685	-8.28E-013	-3.63E-013	0	0.00E+000
4	771.59663407	-3.63E-013	-7.58E-013	-1	0.00E+000
4	771.59774200	-7.58E-013	-4.27E-013	0	0.00E+000
4	771.62308375	-4.02E-013	-7.10E-013	-1	0.00E+000
4	771.62469016	-7.59E-013	-4.43E-013	0	0.00E+000
4	771.63591460	-3.87E-013	-9.00E-013	-1	0.00E+000
4	771.63652897	-8.50E-013	-4.30E-013	0	0.00E+000
4	771.64063384	-4.42E-013	-8.41E-013	-1	0.00E+000
4	771.64355633	-8.84E-013	-4.96E-013	0	0.00E+000
4	771.66552307	-5.22E-013	-1.00E-012	-1	0.00E+000
4	771.66736473	-9.93E-013	-5.14E-013	0	0.00E+000
4	771.71716658	-4.62E-013	-9.45E-013	-1	0.00E+000
4	771.72413244	-9.22E-013	-4.25E-013	0	0.00E+000
4	771.74268292	-4.45E-013	-7.81E-013	-1	0.00E+000
4	771.74451667	-8.27E-013	-4.21E-013	0	0.00E+000
4	771.77114769	-5.01E-013	-1.06E-012	-1	0.00E+000
4	771.77180389	-1.06E-012	-5.04E-013	0	0.00E+000
4	771.80622270	-4.18E-013	-7.86E-013	-1	0.00E+000
4	771.81261686	-7.93E-013	-3.95E-013	0	0.00E+000
4	771.81952361	-3.86E-013	-9.07E-013	-1	0.00E+000
4	771.82306425	-7.25E-013	-4.27E-013	0	0.00E+000
4	771.83414718	-3.41E-013	-8.51E-013	-1	0.00E+000
4	771.83645808	-8.98E-013	-3.60E-013	0	0.00E+000
4	771.83668050	-3.60E-013	-8.65E-013	-1	0.00E+000
4	771.84036200	-9.59E-013	-3.97E-013	0	0.00E+000
4	771.84145102	-3.97E-013	-7.66E-013	-1	0.00E+000
4	771.84342849	-7.85E-013	-3.66E-013	0	0.00E+000
4	771.86674437	-3.58E-013	-8.28E-013	-1	0.00E+000
4	771.87233374	-8.28E-013	-3.75E-013	0	0.00E+000
4	771.87382843	-3.75E-013	-7.97E-013	-1	0.00E+000
4	771.87448757	-7.97E-013	-3.89E-013	0	0.00E+000
4	771.87699027	-3.88E-013	-8.72E-013	-1	0.00E+000
4	771.88326753	-7.43E-013	-4.59E-013	0	0.00E+000
4	771.89658279	-3.38E-013	-9.46E-013	-1	0.00E+000
4	771.90123423	-8.26E-013	-4.83E-013	0	0.00E+000
4	771.92200360	-6.14E-013	-9.91E-013	-1	0.00E+000
4	771.92503050	-9.91E-013	-5.42E-013	0	0.00E+000
4	771.92526798	-5.42E-013	-1.08E-012	-1	0.00E+000
4	771.92591123	-1.08E-012	-5.43E-013	0	0.00E+000
4	771.93196326	-6.02E-013	-9.32E-013	-1	0.00E+000
4	771.93397917	-9.09E-013	-4.68E-013	0	0.00E+000
4	771.94061170	-4.15E-013	-8.57E-013	-1	0.00E+000
4	771.94186519	-8.57E-013	-4.69E-013	0	0.00E+000
4	771.94563050	-4.69E-013	-9.55E-013	-1	0.00E+000
4	771.94942231	-7.49E-013	-3.55E-013	0	0.00E+000
4	771.95238091	-4.21E-013	-8.74E-013	-1	0.00E+000
4	771.95438050	-8.74E-013	-4.18E-013	0	0.00E+000
4	771.96378844	-4.60E-013	-1.01E-012	-1	0.00E+000
4	771.96475249	-1.01E-012	-3.32E-013	0	0.00E+000
4	771.98705767	-4.30E-013	-9.77E-013	-1	0.00E+000
4	771.99202278	-8.37E-013	-4.41E-013	0	0.00E+000
4	771.99311207	-4.41E-013	-8.38E-013	-1	0.00E+000
4	771.99947038	-9.98E-013	-3.93E-013	0	0.00E+000
4	772.00854840	-4.06E-013	-9.19E-013	-1	0.00E+000
4	772.01421728	-1.01E-012	-4.95E-013	0	0.00E+000
4	772.03180948	-5.54E-013	-8.22E-013	-1	0.00E+000
4	772.03479403	-8.31E-013	-5.35E-013	0	0.00E+000
4	772.04137612	-4.88E-013	-1.06E-012	-1	0.00E+000
4	772.05681236	-8.61E-013	-4.26E-013	0	0.00E+000
4	772.05739576	-4.79E-013	-9.45E-013	-1	0.00E+000
4	772.05996882	-9.58E-013	-4.40E-013	0	0.00E+000
4	772.06579911	-4.87E-013	-8.92E-013	-1	0.00E+000
4	772.07084135	-8.14E-013	-4.03E-013	0	0.00E+000
4	772.07108050	-4.03E-013	-7.99E-013	-1	0.00E+000
4	772.07256445	-7.99E-013	-4.95E-013	0	0.00E+000
4	772.10567118	-3.19E-013	-1.07E-012	-1	0.00E+000
4	772.11279318	-1.07E-012	-3.80E-013	0	0.00E+000
4	772.11522633	-3.80E-013	-1.11E-012	-1	0.00E+000
4	772.11750570	-8.63E-013	-3.61E-013	0	0.00E+000
4	772.14491358	-3.93E-013	-8.64E-013	-1	0.00E+000
4	772.14739076	-8.95E-013	-4.07E-013	0	0.00E+000
4	772.14763049	-4.07E-013	-7.87E-013	-1	0.00E+000
4	772.14794655	-7.87E-013	-4.07E-013	0	0.00E+000
4	772.16250598	-3.46E-013	-9.24E-013	-1	0.00E+000
4	772.17425289	-9.24E-013	-3.32E-013	0	0.00E+000
4	772.20140659	-2.98E-013	-7.57E-013	-1	0.00E+000
4	772.20587870	-8.11E-013	-4.44E-013	0	0.00E+000
4	772.20766538	-4.41E-013	-8.26E-013	-1	0.00E+000
4	772.21073356	-8.69E-013	-4.84E-013	0	0.00E+000
4	772.21548049	-4.84E-013	-8.74E-013	-1	0.00E+000
4	772.21865649	-7.99E-013	-3.86E-013	0	0.00E+000
4	772.22832786	-3.86E-013	-8.20E-013	-1	0.00E+000
4	772.24122726	-7.37E-013	-3.97E-013	0	0.00E+000
4	772.25205451	-3.75E-013	-6.71E-013	-1	0.00E+000
4	772.25519555	-6.71E-013	-3.27E-013	0	0.00E+000
4	772.28197469	-3.63E-013	-8.71E-013	-1	0.00E+000
4	772.29066946	-8.71E-013	-4.04E-013	0	0.00E+000
4	772.30385175	-3.76E-013	-7.89E-013	-1	0.00E+000
4	772.30784341	-7.89E-013	-3.86E-013	0	0.00E+000
4	772.31989741	-3.86E-013	-9.59E-013	-1	0.00E+000
4	772.32252684	-7.57E-013	-4.32E-013	0	0.00E+000
4	772.33205583	-4.23E-013	-7.91E-013	-1	0.00E+000
4	772.33452063	-8.25E-013	-4.45E-013	0	0.00E+000
4	772.34439371	-4.45E-013	-7.13E-013	-1	0.00E+000
4	772.35178049	-7.13E-013	-4.65E-013	0	0.00E+000
4	772.35738049	-4.65E-013	-8.06E-013	-1	0.00E+000
4	772.35770605	-8.06E-013	-4.37E-013	0	0.00E+000
4	772.36047360	-5.12E-013	-8.04E-013	-1	0.00E+000
4	772.36149705	-8.04E-013	-4.80E-013	0	0.00E+000
4	772.40508139	-6.32E-013	-1.05E-012	-1	0.00E+000
4	772.40703411	-1.17E-012	-6.00E-013	0	0.00E+000
4	772.59279329	-4.19E-013	-9.74E-013	-1	0.00E+000
4	772.59466147	-8.15E-013	-4.73E-013	0	0.00E+000
4	772.65339395	-3.74E-013	-7.64E-013	-1	0.00E+000
4	772.65818048	-7.64E-013	-3.50E-013	0	0.00E+000
4	772.65858720	-3.50E-013	-7.79E-013	-1	0.00E+000
4	772.65958220	-7.79E-013	-3.72E-013	0	0.00E+000
4	772.71295033	-3.93E-013	-8.09E-013	-1	0.00E+000
4	772.71813048	-8.09E-013	-4.84E-013	0	0.00E+000
4	772.72483392	-4.84E-013	-9.12E-013	-1	0.00E+000
4	772.72653046	-9.12E-013	-4.11E-013	0	0.00E+000
4	772.73489400	-4.01E-013	-9.18E-013	-1	0.00E+000
4	772.73884233	-9.18E-013	-4.52E-013	0	0.00E+000
4	772.74138908	-4.79E-013	-9.81E-013	-1	0.00E+000
4	772.74625661	-9.81E-013	-3.41E-013	0	0.00E+000
4	772.74763188	-3.48E-013	-8.72E-013	-1	0.00E+000
4	772.75313500	-8.46E-013	-4.51E-013	0	0.00E+000
4	772.78949673	-3.75E-013	-7.71E-013	-1	0.00E+000
4	772.79031692	-7.71E-013	-3.41E-013	0	0.00E+000
4	772.79386637	-3.17E-013	-7.08E-013	-1	0.00E+000
4	772.79428934	-7.08E-013	-3.35E-013	0	0.00E+000
4	772.79664263	-2.76E-013	-7.21E-013	-1	0.00E+000
4	772.79753612	-7.21E-013	-4.04E-013	0	0.00E+000
4	772.84373392	-4.50E-013	-8.97E-013	-1	0.00E+000
4	772.85217812	-9.03E-013	-4.66E-013	0	0.00E+000
4	772.86007335	-4.42E-013	-9.65E-013	-1	0.00E+000
4	772.86435428	-9.42E-013	-4.17E-013	0	0.00E+000
4	772.87568260	-4.17E-013	-8.02E-013	-1	0.00E+000
4	772.89161494	-7.95E-013	-4.19E-013	0	0.00E+000
4	772.89771961	-4.50E-013	-7.52E-013	-1	0.00E+000
4	772.89865448	-7.52E-013	-3.90E-013	0	0.00E+000
4	772.90376072	-4.06E-013	-9.56E-013	-1	0.00E+000
4	772.90511231	-9.56E-013	-3.88E-013	0	0.00E+000
4	772.91971252	-3.76E-013	-9.49E-013	-1	0.00E+000
4	772.92576276	-9.36E-013	-3.83E-013	0	0.00E+000
4	772.92602851	-3.83E-013	-1.06E-012	-1	0.00E+000
4	772.92773770	-1.06E-012	-3.76E-013	0	0.00E+000
4	772.94013874	-3.88E-013	-8.39E-013	-1	0.00E+000
4	772.94166790	-8.39E-013	-4.10E-013	0	0.00E+000
4	772.95516417	-5.33E-013	-8.56E-013	-1	0.00E+000
4	772.95702470	-8.56E-013	-3.33E-013	0	0.00E+000
4	772.96131115	-3.69E-013	-7.66E-013	-1	0.00E+000
4	772.96161564	-7.66E-013	-4.75E-013	0	0.00E+000
4	772.96540459	-4.20E-013	-1.08E-012	-1	0.00E+000
4	772.97204256	-8.80E-013	-4.18E-013	0	0.00E+000
4	772.97234580	-4.18E-013	-9.08E-013	-1	0.00E+000
4	772.97305987	-9.08E-013	-3.56E-013	0	0.00E+000
4	772.97328250	-3.56E-013	-8.25E-013	-1	0.00E+000
4	772.97386462	-8.25E-013	-3.62E-013	0	0.00E+000
4	772.97608093	-4.23E-013	-7.97E-013	-1	0.00E+000
4	772.97674269	-7.97E-013	-4.34E-013	0	0.00E+000
4	772.98049947	-3.80E-013	-7.63E-013	-1	0.00E+000
4	772.98102053	-7.77E-013	-4.41E-013	0	0.00E+000
4	773.01334276	-3.76E-013	-8.37E-013	-1	0.00E+000
4	773.01598439	-7.60E-013	-3.90E-013	0	0.00E+000
4	773.01887039	-3.32E-013	-8.01E-013	-1	0.00E+000
4	773.02046262	-8.52E-013	-3.44E-013	0	0.00E+000
4	773.03176682	-4.20E-013	-7.99E-013	-1	0.00E+000
4	773.03875924	-7.95E-013	-3.29E-013	0	0.00E+000
4	773.03898047	-3.29E-013	-7.98E-013	-1	0.00E+000
4	773.03958537	-7.98E-013	-3.76E-013	0	0.00E+000
4	773.07380495	-3.99E-013	-7.49E-013	-1	0.00E+000
4	773.07475198	-7.49E-013	-3.89E-013	0	0.00E+000
4	773.07652539	-3.89E-013	-8.85E-013	-1	0.00E+000
4	773.07887564	-8.82E-013	-4.33E-013	0	0.00E+000
4	773.14404204	-3.73E-013	-7.66E-013	-1	0.00E+000
4	773.14666635	-9.07E-013	-3.44E-013	0	0.00E+000
4	773.15097852	-4.60E-013	-7.73E-013	-1	0.00E+000
4	773.15401939	-8.21E-013	-3.59E-013	0	0.00E+000
4	773.16401287	-3.82E-013	-7.46E-013	-1	0.00E+000
4	773.16525891	-7.46E-013	-3.55E-013	0	0.00E+000
4	773.16729484	-3.55E-013	-7.65E-013	-1	0.00E+000
4	773.16928047	-7.65E-013	-4.04E-013	0	0.00E+000
4	773.17672867	-4.31E-013	-8.07E-013	-1	0.00E+000
4	773.17839934	-8.38E-013	-3.38E-013	0	0.00E+000
4	773.18668084	-3.78E-013	-8.90E-013	-1	0.00E+000
4	773.18766691	-8.90E-013	-3.55E-013	0	0.00E+000
4	773.18821123	-3.55E-013	-8.78E-013	-1	0.00E+000
4	773.18972429	-8.78E-013	-3.54E-013	0	0.00E+000
4	773.20821043	-3.30E-013	-9.17E-013	-1	0.00E+000
4	773.21344871	-8.18E-013	-4.15E-013	0	0.00E+000
4	773.21538059	-4.08E-013	-7.55E-013	-1	0.00E+000
4	773.21670473	-7.55E-013	-4.51E-013	0	0.00E+000
4	773.22734156	-4.51E-013	-8.42E-013	-1	0.00E+000
4	773.22991555	-7.65E-013	-3.17E-013	0	0.00E+000
4	773.24528135	-3.77E-013	-7.00E-013	-1	0.00E+000
4	773.24886134	-7.00E-013	-3.79E-013	0	0.00E+000
4	773.25012335	-3.79E-013	-8.02E-013	-1	0.00E+000
4	773.26349034	-8.02E-013	-4.09E-013	0	0.00E+000
4	773.28141082	-4.40E-013	-7.78E-013	-1	0.00E+000
4	773.28465668	-7.41E-013	-3.70E-013	0	0.00E+000
4	773.31349660	-3.48E-013	-7.26E-013	-1	0.00E+000
4	773.31668046	-7.26E-013	-3.31E-013	0	0.00E+000
4	773.31688046	-3.31E-013	-8.19E-013	-1	0.00E+000
4	773.31908442	-8.50E-013	-4.38E-013	0	0.00E+000
4	773.31938157	-4.38E-013	-7.19E-013	-1	0.00E+000
4	773.32106988	-7.19E-013	-3.81E-013	0	0.00E+000
4	773.34003375	-3.53E-013	-8.46E-013	-1	0.00E+000
4	773.34193978	-7.72E-013	-3.88E-013	0	0.00E+000
4	773.38046768	-4.43E-013	-8.46E-013	-1	0.00E+000
4	773.38492394	-7.75E-013	-3.95E-013	0	0.00E+000
4	773.46391569	-3.97E-013	-7.08E-013	-1	0.00E+000
4	773.46758046	-7.08E-013	-4.07E-013	0	0.00E+000
4	773.47432113	-3.19E-013	-7.59E-013	-1	0.00E+000
4	773.47503734	-7.59E-013	-2.80E-013	0	0.00E+000
4	773.47543564	-2.80E-013	-7.98E-013	-1	0.00E+000
4	773.47709080	-7.98E-013	-2.80E-013	0	0.00E+000
4	773.48332294	-4.12E-013	-8.75E-013	-1	0.00E+000
4	773.48445132	-8.75E-013	-3.97E-013	0	0.00E+000
4	773.48495351	-3.97E-013	-8.27E-013	-1	0.00E+000
4	773.48708793	-8.12E-013	-3.58E-013	0	0.00E+000
4	773.49154790	-3.55E-013	-8.57E-013	-1	0.00E+000
4	773.49829490	-9.08E-013	-2.78E-013	0	0.00E+000
4	773.51455324	-4.44E-013	-8.80E-013	-1	0.00E+000
4	773.52787890	-1.02E-012	-3.52E-013	0	0.00E+000
4	773.52871855	-3.52E-013	-8.73E-013	-1	0.00E+000
4	773.53033333	-8.71E-013	-4.46E-013	0	0.00E+000
4	773.53058046	-4.46E-013	-8.02E-013	-1	0.00E+000
4	773.53086755	-8.02E-013	-4.46E-013	0	0.00E+000
4	773.53218415	-4.46E-013	-7.92E-013	-1	0.00E+000
4	773.53719237	-8.36E-013	-2.94E-013	0	0.00E+000
4	773.53908049	-3.97E-013	-9.22E-013	-1	0.00E+000
4	773.53976050	-9.22E-013	-3.42E-013	0	0.00E+000
4	773.53998046	-3.42E-013	-7.95E-013	-1	0.00E+000
4	773.54078600	-7.95E-013	-3.49E-013	0	0.00E+000
4	773.54371184	-4.04E-013	-8.58E-013	-1	0.00E+000
4	773.54955191	-8.17E-013	-4.18E-013	0	0.00E+000
4	773.56832644	-3.34E-013	-8.00E-013	-1	0.00E+000
4	773.56935602	-8.62E-013	-3.42E-013	0	0.00E+000
4	773.56958046	-3.42E-013	-7.17E-013	-1	0.00E+000
4	773.57372838	-7.00E-013	-2.97E-013	0	0.00E+000
4	773.57928170	-3.50E-013	-7.81E-013	-1	0.00E+000
4	773.58708046	-7.81E-013	-3.59E-013	0	0.00E+000
4	773.58820825	-3.59E-013	-8.21E-013	-1	0.00E+000
4	773.58870882	-8.32E-013	-3.65E-013	0	0.00E+000
4	773.58893046	-3.65E-013	-7.33E-013	-1	0.00E+000
4	773.59419921	-7.48E-013	-3.40E-013	0	0.00E+000
4	773.65872405	-4.91E-013	-1.09E-012	-1	0.00E+000
4	773.66065490	-1.10E-012	-4.28E-013	0	0.00E+000
4	773.66116603	-4.81E-013	-1.02E-012	-1	0.00E+000
4	773.66139487	-1.02E-012	-4.32E-013	0	0.00E+000
4	773.66197836	-4.35E-013	-1.02E-012	-1	0.00E+000
4	773.66273145	-1.02E-012	-4.27E-013	0	0.00E+000
4	773.66356825	-4.62E-013	-9.44E-013	-1	0.00E+000
4	773.66390951	-9.44E-013	-4.34E-013	0	0.00E+000
4	773.66413046	-4.34E-013	-9.28E-013	-1	0.00E+000
4	773.66521430	-9.28E-013	-5.49E-013	0	0.00E+000
4	773.66582706	-5.49E-013	-9.27E-013	-1	0.00E+000
4	773.66851167	-1.02E-012	-5.44E-013	0	0.00E+000
4	773.67598046	-5.44E-013	-8.50E-013	-1	0.00E+000
4	773.67632488	-8.50E-013	-4.19E-013	0	0.00E+000
4	773.68133650	-3.33E-013	-9.02E-013	-1	0.00E+000
4	773.68498198	-7.63E-013	-4.22E-013	0	0.00E+000
4	773.77864175	-3.46E-013	-9.37E-013	-1	0.00E+000
4	773.78190176	-9.37E-013	-3.63E-013	0	0.00E+000
4	773.80805678	-3.78E-013	-8.69E-013	-1	0.00E+000
4	773.80943303	-8.69E-013	-4.04E-013	0	0.00E+000
4	773.81027403	-4.04E-013	-9.12E-013	-1	0.00E+000
4	773.81106773	-9.12E-013	-4.08E-013	0	0.00E+000
4	773.81646424	-3.34E-013	-8.58E-013	-1	0.00E+000
4	773.82092832	-7.83E-013	-3.57E-013	0	0.00E+000
4	773.82524723	-4.06E-013	-9.69E-013	-1	0.00E+000
4	773.82572798	-9.69E-013	-3.23E-013	0	0.00E+000
4	773.82733233	-3.23E-013	-8.06E-013	-1	0.00E+000
4	773.82782515	-8.06E-013	-4.42E-013	0	0.00E+000
4	773.83058937	-3.19E-013	-8.88E-013	-1	0.00E+000
4	773.83181322	-8.88E-013	-4.56E-013	0	0.00E+000
4	773.84852655	-3.67E-013	-8.31E-013	-1	0.00E+000
4	773.84895981	-8.31E-013	-4.03E-013	0	0.00E+000
4	773.84976720	-4.03E-013	-8.11E-013	-1	0.00E+000
4	773.85038856	-8.11E-013	-3.88E-013	0	0.00E+000
4	773.86543056	-3.73E-013	-9.34E-013	-1	0.00E+000
4	773.86785901	-1.00E-012	-4.23E-013	0	0.00E+000
4	773.88587372	-3.56E-013	-7.89E-013	-1	0.00E+000
4	773.88924684	-8.15E-013	-3.92E-013	0	0.00E+000
4	773.89009960	-3.92E-013	-7.75E-013	-1	0.00E+000
4	773.89057318	-7.75E-013	-4.18E-013	0	0.00E+000
4	773.89208036	-4.18E-013	-9.28E-013	-1	0.00E+000
4	773.90196721	-9.28E-013	-3.69E-013	0	0.00E+000
4	773.90657391	-4.48E-013	-9.21E-013	-1	0.00E+000
4	773.91026031	-7.88E-013	-4.45E-013	0	0.00E+000
4	773.93103065	-4.02E-013	-9.22E-013	-1	0.00E+000
4	773.93154878	-9.22E-013	-4.81E-013	0	0.00E+000
4	774.00275288	-5.56E-013	-1.14E-012	-1	0.00E+000
4	774.01308820	-9.64E-013	-4.35E-013	0	0.00E+000
4	774.01563035	-5.26E-013	-9.02E-013	-1	0.00E+000
4	774.01730855	-9.02E-013	-3.22E-013	0	0.00E+000
4	774.02237813	-3.64E-013	-7.83E-013	-1	0.00E+000
4	774.03593045	-7.83E-013	-4.11E-013	0	0.00E+000
4	774.04846680	-3.43E-013	-7.44E-013	-1	0.00E+000
4	774.04887705	-7.44E-013	-4.85E-013	0	0.00E+000
4	774.08819070	-3.67E-013	-7.59E-013	-1	0.00E+000
4	774.08845067	-7.59E-013	-4.41E-013	0	0.00E+000
4	774.09177585	-4.09E-013	-7.04E-013	-1	0.00E+000
4	774.09704307	-7.04E-013	-3.91E-013	0	0.00E+000
4	774.10072174	-3.14E-013	-8.69E-013	-1	0.00E+000
4	774.10150156	-8.69E-013	-3.83E-013	0	0.00E+000
4	774.10687485	-3.81E-013	-8.63E-013	-1	0.00E+000
4	774.10848340	-8.63E-013	-4.05E-013	0	0.00E+000
4	774.11262416	-3.59E-013	-7.17E-013	-1	0.00E+000
4	774.11469702	-8.35E-013	-3.91E-013	0	0.00E+000
4	774.12137635	-4.01E-013	-9.68E-013	-1	0.00E+000
4	774.12296071	-9.68E-013	-2.81E-013	0	0.00E+000
4	774.13869000	-2.87E-013	-9.68E-013	-1	0.00E+000
4	774.14016142	-9.68E-013	-3.37E-013	0	0.00E+000
4	774.23078630	-4.44E-013	-8.94E-013	-1	0.00E+000
4	774.23477203	-7.60E-013	-2.96E-013	0	0.00E+000
4	774.23900516	-4.14E-013	-8.62E-013	-1	0.00E+000
4	774.24389376	-8.62E-013	-3.85E-013	0	0.00E+000
4	774.24523214	-3.85E-013	-7.99E-013	-1	0.00E+000
4	774.24969410	-8.53E-013	-3.51E-013	0	0.00E+000
4	774.25100712	-3.51E-013	-9.57E-013	-1	0.00E+000
4	774.25195488	-9.57E-013	-4.33E-013	0	0.00E+000
4	774.25814414	-3.93E-013	-8.32E-013	-1	0.00E+000
4	774.26259879	-8.49E-013	-3.30E-013	0	0.00E+000
4	774.26480825	-4.06E-013	-7.73E-013	-1	0.00E+000
4	774.27264263	-8.03E-013	-3.61E-013	0	0.00E+000
4	774.28103854	-3.58E-013	-9.32E-013	-1	0.00E+000
4	774.28282944	-9.52E-013	-3.74E-013	0	0.00E+000
4	774.28999113	-3.80E-013	-8.03E-013	-1	0.00E+000
4	774.30616689	-7.87E-013	-3.91E-013	0	0.00E+000
4	774.31504337	-4.70E-013	-8.34E-013	-1	0.00E+000
4	774.31945341	-7.49E-013	-3.68E-013	0	0.00E+000
4	774.31968044	-3.68E-013	-7.05E-013	-1	0.00E+000
4	774.32033941	-7.05E-013	-2.56E-013	0	0.00E+000
4	774.33938972	-4.44E-013	-9.51E-013	-1	0.00E+000
4	774.34401142	-1.12E-012	-3.35E-013	0	0.00E+000
4	774.41576003	-5.62E-013	-1.21E-012	-1	0.00E+000
4	774.41860555	-1.04E-012	-6.67E-013	0	0.00E+000
4	774.50478071	-5.94E-013	-1.10E-012	-1	0.00E+000
4	774.50621773	-1.10E-012	-5.90E-013	0	0.00E+000
4	774.51057709	-6.13E-013	-1.02E-012	-1	0.00E+000
4	774.51599206	-1.05E-012	-6.55E-013	0	0.00E+000
4	774.52157774	-6.70E-013	-9.27E-013	-1	0.00E+000
4	774.52723043	-9.27E-013	-5.44E-013	0	0.00E+000
4	774.52965359	-5.44E-013	-1.06E-012	-1	0.00E+000
4	774.53047322	-1.06E-012	-6.17E-013	0	0.00E+000
4	774.53319601	-5.94E-013	-1.15E-012	-1	0.00E+000
4	774.53425262	-1.15E-012	-6.97E-013	0	0.00E+000
4	775.04094657	-4.33E-013	-1.05E-012	-1	0.00E+000
4	775.04439345	-9.06E-013	-4.29E-013	0	0.00E+000
4	775.06996563	-4.09E-013	-9.44E-013	-1	0.00E+000
4	775.07066521	-9.44E-013	-5.41E-013	0	0.00E+000
4	775.07412647	-5.87E-013	-9.06E-013	-1	0.00E+000
4	775.07668042	-9.06E-013	-4.16E-013	0	0.00E+000
4	775.16120662	-4.47E-013	-8.57E-013	-1	0.00E+000
4	775.16441023	-8.57E-013	-4.14E-013	0	0.00E+000
4	775.16558506	-4.14E-013	-7.69E-013	-1	0.00E+000
4	775.16820681	-8.36E-013	-3.57E-013	0	0.00E+000
4	775.20542780	-4.84E-013	-1.20E-012	-1	0.00E+000
4	775.20797048	-1.20E-012	-6.61E-013	0	0.00E+000
4	775.21662793	-6.73E-013	-1.18E-012	-1	0.00E+000
4	775.21787175	-1.18E-012	-7.21E-013	0	0.00E+000
4	775.21955105	-7.21E-013	-1.19E-012	-1	0.00E+000
4	775.22201126	-1.01E-012	-5.67E-013	0	0.00E+000
4	775.27167696	-4.01E-013	-9.86E-013	-1	0.00E+000
4	775.27744413	-8.77E-013	-4.19E-013	0	0.00E+000
4	775.29141300	-3.31E-013	-7.75E-013	-1	0.00E+000
4	775.29192599	-7.75E-013	-4.03E-013	0	0.00E+000
4	775.31200205	-5.23E-013	-1.06E-012	-1	0.00E+000
4	775.31908772	-1.01E-012	-5.38E-013	0	0.00E+000
4	775.32820072	-5.35E-013	-1.03E-012	-1	0.00E+000
4	775.33125244	-1.08E-012	-5.37E-013	0	0.00E+000
4	775.33162216	-5.37E-013	-9.78E-013	-1	0.00E+000
4	775.33608198	-9.03E-013	-4.88E-013	0	0.00E+000
4	775.36393041	-3.85E-013	-7.71E-013	-1	0.00E+000
4	775.36628041	-7.71E-013	-4.64E-013	0	0.00E+000
4	775.36745025	-4.64E-013	-8.36E-013	-1	0.00E+000
4	775.36909005	-8.36E-013	-4.19E-013	0	0.00E+000
4	775.36977742	-4.19E-013	-9.88E-013	-1	0.00E+000
4	775.37046460	-9.88E-013	-4.71E-013	0	0.00E+000
4	775.37124038	-4.71E-013	-8.42E-013	-1	0.00E+000
4	775.37915894	-8.61E-013	-4.53E-013	0	0.00E+000
4	775.38031176	-4.53E-013	-8.22E-013	-1	0.00E+000
4	775.38618041	-8.22E-013	-3.51E-013	0	0.00E+000
4	775.39637888	-3.95E-013	-9.42E-013	-1	0.00E+000
4	775.39998856	-9.22E-013	-4.87E-013	0	0.00E+000
4	775.40503904	-4.13E-013	-8.39E-013	-1	0.00E+000
4	775.40923340	-8.39E-013	-3.83E-013	0	0.00E+000
4	775.42490445	-4.30E-013	-8.56E-013	-1	0.00E+000
4	775.42802344	-9.40E-013	-2.89E-013	0	0.00E+000
4	775.46077448	-4.80E-013	-8.92E-013	-1	0.00E+000
4	775.46151230	-8.92E-013	-4.52E-013	0	0.00E+000
4	775.48128808	-4.68E-013	-9.18E-013	-1	0.00E+000
4	775.48418636	-1.03E-012	-4.08E-013	0	0.00E+000
4	775.48469474	-4.08E-013	-8.93E-013	-1	0.00E+000
4	775.48804069	-9.97E-013	-5.86E-013	0	0.00E+000
4	775.49562509	-5.72E-013	-9.38E-013	-1	0.00E+000
4	775.49684575	-9.38E-013	-5.33E-013	0	0.00E+000
4	775.52983041	-5.33E-013	-9.92E-013	-1	0.00E+000
4	775.53666177	-9.92E-013	-5.38E-013	0	0.00E+000
4	775.55949529	-4.10E-013	-8.76E-013	-1	0.00E+000
4	775.56420281	-7.49E-013	-4.33E-013	0	0.00E+000
4	775.56591863	-4.33E-013	-9.35E-013	-1	0.00E+000
4	775.56725259	-9.35E-013	-4.18E-013	0	0.00E+000
4	775.57150634	-4.81E-013	-8.31E-013	-1	0.00E+000
4	775.58027420	-1.07E-012	-4.64E-013	0	0.00E+000
4	775.66921175	-5.54E-013	-1.01E-012	-1	0.00E+000
4	775.66981351	-1.01E-012	-5.09E-013	0	0.00E+000
4	775.67253370	-5.36E-013	-1.14E-012	-1	0.00E+000
4	775.67397409	-1.14E-012	-5.30E-013	0	0.00E+000
4	775.67478974	-7.15E-013	-1.09E-012	-1	0.00E+000
4	775.67786074	-1.17E-012	-7.17E-013	0	0.00E+000
4	775.69209619	-4.44E-013	-9.67E-013	-1	0.00E+000
4	775.69401685	-9.67E-013	-4.55E-013	0	0.00E+000
4	775.73052934	-5.25E-013	-1.00E-012	-1	0.00E+000
4	775.73119164	-1.00E-012	-4.91E-013	0	0.00E+000
4	775.73319730	-3.55E-013	-8.82E-013	-1	0.00E+000
4	775.74034240	-8.45E-013	-4.36E-013	0	0.00E+000
4	775.74086076	-4.49E-013	-7.97E-013	-1	0.00E+000
4	775.74122087	-7.97E-013	-4.31E-013	0	0.00E+000
4	775.78579026	-4.41E-013	-9.06E-013	-1	0.00E+000
4	775.78824640	-8.96E-013	-4.32E-013	0	0.00E+000
4	775.78858718	-4.32E-013	-9.54E-013	-1	0.00E+000
4	775.79080400	-7.89E-013	-4.48E-013	0	0.00E+000
4	775.79391103	-5.09E-013	-8.47E-013	-1	0.00E+000
4	775.79447329	-8.47E-013	-4.51E-013	0	0.00E+000
4	775.82019771	-3.98E-013	-9.08E-013	-1	0.00E+000
4	775.82522385	-8.51E-013	-4.60E-013	0	0.00E+000
4	775.83437410	-3.88E-013	-9.98E-013	-1	0.00E+000
4	775.83965532	-9.32E-013	-3.69E-013	0	0.00E+000
4	775.86541895	-3.90E-013	-1.00E-012	-1	0.00E+000
4	775.86601345	-1.00E-012	-5.35E-013	0	0.00E+000
4	775.93803363	-5.01E-013	-9.75E-013	-1	0.00E+000
4	775.94172610	-8.81E-013	-5.00E-013	0	0.00E+000
4	775.94268648	-5.00E-013	-1.02E-012	-1	0.00E+000
4	775.94807987	-8.79E-013	-4.75E-013	0	0.00E+000
4	775.97060640	-4.96E-013	-1.09E-012	-1	0.00E+000
4	775.97641075	-9.31E-013	-4.69E-013	0	0.00E+000
4	775.97683062	-4.69E-013	-9.49E-013	-1	0.00E+000
4	775.97794667	-9.49E-013	-4.34E-013	0	0.00E+000
4	775.97997999	-4.28E-013	-8.79E-013	-1	0.00E+000
4	775.98046599	-8.79E-013	-4.72E-013	0	0.00E+000
4	776.00170071	-5.42E-013	-9.09E-013	-1	0.00E+000
4	776.00598040	-9.09E-013	-4.76E-013	0	0.00E+000
4	776.00618040	-4.76E-013	-8.97E-013	-1	0.00E+000
4	776.00955430	-9.51E-013	-4.50E-013	0	0.00E+000
4	776.01734243	-4.40E-013	-8.94E-013	-1	0.00E+000
4	776.01782956	-8.94E-013	-5.45E-013	0	0.00E+000
4	776.02284568	-5.71E-013	-1.14E-012	-1	0.00E+000
4	776.02342680	-1.14E-012	-5.80E-013	0	0.00E+000
4	776.02728443	-5.51E-013	-9.35E-013	-1	0.00E+000
4	776.02904171	-9.35E-013	-5.54E-013	0	0.00E+000
4	776.03472592	-5.58E-013	-9.76E-013	-1	0.00E+000
4	776.03794818	-8.98E-013	-4.20E-013	0	0.00E+000
4	776.03852500	-4.94E-013	-9.99E-013	-1	0.00E+000
4	776.04310320	-8.46E-013	-5.38E-013	0	0.00E+000
4	776.04488040	-5.38E-013	-8.35E-013	-1	0.00E+000
4	776.05103878	-8.46E-013	-4.31E-013	0	0.00E+000
4	776.05166753	-4.31E-013	-7.96E-013	-1	0.00E+000
4	776.05270488	-7.96E-013	-4.28E-013	0	0.00E+000
4	776.05316963	-4.28E-013	-8.24E-013	-1	0.00E+000
4	776.05632303	-9.93E-013	-4.29E-013	0	0.00E+000
4	776.05746453	-4.29E-013	-8.97E-013	-1	0.00E+000
4	776.05813033	-8.97E-013	-4.40E-013	0	0.00E+000
4	776.05858155	-4.40E-013	-8.31E-013	-1	0.00E+000
4	776.06068804	-8.04E-013	-4.76E-013	0	0.00E+000
4	776.06488788	-4.65E-013	-9.97E-013	-1	0.00E+000
4	776.06546194	-9.97E-013	-4.82E-013	0	0.00E+000
4	776.06641334	-4.82E-013	-8.45E-013	-1	0.00E+000
4	776.07226367	-8.41E-013	-3.57E-013	0	0.00E+000
4	776.07705179	-3.57E-013	-8.85E-013	-1	0.00E+000
4	776.07800399	-8.85E-013	-4.12E-013	0	0.00E+000
4	776.09067441	-4.82E-013	-9.10E-013	-1	0.00E+000
4	776.09260750	-9.01E-013	-3.87E-013	0	0.00E+000
4	776.11997356	-4.33E-013	-9.11E-013	-1	0.00E+000
4	776.12446547	-9.42E-013	-4.68E-013	0	0.00E+000
4	776.12567577	-4.68E-013	-8.59E-013	-1	0.00E+000
4	776.13738039	-8.59E-013	-4.86E-013	0	0.00E+000
4	776.14706097	-4.74E-013	-9.04E-013	-1	0.00E+000
4	776.14854120	-9.04E-013	-3.65E-013	0	0.00E+000
4	776.15212414	-4.53E-013	-9.45E-013	-1	0.00E+000
4	776.15447606	-7.15E-013	-4.54E-013	0	0.00E+000
4	776.16085877	-4.48E-013	-9.00E-013	-1	0.00E+000
4	776.16171262	-9.00E-013	-4.12E-013	0	0.00E+000
4	776.17058985	-4.23E-013	-8.38E-013	-1	0.00E+000
4	776.18313039	-8.38E-013	-3.76E-013	0	0.00E+000
4	776.18415585	-3.96E-013	-8.42E-013	-1	0.00E+000
4	776.18961632	-8.82E-013	-3.39E-013	0	0.00E+000
4	776.19036071	-3.39E-013	-7.59E-013	-1	0.00E+000
4	776.19161311	-7.59E-013	-3.66E-013	0	0.00E+000
4	776.19231275	-3.66E-013	-8.96E-013	-1	0.00E+000
4	776.19926982	-9.73E-013	-3.78E-013	0	0.00E+000
4	776.20256792	-4.25E-013	-7.78E-013	-1	0.00E+000
4	776.20307106	-7.78E-013	-4.78E-013	0	0.00E+000
4	776.20368164	-4.78E-013	-8.02E-013	-1	0.00E+000
4	776.20468036	-8.02E-013	-4.12E-013	0	0.00E+000
4	776.20606480	-4.12E-013	-8.96E-013	-1	0.00E+000
4	776.20993242	-9.22E-013	-5.33E-013	0	0.00E+000
4	776.22877053	-4.73E-013	-8.14E-013	-1	0.00E+000
4	776.23768039	-8.14E-013	-4.15E-013	0	0.00E+000
4	776.27243109	-4.05E-013	-9.79E-013	-1	0.00E+000
4	776.27882144	-9.04E-013	-4.77E-013	0	0.00E+000
4	776.28324781	-5.53E-013	-9.02E-013	-1	0.00E+000
4	776.28631543	-8.69E-013	-3.97E-013	0	0.00E+000
4	776.30671411	-5.36E-013	-8.59E-013	-1	0.00E+000
4	776.30856414	-8.71E-013	-5.53E-013	0	0.00E+000
4	776.30923387	-5.53E-013	-9.29E-013	-1	0.00E+000
4	776.31110164	-9.68E-013	-4.15E-013	0	0.00E+000
4	776.32303167	-7.48E-013	-1.16E-012	-1	0.00E+000
4	776.32493884	-1.16E-012	-5.17E-013	0	0.00E+000
4	776.32959110	-5.76E-013	-9.22E-013	-1	0.00E+000
4	776.33333039	-9.22E-013	-5.69E-013	0	0.00E+000
4	776.35323965	-6.75E-013	-1.08E-012	-1	0.00E+000
4	776.36700885	-1.05E-012	-5.18E-013	0	0.00E+000
4	776.36758830	-5.96E-013	-1.05E-012	-1	0.00E+000
4	776.36917779	-8.98E-013	-4.81E-013	0	0.00E+000
4	776.37657990	-4.90E-013	-9.50E-013	-1	0.00E+000
4	776.37943577	-9.23E-013	-4.84E-013	0	0.00E+000
4	776.37975766	-4.84E-013	-8.81E-013	-1	0.00E+000
4	776.38015150	-8.81E-013	-4.99E-013	0	0.00E+000
4	776.42530769	-3.82E-013	-7.87E-013	-1	0.00E+000
4	776.42569556	-7.87E-013	-4.85E-013	0	0.00E+000
4	776.42697778	-4.85E-013	-8.16E-013	-1	0.00E+000
4	776.42878039	-8.16E-013	-4.59E-013	0	0.00E+000
4	776.47699630	-4.91E-013	-1.05E-012	-1	0.00E+000
4	776.47862833	-9.62E-013	-4.10E-013	0	0.00E+000
4	776.50823691	-4.52E-013	-9.38E-013	-1	0.00E+000
4	776.51029041	-9.40E-013	-4.35E-013	0	0.00E+000
4	776.51358042	-4.51E-013	-7.87E-013	-1	0.00E+000
4	776.51495270	-7.87E-013	-4.17E-013	0	0.00E+000
4	776.53679935	-4.27E-013	-9.95E-013	-1	0.00E+000
4	776.53738790	-9.95E-013	-3.88E-013	0	0.00E+000
4	776.61233002	-5.31E-013	-9.61E-013	-1	0.00E+000
4	776.61311673	-9.61E-013	-5.03E-013	0	0.00E+000
4	776.64546855	-4.88E-013	-9.53E-013	-1	0.00E+000
4	776.64627828	-9.53E-013	-4.24E-013	0	0.00E+000
4	776.65540643	-5.27E-013	-9.45E-013	-1	0.00E+000
4	776.65987184	-1.00E-012	-4.87E-013	0	0.00E+000
4	776.66051103	-6.28E-013	-9.99E-013	-1	0.00E+000
4	776.66792321	-1.03E-012	-5.06E-013	0	0.00E+000
4	776.67115175	-4.89E-013	-1.02E-012	-1	0.00E+000
4	776.67537855	-1.02E-012	-4.21E-013	0	0.00E+000
4	776.69572086	-4.54E-013	-8.81E-013	-1	0.00E+000
4	776.69815812	-9.65E-013	-4.60E-013	0	0.00E+000
4	776.70246824	-4.30E-013	-8.54E-013	-1	0.00E+000
4	776.70392908	-8.54E-013	-3.80E-013	0	0.00E+000
4	776.70674578	-3.69E-013	-8.48E-013	-1	0.00E+000
4	776.71298051	-8.61E-013	-4.96E-013	0	0.00E+000
4	776.72516227	-4.96E-013	-8.54E-013	-1	0.00E+000
4	776.72588192	-8.54E-013	-3.78E-013	0	0.00E+000
4	776.72903696	-4.62E-013	-1.06E-012	-1	0.00E+000
4	776.72957069	-1.06E-012	-5.19E-013	0	0.00E+000
4	776.73709218	-3.99E-013	-8.84E-013	-1	0.00E+000
4	776.74055780	-7.99E-013	-5.37E-013	0	0.00E+000
4	776.74668017	-5.44E-013	-1.03E-012	-1	0.00E+000
4	776.75494230	-1.03E-012	-5.10E-013	0	0.00E+000
4	776.77863412	-5.08E-013	-1.00E-012	-1	0.00E+000
4	776.78017439	-1.00E-012	-4.99E-013	0	0.00E+000
4	776.78472538	-5.27E-013	-8.24E-013	-1	0.00E+000
4	776.78534019	-8.24E-013	-4.42E-013	0	0.00E+000
4	776.99644128	-4.64E-013	-9.05E-013	-1	0.00E+000
4	776.99740757	-9.05E-013	-5.38E-013	0	0.00E+000
4	777.05856647	-4.70E-013	-8.47E-013	-1	0.00E+000
4	777.06821691	-8.47E-013	-5.52E-013	0	0.00E+000
4	777.08328037	-4.35E-013	-1.06E-012	-1	0.00E+000
4	777.08365219	-1.06E-012	-4.01E-013	0	0.00E+000
4	777.12187004	-3.25E-013	-1.02E-012	-1	0.00E+000
4	777.12275681	-1.02E-012	-4.74E-013	0	0.00E+000
4	777.12395028	-4.74E-013	-8.70E-013	-1	0.00E+000
4	777.12522014	-8.70E-013	-3.97E-013	0	0.00E+000
4	777.12731904	-5.77E-013	-8.21E-013	-1	0.00E+000
4	777.12861785	-8.21E-013	-4.95E-013	0	0.00E+000
4	777.13218199	-4.54E-013	-9.80E-013	-1	0.00E+000
4	777.13349125	-9.80E-013	-5.39E-013	0	0.00E+000
4	777.13639541	-5.23E-013	-9.53E-013	-1	0.00E+000
4	777.15065346	-9.91E-013	-4.67E-013	0	0.00E+000
4	777.15465785	-5.27E-013	-1.03E-012	-1	0.00E+000
4	777.15910776	-1.10E-012	-5.40E-013	0	0.00E+000
4	777.16872898	-4.62E-013	-9.56E-013	-1	0.00E+000
4	777.17333084	-8.90E-013	-4.60E-013	0	0.00E+000
4	777.17371413	-4.60E-013	-9.69E-013	-1	0.00E+000
4	777.18003319	-8.37E-013	-4.55E-013	0	0.00E+000
4	777.18194874	-4.55E-013	-9.23E-013	-1	0.00E+000
4	777.18292769	-9.23E-013	-4.65E-013	0	0.00E+000
4	777.20671944	-5.19E-013	-8.45E-013	-1	0.00E+000
4	777.21440405	-8.41E-013	-5.09E-013	0	0.00E+000
4	777.22822354	-4.66E-013	-9.36E-013	-1	0.00E+000
4	777.22896933	-9.36E-013	-5.21E-013	0	0.00E+000
4	777.26059040	-4.52E-013	-1.09E-012	-1	0.00E+000
4	777.27096502	-1.09E-012	-4.69E-013	0	0.00E+000
4	777.30079895	-5.52E-013	-9.88E-013	-1	0.00E+000
4	777.30148155	-9.88E-013	-5.23E-013	0	0.00E+000
4	777.30431189	-4.62E-013	-9.96E-013	-1	0.00E+000
4	777.30692449	-9.21E-013	-4.77E-013	0	0.00E+000
4	777.30720113	-4.77E-013	-9.21E-013	-1	0.00E+000
4	777.31099447	-9.02E-013	-4.88E-013	0	0.00E+000
4	777.31135732	-4.88E-013	-8.64E-013	-1	0.00E+000
4	777.31313407	-8.64E-013	-4.90E-013	0	0.00E+000
4	777.32445798	-4.72E-013	-9.94E-013	-1	0.00E+000
4	777.32978631	-9.71E-013	-4.67E-013	0	0.00E+000
4	777.33856691	-5.16E-013	-1.04E-012	-1	0.00E+000
4	777.34336570	-1.04E-012	-4.68E-013	0	0.00E+000
4	777.34743401	-4.68E-013	-9.76E-013	-1	0.00E+000
4	777.34882547	-9.76E-013	-5.37E-013	0	0.00E+000
4	777.39440698	-4.21E-013	-9.41E-013	-1	0.00E+000
4	777.39568903	-9.41E-013	-5.43E-013	0	0.00E+000
4	777.39913397	-5.48E-013	-1.04E-012	-1	0.00E+000
4	777.40020369	-1.04E-012	-4.69E-013	0	0.00E+000
4	777.40530612	-4.92E-013	-8.90E-013	-1	0.00E+000
4	777.40630336	-8.90E-013	-5.12E-013	0	0.00E+000
4	777.42490276	-5.46E-013	-9.40E-013	-1	0.00E+000
4	777.42904422	-9.50E-013	-5.26E-013	0	0.00E+000
4	777.46073036	-5.26E-013	-9.73E-013	-1	0.00E+000
4	777.46135178	-9.73E-013	-4.49E-013	0	0.00E+000
4	777.46658591	-4.63E-013	-1.01E-012	-1	0.00E+000
4	777.46726690	-1.01E-012	-5.33E-013	0	0.00E+000
4	777.50712926	-4.54E-013	-9.23E-013	-1	0.00E+000
4	777.50743496	-9.23E-013	-3.97E-013	0	0.00E+000
4	777.50819595	-3.97E-013	-1.03E-012	-1	0.00E+000
4	777.50961014	-1.03E-012	-4.97E-013	0	0.00E+000
4	777.50996793	-4.97E-013	-9.26E-013	-1	0.00E+000
4	777.51727274	-9.20E-013	-4.23E-013	0	0.00E+000
4	777.51902453	-5.03E-013	-9.65E-013	-1	0.00E+000
4	777.52390918	-9.50E-013	-4.54E-013	0	0.00E+000
4	777.52554397	-4.54E-013	-8.49E-013	-1	0.00E+000
4	777.52820812	-8.36E-013	-4.32E-013	0	0.00E+000
4	777.53554709	-4.51E-013	-8.61E-013	-1	0.00E+000
4	777.53875747	-9.39E-013	-5.04E-013	0	0.00E+000
4	777.54135425	-4.59E-013	-9.84E-013	-1	0.00E+000
4	777.54348086	-9.63E-013	-4.12E-013	0	0.00E+000
4	777.54380034	-4.12E-013	-1.08E-012	-1	0.00E+000
4	777.54825043	-9.04E-013	-4.63E-013	0	0.00E+000
4	777.57767721	-5.07E-013	-9.42E-013	-1	0.00E+000
4	777.57975051	-9.42E-013	-4.01E-013	0	0.00E+000
4	777.60423047	-4.04E-013	-7.40E-013	-1	0.00E+000
4	777.60703036	-7.40E-013	-4.25E-013	0	0.00E+000
4	777.61019484	-4.04E-013	-9.25E-013	-1	0.00E+000
4	777.61125942	-7.88E-013	-3.51E-013	0	0.00E+000
4	777.61392205	-4.67E-013	-8.15E-013	-1	0.00E+000
4	777.61464354	-8.15E-013	-5.24E-013	0	0.00E+000
4	777.61774986	-5.24E-013	-8.55E-013	-1	0.00E+000
4	777.62036626	-7.57E-013	-4.14E-013	0	0.00E+000
4	777.63467880	-4.60E-013	-8.07E-013	-1	0.00E+000
4	777.63823036	-8.07E-013	-4.57E-013	0	0.00E+000
4	777.65269974	-4.77E-013	-8.47E-013	-1	0.00E+000
4	777.65507150	-8.48E-013	-4.08E-013	0	0.00E+000
4	777.65578116	-4.08E-013	-8.83E-013	-1	0.00E+000
4	777.65828405	-8.83E-013	-4.03E-013	0	0.00E+000
4	777.66389609	-4.03E-013	-9.72E-013	-1	0.00E+000
4	777.67465760	-1.00E-012	-5.52E-013	0	0.00E+000
4	777.67784199	-5.46E-013	-1.01E-012	-1	0.00E+000
4	777.68050897	-1.13E-012	-5.38E-013	0	0.00E+000
4	777.68530402	-5.15E-013	-9.95E-013	-1	0.00E+000
4	777.69480574	-9.95E-013	-4.87E-013	0	0.00E+000
4	777.74927398	-4.32E-013	-9.85E-013	-1	0.00E+000
4	777.75060016	-9.85E-013	-4.59E-013	0	0.00E+000
4	777.79395699	-4.24E-013	-9.28E-013	-1	0.00E+000
4	777.79427840	-9.28E-013	-4.92E-013	0	0.00E+000
4	777.80643821	-4.82E-013	-7.62E-013	-1	0.00E+000
4	777.80673528	-7.62E-013	-3.64E-013	0	0.00E+000
4	777.81342749	-3.64E-013	-9.29E-013	-1	0.00E+000
4	777.81510280	-9.29E-013	-5.34E-013	0	0.00E+000
4	777.84819186	-4.65E-013	-9.07E-013	-1	0.00E+000
4	777.85038343	-9.96E-013	-4.45E-013	0	0.00E+000
4	777.85289322	-4.86E-013	-9.46E-013	-1	0.00E+000
4	777.85533450	-9.79E-013	-4.63E-013	0	0.00E+000
4	777.86189582	-4.22E-013	-1.02E-012	-1	0.00E+000
4	777.86665765	-9.29E-013	-4.59E-013	0	0.00E+000
4	777.89473887	-5.06E-013	-9.14E-013	-1	0.00E+000
4	777.89646097	-9.14E-013	-4.36E-013	0	0.00E+000
4	777.91646031	-5.11E-013	-8.78E-013	-1	0.00E+000
4	777.91973035	-8.78E-013	-5.09E-013	0	0.00E+000
4	777.92628035	-5.09E-013	-8.63E-013	-1	0.00E+000
4	777.92657255	-8.63E-013	-5.29E-013	0	0.00E+000
4	777.92936699	-4.66E-013	-1.02E-012	-1	0.00E+000
4	777.93064298	-1.02E-012	-4.26E-013	0	0.00E+000
4	777.93141584	-4.26E-013	-9.12E-013	-1	0.00E+000
4	777.93187553	-9.12E-013	-4.54E-013	0	0.00E+000
4	777.94591003	-4.74E-013	-8.63E-013	-1	0.00E+000
4	777.95464275	-8.04E-013	-4.29E-013	0	0.00E+000
4	777.96970871	-3.92E-013	-7.53E-013	-1	0.00E+000
4	777.97303035	-7.53E-013	-3.58E-013	0	0.00E+000
4	778.05177813	-5.25E-013	-9.63E-013	-1	0.00E+000
4	778.05488034	-9.63E-013	-4.44E-013	0	0.00E+000
4	778.05508920	-4.44E-013	-1.13E-012	-1	0.00E+000
4	778.05700252	-1.05E-012	-6.51E-013	0	0.00E+000
4	778.06025624	-6.51E-013	-1.14E-012	-1	0.00E+000
4	778.06414418	-1.13E-012	-5.70E-013	0	0.00E+000
4	778.06514262	-5.70E-013	-1.08E-012	-1	0.00E+000
4	778.06609068	-1.08E-012	-5.62E-013	0	0.00E+000
4	778.06691719	-5.62E-013	-1.00E-012	-1	0.00E+000
4	778.09190034	-1.00E-012	-4.97E-013	0	0.00E+000
4	778.10942018	-4.74E-013	-8.87E-013	-1	0.00E+000
4	778.11356787	-9.05E-013	-4.19E-013	0	0.00E+000
4	778.12898487	-5.63E-013	-9.89E-013	-1	0.00E+000
4	778.12943343	-9.89E-013	-4.39E-013	0	0.00E+000
4	778.13383397	-4.57E-013	-8.91E-013	-1	0.00E+000
4	778.13648098	-9.71E-013	-4.73E-013	0	0.00E+000
4	778.14308451	-4.73E-013	-1.00E-012	-1	0.00E+000
4	778.14616746	-8.77E-013	-4.95E-013	0	0.00E+000
4	778.14667208	-4.95E-013	-1.02E-012	-1	0.00E+000
4	778.15330909	-9.42E-013	-4.91E-013	0	0.00E+000
4	778.15423441	-6.21E-013	-8.76E-013	-1	0.00E+000
4	778.15798034	-8.76E-013	-5.82E-013	0	0.00E+000
4	778.17033034	-4.45E-013	-9.22E-013	-1	0.00E+000
4	778.18365767	-9.22E-013	-3.64E-013	0	0.00E+000
4	778.18515985	-3.64E-013	-9.04E-013	-1	0.00E+000
4	778.18635891	-8.90E-013	-4.47E-013	0	0.00E+000
4	778.19476257	-4.29E-013	-9.18E-013	-1	0.00E+000
4	778.19632711	-9.18E-013	-5.27E-013	0	0.00E+000
4	778.20178034	-5.27E-013	-9.28E-013	-1	0.00E+000
4	778.21219231	-9.28E-013	-4.75E-013	0	0.00E+000
4	778.28719810	-5.76E-013	-9.73E-013	-1	0.00E+000
4	778.28977592	-1.00E-012	-4.56E-013	0	0.00E+000
4	778.29395313	-4.44E-013	-9.79E-013	-1	0.00E+000
4	778.29500508	-9.79E-013	-6.09E-013	0	0.00E+000
4	778.29780419	-5.19E-013	-9.42E-013	-1	0.00E+000
4	778.30211678	-9.42E-013	-3.50E-013	0	0.00E+000
4	778.35457222	-5.05E-013	-8.60E-013	-1	0.00E+000
4	778.35780617	-8.01E-013	-5.20E-013	0	0.00E+000
4	778.36118397	-5.20E-013	-9.95E-013	-1	0.00E+000
4	778.36682502	-1.01E-012	-5.01E-013	0	0.00E+000
4	778.38038034	-5.01E-013	-8.73E-013	-1	0.00E+000
4	778.38329053	-9.43E-013	-5.01E-013	0	0.00E+000
4	778.41275664	-4.70E-013	-9.18E-013	-1	0.00E+000
4	778.42559572	-9.18E-013	-4.02E-013	0	0.00E+000
4	778.44788468	-5.37E-013	-8.81E-013	-1	0.00E+000
4	778.44916710	-8.81E-013	-5.49E-013	0	0.00E+000
4	778.46049697	-5.46E-013	-1.27E-012	-1	0.00E+000
4	778.46329125	-1.27E-012	-5.89E-013	0	0.00E+000
4	778.46411864	-5.89E-013	-1.07E-012	-1	0.00E+000
4	778.46505902	-1.07E-012	-5.53E-013	0	0.00E+000
4	778.46526196	-5.53E-013	-1.04E-012	-1	0.00E+000
4	778.46903033	-1.04E-012	-5.10E-013	0	0.00E+000
4	778.53816452	-5.10E-013	-8.82E-013	-1	0.00E+000
4	778.53834700	-8.82E-013	-4.18E-013	0	0.00E+000
4	778.53861625	-4.18E-013	-9.22E-013	-1	0.00E+000
4	778.53925602	-9.22E-013	-4.28E-013	0	0.00E+000
4	778.54447707	-4.34E-013	-9.43E-013	-1	0.00E+000
4	778.54505632	-9.43E-013	-4.28E-013	0	0.00E+000
4	778.55272881	-4.15E-013	-8.59E-013	-1	0.00E+000
4	778.55329585	-8.59E-013	-4.27E-013	0	0.00E+000
4	778.55562926	-4.33E-013	-8.58E-013	-1	0.00E+000
4	778.55776748	-8.58E-013	-4.28E-013	0	0.00E+000
4	778.55820199	-4.28E-013	-1.02E-012	-1	0.00E+000
4	778.55887194	-1.02E-012	-4.55E-013	0	0.00E+000
4	778.55952393	-4.55E-013	-9.67E-013	-1	0.00E+000
4	778.56273927	-9.07E-013	-5.02E-013	0	0.00E+000
4	778.56416782	-5.02E-013	-9.28E-013	-1	0.00E+000
4	778.56468734	-9.28E-013	-5.44E-013	0	0.00E+000
4	778.57367783	-5.44E-013	-9.47E-013	-1	0.00E+000
4	778.57472353	-9.47E-013	-4.00E-013	0	0.00E+000
4	778.60974091	-4.11E-013	-9.37E-013	-1	0.00E+000
4	778.61019359	-9.37E-013	-4.20E-013	0	0.00E+000
4	778.61564056	-5.42E-013	-9.48E-013	-1	0.00E+000
4	778.61805662	-9.48E-013	-4.23E-013	0	0.00E+000
4	778.62870315	-4.98E-013	-9.94E-013	-1	0.00E+000
4	778.63000738	-9.94E-013	-4.15E-013	0	0.00E+000
4	778.63805827	-4.91E-013	-9.82E-013	-1	0.00E+000
4	778.63913918	-9.82E-013	-4.92E-013	0	0.00E+000
4	778.64767995	-4.35E-013	-9.20E-013	-1	0.00E+000
4	778.64899816	-9.20E-013	-4.78E-013	0	0.00E+000
4	778.66060055	-4.86E-013	-1.01E-012	-1	0.00E+000
4	778.66550170	-8.87E-013	-4.94E-013	0	0.00E+000
4	778.66573033	-4.94E-013	-9.29E-013	-1	0.00E+000
4	778.66593931	-9.29E-013	-4.94E-013	0	0.00E+000
4	778.66676591	-4.94E-013	-9.25E-013	-1	0.00E+000
4	778.66919714	-8.78E-013	-4.68E-013	0	0.00E+000
4	778.68376934	-5.02E-013	-9.88E-013	-1	0.00E+000
4	778.68544668	-9.88E-013	-4.72E-013	0	0.00E+000
4	778.71518881	-4.15E-013	-1.04E-012	-1	0.00E+000
4	778.71866316	-9.51E-013	-4.77E-013	0	0.00E+000
4	778.71892683	-4.77E-013	-9.34E-013	-1	0.00E+000
4	778.72258033	-9.34E-013	-5.24E-013	0	0.00E+000
4	778.72661604	-5.03E-013	-9.59E-013	-1	0.00E+000
4	778.72700909	-9.59E-013	-6.07E-013	0	0.00E+000
4	778.73148033	-6.07E-013	-1.02E-012	-1	0.00E+000
4	778.73499306	-9.79E-013	-4.88E-013	0	0.00E+000
4	778.74597757	-4.29E-013	-9.65E-013	-1	0.00E+000
4	778.74814015	-9.60E-013	-3.98E-013	0	0.00E+000
4	778.75293219	-4.95E-013	-9.12E-013	-1	0.00E+000
4	778.75382075	-9.12E-013	-3.96E-013	0	0.00E+000
4	778.76170187	-3.30E-013	-9.25E-013	-1	0.00E+000
4	778.77000104	-8.01E-013	-3.99E-013	0	0.00E+000
4	778.77216282	-4.20E-013	-8.40E-013	-1	0.00E+000
4	778.77407119	-1.01E-012	-4.29E-013	0	0.00E+000
4	778.88209921	-4.28E-013	-8.78E-013	-1	0.00E+000
4	778.88331763	-8.78E-013	-4.36E-013	0	0.00E+000
4	778.88430172	-4.36E-013	-7.94E-013	-1	0.00E+000
4	778.88551248	-7.94E-013	-3.72E-013	0	0.00E+000
4	778.88996357	-3.69E-013	-8.62E-013	-1	0.00E+000
4	778.89593749	-8.47E-013	-4.47E-013	0	0.00E+000
4	778.90883754	-5.73E-013	-9.31E-013	-1	0.00E+000
4	778.91511058	-9.31E-013	-4.97E-013	0	0.00E+000
4	778.91631094	-4.97E-013	-8.31E-013	-1	0.00E+000
4	778.91734416	-8.31E-013	-4.65E-013	0	0.00E+000
4	778.91925275	-5.51E-013	-9.32E-013	-1	0.00E+000
4	778.92054107	-8.09E-013	-3.79E-013	0	0.00E+000
4	779.03148500	-4.50E-013	-8.06E-013	-1	0.00E+000
4	779.03307478	-8.06E-013	-4.75E-013	0	0.00E+000
4	779.04347141	-4.88E-013	-1.02E-012	-1	0.00E+000
4	779.04482517	-1.02E-012	-4.28E-013	0	0.00E+000
4	779.04986705	-5.24E-013	-8.62E-013	-1	0.00E+000
4	779.05845638	-8.62E-013	-5.08E-013	0	0.00E+000
4	779.08383032	-5.08E-013	-9.80E-013	-1	0.00E+000
4	779.08417575	-9.80E-013	-4.72E-013	0	0.00E+000
4	779.08463828	-4.53E-013	-9.58E-013	-1	0.00E+000
4	779.09505063	-9.40E-013	-5.02E-013	0	0.00E+000
4	779.09609059	-5.02E-013	-9.66E-013	-1	0.00E+000
4	779.09670285	-9.66E-013	-4.62E-013	0	0.00E+000
4	779.10032441	-4.12E-013	-9.22E-013	-1	0.00E+000
4	779.10209356	-9.22E-013	-4.76E-013	0	0.00E+000
4	779.10814229	-4.36E-013	-1.02E-012	-1	0.00E+000
4	779.10893820	-1.02E-012	-4.44E-013	0	0.00E+000
4	779.11014912	-4.44E-013	-9.11E-013	-1	0.00E+000
4	779.11607186	-8.18E-013	-5.23E-013	0	0.00E+000
4	779.12873032	-5.23E-013	-9.35E-013	-1	0.00E+000
4	779.13001223	-9.35E-013	-4.82E-013	0	0.00E+000
4	779.13171155	-4.82E-013	-1.03E-012	-1	0.00E+000
4	779.13400330	-8.26E-013	-4.65E-013	0	0.00E+000
4	779.13884357	-4.81E-013	-9.04E-013	-1	0.00E+000
4	779.14100246	-1.06E-012	-4.79E-013	0	0.00E+000
4	779.15069980	-4.28E-013	-9.14E-013	-1	0.00E+000
4	779.15345477	-9.14E-013	-4.59E-013	0	0.00E+000
4	779.15889271	-4.91E-013	-1.09E-012	-1	0.00E+000
4	779.16367026	-8.51E-013	-4.40E-013	0	0.00E+000
4	779.17049952	-5.36E-013	-1.06E-012	-1	0.00E+000
4	779.17124570	-1.06E-012	-5.23E-013	0	0.00E+000
4	779.18158032	-5.23E-013	-1.05E-012	-1	0.00E+000
4	779.18317276	-1.05E-012	-4.57E-013	0	0.00E+000
4	779.21073693	-4.05E-013	-9.03E-013	-1	0.00E+000
4	779.22070317	-9.07E-013	-4.24E-013	0	0.00E+000
4	779.22108311	-4.24E-013	-8.49E-013	-1	0.00E+000
4	779.22677053	-8.28E-013	-4.37E-013	0	0.00E+000
4	779.23058556	-3.97E-013	-8.83E-013	-1	0.00E+000
4	779.23107145	-8.83E-013	-4.29E-013	0	0.00E+000
4	779.23466653	-3.46E-013	-9.24E-013	-1	0.00E+000
4	779.23749519	-9.06E-013	-4.53E-013	0	0.00E+000
4	779.24988759	-4.31E-013	-8.96E-013	-1	0.00E+000
4	779.25401384	-9.42E-013	-5.18E-013	0	0.00E+000
4	779.28005895	-4.14E-013	-8.88E-013	-1	0.00E+000
4	779.28077856	-8.88E-013	-5.26E-013	0	0.00E+000
4	779.28493031	-5.26E-013	-8.82E-013	-1	0.00E+000
4	779.28769841	-8.82E-013	-3.82E-013	0	0.00E+000
4	779.30902426	-4.16E-013	-9.29E-013	-1	0.00E+000
4	779.31388640	-8.66E-013	-3.89E-013	0	0.00E+000
4	779.31724675	-5.22E-013	-9.44E-013	-1	0.00E+000
4	779.31865256	-9.44E-013	-5.17E-013	0	0.00E+000
4	779.31970227	-5.17E-013	-9.27E-013	-1	0.00E+000
4	779.32226058	-9.13E-013	-5.26E-013	0	0.00E+000
4	779.32928821	-5.86E-013	-1.05E-012	-1	0.00E+000
4	779.33443300	-9.66E-013	-5.38E-013	0	0.00E+000
4	779.33700677	-5.78E-013	-8.59E-013	-1	0.00E+000
4	779.33863031	-8.59E-013	-4.16E-013	0	0.00E+000
4	779.34475172	-4.16E-013	-8.95E-013	-1	0.00E+000
4	779.35018270	-7.96E-013	-4.36E-013	0	0.00E+000
4	779.35649742	-4.38E-013	-1.01E-012	-1	0.00E+000
4	779.36103767	-9.42E-013	-4.22E-013	0	0.00E+000
4	779.36282180	-5.79E-013	-9.36E-013	-1	0.00E+000
4	779.36321384	-9.36E-013	-4.11E-013	0	0.00E+000
4	779.36529387	-5.41E-013	-8.61E-013	-1	0.00E+000
4	779.38118031	-8.61E-013	-4.11E-013	0	0.00E+000
4	779.38528761	-4.26E-013	-1.02E-012	-1	0.00E+000
4	779.39707324	-8.80E-013	-4.62E-013	0	0.00E+000
4	779.40540941	-4.28E-013	-8.24E-013	-1	0.00E+000
4	779.40619771	-8.24E-013	-4.19E-013	0	0.00E+000
4	779.40771758	-4.19E-013	-9.06E-013	-1	0.00E+000
4	779.40813034	-9.06E-013	-4.57E-013	0	0.00E+000
4	779.52105885	-4.57E-013	-8.19E-013	-1	0.00E+000
4	779.53015336	-7.83E-013	-4.01E-013	0	0.00E+000
4	779.53392097	-5.27E-013	-8.58E-013	-1	0.00E+000
4	779.54265247	-8.58E-013	-4.16E-013	0	0.00E+000
4	779.55252033	-5.17E-013	-8.70E-013	-1	0.00E+000
4	779.56053650	-9.17E-013	-3.84E-013	0	0.00E+000
4	779.56268460	-5.64E-013	-1.02E-012	-1	0.00E+000
4	779.56345225	-1.02E-012	-6.10E-013	0	0.00E+000
4	779.56706963	-6.64E-013	-1.21E-012	-1	0.00E+000
4	779.57662740	-1.15E-012	-4.75E-013	0	0.00E+000
4	779.57994547	-5.27E-013	-9.65E-013	-1	0.00E+000
4	779.58737157	-1.11E-012	-4.87E-013	0	0.00E+000
4	779.59121373	-4.92E-013	-1.05E-012	-1	0.00E+000
4	779.59185803	-1.05E-012	-4.87E-013	0	0.00E+000
4	779.61959820	-5.71E-013	-9.93E-013	-1	0.00E+000
4	779.62294458	-9.31E-013	-4.40E-013	0	0.00E+000
4	779.62467610	-4.44E-013	-9.22E-013	-1	0.00E+000
4	779.62488031	-9.22E-013	-5.60E-013	0	0.00E+000
4	779.62520871	-5.60E-013	-9.12E-013	-1	0.00E+000
4	779.62773030	-9.12E-013	-4.24E-013	0	0.00E+000
4	779.64624600	-3.73E-013	-8.74E-013	-1	0.00E+000
4	779.65086472	-8.02E-013	-3.86E-013	0	0.00E+000
4	779.65142349	-3.86E-013	-8.81E-013	-1	0.00E+000
4	779.65250297	-8.81E-013	-3.54E-013	0	0.00E+000
4	779.65311174	-3.54E-013	-7.56E-013	-1	0.00E+000
4	779.65826846	-8.23E-013	-4.05E-013	0	0.00E+000
4	779.66124599	-3.24E-013	-8.84E-013	-1	0.00E+000
4	779.66387990	-9.04E-013	-4.65E-013	0	0.00E+000
4	779.66680146	-5.43E-013	-1.08E-012	-1	0.00E+000
4	779.66870299	-1.09E-012	-5.31E-013	0	0.00E+000
4	779.67268348	-4.27E-013	-9.64E-013	-1	0.00E+000
4	779.67711913	-8.14E-013	-4.86E-013	0	0.00E+000
4	779.68526980	-3.93E-013	-6.93E-013	-1	0.00E+000
4	779.68910797	-8.16E-013	-4.37E-013	0	0.00E+000
4	779.70561767	-4.25E-013	-8.63E-013	-1	0.00E+000
4	779.70952196	-7.87E-013	-3.88E-013	0	0.00E+000
4	779.71108723	-3.88E-013	-8.87E-013	-1	0.00E+000
4	779.71677048	-9.56E-013	-4.29E-013	0	0.00E+000
4	779.71866591	-4.75E-013	-8.35E-013	-1	0.00E+000
4	779.73560533	-8.35E-013	-4.48E-013	0	0.00E+000
4	779.73964746	-5.10E-013	-8.25E-013	-1	0.00E+000
4	779.74650224	-7.96E-013	-4.65E-013	0	0.00E+000
4	779.75989728	-4.72E-013	-8.61E-013	-1	0.00E+000
4	779.76153832	-8.61E-013	-4.85E-013	0	0.00E+000
4	779.78471251	-4.85E-013	-8.96E-013	-1	0.00E+000
4	779.78825865	-8.79E-013	-4.28E-013	0	0.00E+000
4	779.82341996	-6.66E-013	-1.22E-012	-1	0.00E+000
4	779.82416843	-1.22E-012	-3.55E-013	0	0.00E+000
4	779.82783995	-4.80E-013	-9.94E-013	-1	0.00E+000
4	779.82853570	-9.94E-013	-5.40E-013	0	0.00E+000
4	779.83139424	-5.17E-013	-1.01E-012	-1	0.00E+000
4	779.83239707	-1.01E-012	-4.76E-013	0	0.00E+000
4	779.84781500	-4.77E-013	-9.90E-013	-1	0.00E+000
4	779.85140549	-9.30E-013	-4.53E-013	0	0.00E+000
4	779.87303248	-4.85E-013	-9.27E-013	-1	0.00E+000
4	779.87400271	-9.27E-013	-4.64E-013	0	0.00E+000
4	779.87551780	-4.64E-013	-8.94E-013	-1	0.00E+000
4	779.87752405	-9.05E-013	-4.48E-013	0	0.00E+000
4	779.87982521	-5.02E-013	-8.82E-013	-1	0.00E+000
4	779.88054505	-8.82E-013	-4.44E-013	0	0.00E+000
4	779.88333425	-4.18E-013	-9.10E-013	-1	0.00E+000
4	779.89130029	-9.10E-013	-4.25E-013	0	0.00E+000
4	779.89155450	-4.25E-013	-8.22E-013	-1	0.00E+000
4	779.89191644	-8.22E-013	-4.91E-013	0	0.00E+000
4	779.89499895	-3.86E-013	-1.15E-012	-1	0.00E+000
4	779.89564621	-1.15E-012	-4.55E-013	0	0.00E+000
4	779.90338015	-5.19E-013	-9.09E-013	-1	0.00E+000
4	779.91631218	-9.24E-013	-5.65E-013	0	0.00E+000
4	779.93351094	-4.93E-013	-1.24E-012	-1	0.00E+000
4	779.94778030	-1.24E-012	-5.39E-013	0	0.00E+000
4	779.96144806	-4.45E-013	-8.58E-013	-1	0.00E+000
4	779.96382953	-9.30E-013	-5.27E-013	0	0.00E+000
4	779.96526156	-5.27E-013	-9.16E-013	-1	0.00E+000
4	779.96764017	-9.62E-013	-5.00E-013	0	0.00E+000
4	779.96882373	-5.00E-013	-9.47E-013	-1	0.00E+000
4	779.97265010	-9.47E-013	-4.82E-013	0	0.00E+000
4	779.98149617	-3.87E-013	-8.50E-013	-1	0.00E+000
4	779.98469948	-8.77E-013	-4.55E-013	0	0.00E+000
4	779.98975961	-4.65E-013	-9.48E-013	-1	0.00E+000
4	779.99145637	-9.48E-013	-5.38E-013	0	0.00E+000
4	779.99525279	-4.96E-013	-1.05E-012	-1	0.00E+000
4	780.00138918	-8.98E-013	-3.84E-013	0	0.00E+000
4	780.01452314	-4.14E-013	-9.25E-013	-1	0.00E+000
4	780.03036308	-8.99E-013	-4.04E-013	0	0.00E+000
4	780.03363910	-4.26E-013	-8.92E-013	-1	0.00E+000
4	780.04588029	-8.92E-013	-4.06E-013	0	0.00E+000
4	780.04663313	-4.06E-013	-1.04E-012	-1	0.00E+000
4	780.05412176	-8.51E-013	-3.89E-013	0	0.00E+000
4	780.05480496	-5.68E-013	-9.32E-013	-1	0.00E+000
4	780.05986272	-9.86E-013	-4.52E-013	0	0.00E+000
4	780.06585716	-4.15E-013	-8.82E-013	-1	0.00E+000
4	780.07037512	-8.74E-013	-3.81E-013	0	0.00E+000
4	780.07117675	-3.81E-013	-8.40E-013	-1	0.00E+000
4	780.07561463	-9.46E-013	-3.24E-013	0	0.00E+000
4	780.07885768	-4.91E-013	-8.10E-013	-1	0.00E+000
4	780.08006088	-8.10E-013	-4.14E-013	0	0.00E+000
4	780.08845230	-3.39E-013	-9.09E-013	-1	0.00E+000
4	780.09420195	-8.16E-013	-4.93E-013	0	0.00E+000
4	780.10136879	-4.33E-013	-1.03E-012	-1	0.00E+000
4	780.11040898	-1.04E-012	-4.23E-013	0	0.00E+000
4	780.11502680	-4.42E-013	-9.57E-013	-1	0.00E+000
4	780.11589738	-9.57E-013	-4.57E-013	0	0.00E+000
4	780.11735557	-4.57E-013	-8.67E-013	-1	0.00E+000
4	780.11950292	-8.67E-013	-3.77E-013	0	0.00E+000
4	780.13658298	-3.65E-013	-8.19E-013	-1	0.00E+000
4	780.14568029	-8.19E-013	-4.33E-013	0	0.00E+000
4	780.16015607	-4.35E-013	-1.06E-012	-1	0.00E+000
4	780.16179172	-1.06E-012	-3.72E-013	0	0.00E+000
4	780.16265119	-3.72E-013	-1.06E-012	-1	0.00E+000
4	780.16426480	-1.06E-012	-4.52E-013	0	0.00E+000
4	780.18271309	-4.72E-013	-8.07E-013	-1	0.00E+000
4	780.18768029	-8.07E-013	-4.30E-013	0	0.00E+000
4	780.25127158	-4.92E-013	-9.48E-013	-1	0.00E+000
4	780.25528156	-1.06E-012	-4.58E-013	0	0.00E+000
4	780.28339644	-4.47E-013	-9.17E-013	-1	0.00E+000
4	780.28390689	-8.53E-013	-4.34E-013	0	0.00E+000
4	780.28413029	-4.34E-013	-7.53E-013	-1	0.00E+000
4	780.28438364	-7.53E-013	-3.82E-013	0	0.00E+000
4	780.28484733	-3.82E-013	-8.10E-013	-1	0.00E+000
4	780.28546125	-8.10E-013	-4.78E-013	0	0.00E+000
4	780.28787590	-5.10E-013	-7.45E-013	-1	0.00E+000
4	780.28908029	-7.45E-013	-4.66E-013	0	0.00E+000
4	780.31582616	-4.13E-013	-9.19E-013	-1	0.00E+000
4	780.31917891	-9.28E-013	-4.04E-013	0	0.00E+000
4	780.32631736	-3.95E-013	-9.04E-013	-1	0.00E+000
4	780.32791457	-9.46E-013	-4.11E-013	0	0.00E+000
4	780.32869878	-4.11E-013	-7.57E-013	-1	0.00E+000
4	780.33036697	-7.57E-013	-4.73E-013	0	0.00E+000
4	780.37081265	-4.59E-013	-8.15E-013	-1	0.00E+000
4	780.37108356	-8.15E-013	-4.86E-013	0	0.00E+000
4	780.38325637	-4.22E-013	-9.46E-013	-1	0.00E+000
4	780.39628564	-8.95E-013	-4.13E-013	0	0.00E+000
4	780.40251270	-4.85E-013	-8.50E-013	-1	0.00E+000
4	780.40434042	-8.50E-013	-3.36E-013	0	0.00E+000
4	780.40837671	-3.94E-013	-8.90E-013	-1	0.00E+000
4	780.40930587	-8.90E-013	-3.94E-013	0	0.00E+000
4	780.43345278	-4.97E-013	-8.51E-013	-1	0.00E+000
4	780.43420040	-8.51E-013	-4.93E-013	0	0.00E+000
4	780.48921471	-3.75E-013	-8.86E-013	-1	0.00E+000
4	780.49364909	-8.63E-013	-3.43E-013	0	0.00E+000
4	780.49411862	-3.43E-013	-1.06E-012	-1	0.00E+000
4	780.49624405	-9.25E-013	-3.36E-013	0	0.00E+000
4	780.51502444	-3.70E-013	-7.81E-013	-1	0.00E+000
4	780.51557175	-7.81E-013	-3.50E-013	0	0.00E+000
4	780.52485253	-3.85E-013	-8.16E-013	-1	0.00E+000
4	780.52776613	-8.67E-013	-3.78E-013	0	0.00E+000
4	780.52849140	-3.78E-013	-8.54E-013	-1	0.00E+000
4	780.53173573	-7.86E-013	-3.43E-013	0	0.00E+000
4	780.55220556	-4.17E-013	-8.98E-013	-1	0.00E+000
4	780.56863099	-8.51E-013	-3.68E-013	0	0.00E+000
4	780.56942036	-5.49E-013	-1.00E-012	-1	0.00E+000
4	780.57058090	-1.00E-012	-5.26E-013	0	0.00E+000
4	780.57181487	-5.26E-013	-9.38E-013	-1	0.00E+000
4	780.57233621	-9.38E-013	-5.15E-013	0	0.00E+000
4	780.61113028	-5.15E-013	-8.78E-013	-1	0.00E+000
4	780.61413028	-8.78E-013	-3.74E-013	0	0.00E+000
4	780.61950988	-5.09E-013	-9.63E-013	-1	0.00E+000
4	780.62136469	-9.63E-013	-4.07E-013	0	0.00E+000
4	780.62779867	-4.55E-013	-1.09E-012	-1	0.00E+000
4	780.62868364	-1.09E-012	-4.40E-013	0	0.00E+000
4	780.62999092	-6.80E-013	-1.32E-012	-1	0.00E+000
4	780.63286253	-1.24E-012	-5.37E-013	0	0.00E+000
4	780.63490573	-4.31E-013	-1.16E-012	-1	0.00E+000
4	780.63724623	-1.05E-012	-4.10E-013	0	0.00E+000
4	780.72924862	-4.97E-013	-9.19E-013	-1	0.00E+000
4	780.72962048	-9.19E-013	-4.74E-013	0	0.00E+000
4	780.73204989	-4.89E-013	-9.29E-013	-1	0.00E+000
4	780.73800565	-9.18E-013	-4.23E-013	0	0.00E+000
4	780.73839110	-4.23E-013	-9.10E-013	-1	0.00E+000
4	780.74075558	-8.40E-013	-3.85E-013	0	0.00E+000
4	780.74629782	-3.98E-013	-7.88E-013	-1	0.00E+000
4	780.74734930	-7.88E-013	-4.20E-013	0	0.00E+000
4	780.75183296	-5.23E-013	-8.63E-013	-1	0.00E+000
4	780.75248452	-8.63E-013	-4.13E-013	0	0.00E+000
4	780.75326413	-4.10E-013	-8.83E-013	-1	0.00E+000
4	780.75419267	-8.83E-013	-5.43E-013	0	0.00E+000
4	780.75602066	-4.39E-013	-9.48E-013	-1	0.00E+000
4	780.75796403	-8.89E-013	-4.48E-013	0	0.00E+000
4	780.77431162	-3.39E-013	-8.28E-013	-1	0.00E+000
4	780.78345873	-8.59E-013	-4.48E-013	0	0.00E+000
4	780.83554503	-2.47E-013	-9.34E-013	-1	0.00E+000
4	780.84279819	-9.08E-013	-4.04E-013	0	0.00E+000
4	780.85514826	-5.64E-013	-9.43E-013	-1	0.00E+000
4	780.86393027	-9.43E-013	-4.86E-013	0	0.00E+000
4	780.88841758	-4.50E-013	-9.00E-013	-1	0.00E+000
4	780.88915632	-9.00E-013	-5.19E-013	0	0.00E+000
4	780.89774259	-5.04E-013	-1.05E-012	-1	0.00E+000
4	780.90058206	-9.66E-013	-4.35E-013	0	0.00E+000
4	780.90509074	-4.99E-013	-8.38E-013	-1	0.00E+000
4	780.90762177	-8.38E-013	-4.32E-013	0	0.00E+000
4	780.93457670	-3.63E-013	-8.21E-013	-1	0.00E+000
4	780.93830695	-1.01E-012	-3.97E-013	0	0.00E+000
4	781.00157395	-3.93E-013	-9.07E-013	-1	0.00E+000
4	781.00251922	-8.47E-013	-3.43E-013	0	0.00E+000
4	781.01616257	-4.77E-013	-9.20E-013	-1	0.00E+000
4	781.01890942	-9.67E-013	-4.63E-013	0	0.00E+000
4	781.06579703	-3.86E-013	-9.28E-013	-1	0.00E+000
4	781.06980266	-1.02E-012	-4.03E-013	0	0.00E+000
4	781.09436374	-5.09E-013	-9.60E-013	-1	0.00E+000
4	781.09505583	-9.60E-013	-5.03E-013	0	0.00E+000
4	781.09764659	-4.61E-013	-1.03E-012	-1	0.00E+000
4	781.09913360	-1.03E-012	-5.16E-013	0	0.00E+000
4	781.10742249	-5.02E-013	-8.60E-013	-1	0.00E+000
4	781.10791199	-8.60E-013	-5.36E-013	0	0.00E+000
4	781.11503821	-4.95E-013	-1.03E-012	-1	0.00E+000
4	781.11683328	-9.98E-013	-5.52E-013	0	0.00E+000
4	781.12897164	-5.61E-013	-8.80E-013	-1	0.00E+000
4	781.13401434	-9.27E-013	-4.65E-013	0	0.00E+000
4	781.13502163	-6.02E-013	-9.73E-013	-1	0.00E+000
4	781.13846376	-9.76E-013	-4.84E-013	0	0.00E+000
4	781.13901914	-4.61E-013	-9.80E-013	-1	0.00E+000
4	781.14518134	-9.80E-013	-4.97E-013	0	0.00E+000
4	781.14657986	-6.14E-013	-1.02E-012	-1	0.00E+000
4	781.14699102	-1.02E-012	-5.82E-013	0	0.00E+000
4	781.14973979	-5.21E-013	-9.58E-013	-1	0.00E+000
4	781.15091066	-9.58E-013	-5.37E-013	0	0.00E+000
4	781.15184302	-5.37E-013	-9.83E-013	-1	0.00E+000
4	781.15932926	-9.23E-013	-4.67E-013	0	0.00E+000
4	781.16614830	-4.71E-013	-1.04E-012	-1	0.00E+000
4	781.16821629	-9.86E-013	-5.00E-013	0	0.00E+000
4	781.17366167	-5.10E-013	-9.59E-013	-1	0.00E+000
4	781.17463564	-9.59E-013	-5.57E-013	0	0.00E+000
4	781.17649238	-6.49E-013	-1.21E-012	-1	0.00E+000
4	781.17937171	-1.13E-012	-5.88E-013	0	0.00E+000
4	781.18453286	-5.91E-013	-1.26E-012	-1	0.00E+000
4	781.18787127	-1.12E-012	-5.40E-013	0	0.00E+000
4	781.18974744	-5.34E-013	-9.47E-013	-1	0.00E+000
4	781.19859656	-9.47E-013	-5.58E-013	0	0.00E+000
4	781.21718253	-4.86E-013	-1.11E-012	-1	0.00E+000
4	781.21799922	-1.06E-012	-5.07E-013	0	0.00E+000
4	781.22182819	-5.48E-013	-9.03E-013	-1	0.00E+000
4	781.22577973	-9.03E-013	-4.20E-013	0	0.00E+000
4	781.22752689	-4.56E-013	-1.04E-012	-1	0.00E+000
4	781.23237356	-8.74E-013	-2.96E-013	0	0.00E+000
4	781.24036373	-4.44E-013	-8.80E-013	-1	0.00E+000
4	781.24412630	-8.80E-013	-3.53E-013	0	0.00E+000
4	781.24553287	-3.53E-013	-8.30E-013	-1	0.00E+000
4	781.24655015	-8.30E-013	-3.37E-013	0	0.00E+000
4	781.25888182	-4.12E-013	-8.20E-013	-1	0.00E+000
4	781.26023469	-8.20E-013	-3.94E-013	0	0.00E+000
4	781.26061000	-3.94E-013	-7.64E-013	-1	0.00E+000
4	781.26195356	-7.64E-013	-3.90E-013	0	0.00E+000
4	781.32410861	-5.34E-013	-1.03E-012	-1	0.00E+000
4	781.32480044	-1.03E-012	-4.50E-013	0	0.00E+000
4	781.37223138	-4.57E-013	-8.89E-013	-1	0.00E+000
4	781.37310354	-8.89E-013	-4.03E-013	0	0.00E+000
4	781.38228581	-5.75E-013	-9.03E-013	-1	0.00E+000
4	781.38614776	-1.04E-012	-5.31E-013	0	0.00E+000
4	781.42105304	-4.93E-013	-9.66E-013	-1	0.00E+000
4	781.42828026	-9.66E-013	-5.18E-013	0	0.00E+000
4	781.44428519	-5.08E-013	-9.59E-013	-1	0.00E+000
4	781.44883500	-8.63E-013	-3.62E-013	0	0.00E+000
4	781.45035384	-3.62E-013	-9.58E-013	-1	0.00E+000
4	781.45277090	-7.90E-013	-3.95E-013	0	0.00E+000
4	781.45311675	-3.95E-013	-9.61E-013	-1	0.00E+000
4	781.45518711	-9.06E-013	-5.18E-013	0	0.00E+000
4	781.47529258	-3.74E-013	-8.36E-013	-1	0.00E+000
4	781.47750189	-1.01E-012	-4.00E-013	0	0.00E+000
4	781.47988026	-4.00E-013	-8.77E-013	-1	0.00E+000
4	781.48358468	-8.30E-013	-3.95E-013	0	0.00E+000
4	781.48713462	-3.87E-013	-9.12E-013	-1	0.00E+000
4	781.48829839	-9.12E-013	-4.06E-013	0	0.00E+000
4	781.48886765	-5.86E-013	-8.86E-013	-1	0.00E+000
4	781.48994964	-8.86E-013	-4.74E-013	0	0.00E+000
4	781.51373946	-4.43E-013	-9.27E-013	-1	0.00E+000
4	781.51950268	-9.13E-013	-3.45E-013	0	0.00E+000
4	781.53962794	-4.73E-013	-8.60E-013	-1	0.00E+000
4	781.54473026	-8.60E-013	-3.33E-013	0	0.00E+000
