2	288.95319215	3.66E-013	-5.93E-013	-1	0.00E+000
2	288.95576771	-6.35E-013	3.96E-013	0	0.00E+000
2	288.96071382	3.27E-013	-6.85E-013	-1	0.00E+000
2	288.96232980	-6.85E-013	3.07E-013	0	0.00E+000
2	289.07429905	3.38E-013	-6.31E-013	-1	0.00E+000
2	289.07497657	-6.31E-013	4.10E-013	0	0.00E+000
2	289.16156341	3.30E-013	-1.35E-013	-1	0.00E+000
2	289.16182773	-1.35E-013	4.01E-013	0	0.00E+000
2	289.19168585	3.64E-013	-3.11E-014	-1	0.00E+000
2	289.19222439	-3.11E-014	3.80E-013	0	0.00E+000
2	289.20746623	3.84E-013	8.51E-014	-1	0.00E+000
2	289.20966082	8.84E-014	3.22E-013	0	0.00E+000
2	289.21455188	3.22E-013	4.36E-014	-1	0.00E+000
2	289.21979052	1.20E-013	4.30E-013	0	0.00E+000
2	289.23003200	4.30E-013	-2.87E-013	-1	0.00E+000
2	289.23149014	-2.87E-013	4.14E-013	0	0.00E+000
2	289.23352528	3.45E-013	-8.38E-014	-1	0.00E+000
2	289.23381210	-8.38E-014	3.63E-013	0	0.00E+000
2	289.26436003	3.55E-013	-2.65E-013	-1	0.00E+000
2	289.26481635	-2.65E-013	3.54E-013	0	0.00E+000
2	289.35596596	4.31E-013	-4.63E-013	-1	0.00E+000
2	289.35721575	-4.63E-013	4.06E-013	0	0.00E+000
2	289.35783142	4.06E-013	-5.33E-013	-1	0.00E+000
2	289.36070510	-4.83E-013	3.64E-013	0	0.00E+000
2	289.36097055	3.64E-013	-6.00E-013	-1	0.00E+000
2	289.36562752	-4.37E-013	3.33E-013	0	0.00E+000
2	289.37500996	3.87E-013	-9.39E-014	-1	0.00E+000
2	289.37528066	-9.39E-014	3.81E-013	0	0.00E+000
2	289.47928209	3.76E-013	3.08E-014	-1	0.00E+000
2	289.48026181	3.08E-014	3.81E-013	0	0.00E+000
2	289.57498982	3.97E-013	-4.89E-013	-1	0.00E+000
2	289.57584344	-4.89E-013	4.00E-013	0	0.00E+000
2	289.65379904	3.74E-013	-4.72E-013	-1	0.00E+000
2	289.65432043	-4.72E-013	2.65E-013	0	0.00E+000
2	289.65770204	4.16E-013	-4.12E-013	-1	0.00E+000
2	289.66433106	-4.45E-013	3.51E-013	0	0.00E+000
2	289.66617207	3.98E-013	-5.12E-013	-1	0.00E+000
2	289.68221838	-4.88E-013	3.22E-013	0	0.00E+000
2	289.69155407	2.87E-013	-6.87E-013	-1	0.00E+000
2	289.69233203	-6.87E-013	3.52E-013	0	0.00E+000
2	289.69583709	3.24E-013	-4.61E-013	-1	0.00E+000
2	289.69620147	-4.61E-013	3.09E-013	0	0.00E+000
2	289.69780126	3.09E-013	-4.38E-013	-1	0.00E+000
2	289.69850573	-4.38E-013	3.41E-013	0	0.00E+000
2	289.69904031	3.41E-013	-4.48E-013	-1	0.00E+000
2	289.70697876	-5.32E-013	3.57E-013	0	0.00E+000
2	289.70716075	3.57E-013	-4.24E-013	-1	0.00E+000
2	289.71534662	-5.41E-013	2.72E-013	0	0.00E+000
2	289.71635347	2.72E-013	-6.80E-013	-1	0.00E+000
2	289.72334812	-5.89E-013	3.40E-013	0	0.00E+000
2	289.72424656	3.40E-013	-3.90E-013	-1	0.00E+000
2	289.72471323	-2.50E-013	2.59E-013	0	0.00E+000
2	289.72509934	2.59E-013	-4.69E-013	-1	0.00E+000
2	289.72571560	-4.69E-013	3.16E-013	0	0.00E+000
2	289.72674748	3.16E-013	-3.85E-013	-1	0.00E+000
2	289.72823017	-3.85E-013	3.58E-013	0	0.00E+000
2	289.73346411	4.25E-013	-3.00E-013	-1	0.00E+000
2	289.73385516	-3.00E-013	3.13E-013	0	0.00E+000
2	289.76841662	4.71E-013	-4.13E-013	-1	0.00E+000
2	289.76939014	-4.13E-013	4.60E-013	0	0.00E+000
2	289.78050024	4.26E-013	-3.11E-013	-1	0.00E+000
2	289.78280792	-2.96E-013	4.39E-013	0	0.00E+000
2	289.78315460	4.39E-013	-3.31E-013	-1	0.00E+000
2	289.78411676	-3.31E-013	3.65E-013	0	0.00E+000
2	289.81063647	4.94E-013	-1.69E-013	-1	0.00E+000
2	289.81097725	-1.69E-013	4.30E-013	0	0.00E+000
2	289.84886202	4.55E-013	-4.04E-013	-1	0.00E+000
2	289.85401099	-4.70E-013	4.26E-013	0	0.00E+000
2	289.85911533	4.04E-013	-5.12E-013	-1	0.00E+000
2	289.85993384	-5.12E-013	4.97E-013	0	0.00E+000
2	289.86060577	4.97E-013	-3.83E-013	-1	0.00E+000
2	289.86924446	-4.51E-013	4.13E-013	0	0.00E+000
2	289.86984930	3.11E-013	-3.35E-013	-1	0.00E+000
2	289.87973096	-2.97E-013	4.43E-013	0	0.00E+000
2	289.88012703	4.43E-013	-3.48E-013	-1	0.00E+000
2	289.88429661	-3.62E-013	3.29E-013	0	0.00E+000
2	289.88498800	3.29E-013	-5.94E-013	-1	0.00E+000
2	289.88563612	-5.94E-013	3.96E-013	0	0.00E+000
2	289.91218758	4.23E-013	-3.04E-013	-1	0.00E+000
2	289.91261904	-3.04E-013	4.32E-013	0	0.00E+000
2	289.91540731	4.61E-013	-3.31E-013	-1	0.00E+000
2	289.91788324	-3.53E-013	4.41E-013	0	0.00E+000
2	289.94526188	4.79E-013	-4.97E-013	-1	0.00E+000
2	289.94582490	-4.97E-013	4.57E-013	0	0.00E+000
2	289.95425768	3.95E-013	-2.71E-013	-1	0.00E+000
2	289.95467466	-2.71E-013	4.98E-013	0	0.00E+000
2	290.02250222	4.83E-013	-4.09E-013	-1	0.00E+000
2	290.02320982	-4.09E-013	4.09E-013	0	0.00E+000
2	290.04860784	4.85E-013	-3.59E-013	-1	0.00E+000
2	290.05066348	-3.99E-013	3.78E-013	0	0.00E+000
2	290.11352255	5.29E-013	-1.71E-013	-1	0.00E+000
2	290.11381225	-1.71E-013	4.30E-013	0	0.00E+000
2	290.11556338	4.19E-013	-3.59E-013	-1	0.00E+000
2	290.11640094	-3.59E-013	3.96E-013	0	0.00E+000
2	290.16883585	4.77E-013	-3.78E-013	-1	0.00E+000
2	290.17049750	-3.78E-013	4.57E-013	0	0.00E+000
2	290.22657336	4.86E-013	-1.77E-013	-1	0.00E+000
2	290.22737156	-1.77E-013	4.92E-013	0	0.00E+000
2	290.23818874	4.76E-013	-3.94E-013	-1	0.00E+000
2	290.23931794	-3.94E-013	4.97E-013	0	0.00E+000
2	290.26093900	4.32E-013	-4.15E-013	-1	0.00E+000
2	290.26255534	-4.15E-013	4.14E-013	0	0.00E+000
2	290.30215880	3.85E-013	-4.27E-013	-1	0.00E+000
2	290.30257037	-4.27E-013	3.92E-013	0	0.00E+000
2	290.33959861	4.80E-013	-3.28E-013	-1	0.00E+000
2	290.34123592	-3.28E-013	5.29E-013	0	0.00E+000
2	290.44045607	4.59E-013	-4.27E-013	-1	0.00E+000
2	290.44118567	-4.27E-013	4.93E-013	0	0.00E+000
2	290.45267375	4.36E-013	-4.56E-013	-1	0.00E+000
2	290.45551104	-5.02E-013	4.34E-013	0	0.00E+000
2	290.45645790	4.34E-013	-3.54E-013	-1	0.00E+000
2	290.46202393	-2.67E-013	3.37E-013	0	0.00E+000
2	290.46254183	3.37E-013	-4.46E-013	-1	0.00E+000
2	290.46356861	-4.46E-013	4.27E-013	0	0.00E+000
2	290.46523503	4.27E-013	-4.10E-013	-1	0.00E+000
2	290.46752165	-4.11E-013	4.56E-013	0	0.00E+000
2	290.48284679	4.22E-013	-2.61E-013	-1	0.00E+000
2	290.48382090	-2.61E-013	4.22E-013	0	0.00E+000
2	290.49659397	4.94E-013	-4.33E-014	-1	0.00E+000
2	290.49691117	-4.33E-014	4.52E-013	0	0.00E+000
2	290.50332642	5.53E-013	-3.75E-013	-1	0.00E+000
2	290.50408820	-3.75E-013	5.39E-013	0	0.00E+000
2	290.50599044	5.39E-013	-2.89E-013	-1	0.00E+000
2	290.50644002	-2.89E-013	4.58E-013	0	0.00E+000
2	290.53370830	4.63E-013	-8.39E-014	-1	0.00E+000
2	290.53406593	-8.39E-014	5.26E-013	0	0.00E+000
2	290.53757588	4.02E-013	-3.11E-013	-1	0.00E+000
2	290.53833958	-3.11E-013	4.40E-013	0	0.00E+000
2	290.53953902	4.40E-013	-6.82E-014	-1	0.00E+000
2	290.53981408	-6.82E-014	4.36E-013	0	0.00E+000
2	290.54100542	4.36E-013	-3.48E-013	-1	0.00E+000
2	290.54570697	-4.69E-013	3.88E-013	0	0.00E+000
2	290.54614587	3.88E-013	-4.92E-013	-1	0.00E+000
2	290.54781432	-4.92E-013	4.56E-013	0	0.00E+000
2	290.61207786	4.35E-013	-4.13E-013	-1	0.00E+000
2	290.61427288	-2.77E-013	4.69E-013	0	0.00E+000
2	290.61459158	4.69E-013	-9.03E-014	-1	0.00E+000
2	290.61496282	-9.03E-014	4.26E-013	0	0.00E+000
2	290.61796535	4.69E-013	-1.94E-013	-1	0.00E+000
2	290.61838416	-1.94E-013	4.95E-013	0	0.00E+000
2	290.61959315	4.95E-013	-3.26E-013	-1	0.00E+000
2	290.62543925	-5.24E-013	4.51E-013	0	0.00E+000
2	290.62690218	4.51E-013	-4.01E-013	-1	0.00E+000
2	290.62838965	-4.01E-013	4.87E-013	0	0.00E+000
2	290.62929615	4.87E-013	-3.47E-013	-1	0.00E+000
2	290.63114686	-3.39E-013	4.57E-013	0	0.00E+000
2	290.63360637	5.01E-013	-4.61E-013	-1	0.00E+000
2	290.63414838	-4.61E-013	4.32E-013	0	0.00E+000
2	290.63482654	3.75E-013	-7.25E-014	-1	0.00E+000
2	290.63508739	-7.25E-014	4.49E-013	0	0.00E+000
2	290.63580002	4.49E-013	-4.30E-013	-1	0.00E+000
2	290.63920618	-4.59E-013	4.70E-013	0	0.00E+000
2	290.63944266	4.70E-013	-4.01E-013	-1	0.00E+000
2	290.64063319	-4.01E-013	3.93E-013	0	0.00E+000
2	290.64107012	3.93E-013	-4.44E-013	-1	0.00E+000
2	290.64444429	-5.15E-013	4.79E-013	0	0.00E+000
2	290.67837897	4.22E-013	-3.53E-013	-1	0.00E+000
2	290.68191432	-3.23E-013	4.44E-013	0	0.00E+000
2	290.68514715	4.37E-013	-4.76E-013	-1	0.00E+000
2	290.68878950	-5.81E-013	4.51E-013	0	0.00E+000
2	290.69489635	3.89E-013	-3.50E-013	-1	0.00E+000
2	290.69548766	-3.50E-013	4.18E-013	0	0.00E+000
2	290.70563210	4.43E-013	-4.86E-013	-1	0.00E+000
2	290.70840500	-4.06E-013	4.59E-013	0	0.00E+000
2	290.72710304	4.48E-013	-5.46E-013	-1	0.00E+000
2	290.72829197	-5.46E-013	4.41E-013	0	0.00E+000
2	290.73704404	4.57E-013	-4.14E-013	-1	0.00E+000
2	290.73893944	-1.22E-013	4.63E-013	0	0.00E+000
2	290.74051399	4.63E-013	-2.74E-013	-1	0.00E+000
2	290.74185651	-2.74E-013	5.30E-013	0	0.00E+000
2	290.74318271	5.30E-013	-4.26E-013	-1	0.00E+000
2	290.74400675	-4.26E-013	5.10E-013	0	0.00E+000
2	290.74446640	5.10E-013	-4.22E-013	-1	0.00E+000
2	290.74817103	-4.29E-013	4.49E-013	0	0.00E+000
2	290.74862854	4.49E-013	-3.83E-013	-1	0.00E+000
2	290.76544754	-4.20E-013	4.28E-013	0	0.00E+000
2	290.76838704	5.21E-013	-3.36E-013	-1	0.00E+000
2	290.77419083	-3.46E-013	4.69E-013	0	0.00E+000
2	290.77474260	4.69E-013	-2.93E-013	-1	0.00E+000
2	290.77609867	-2.93E-013	4.83E-013	0	0.00E+000
2	290.78686258	4.63E-013	-8.25E-014	-1	0.00E+000
2	290.78771531	-8.25E-014	4.55E-013	0	0.00E+000
2	290.78840539	4.55E-013	-2.85E-013	-1	0.00E+000
2	290.79679382	-3.00E-013	5.77E-013	0	0.00E+000
2	290.80383326	5.12E-013	-5.12E-013	-1	0.00E+000
2	290.80781850	-3.93E-013	4.64E-013	0	0.00E+000
2	290.80809896	4.64E-013	-4.34E-013	-1	0.00E+000
2	290.81427397	-3.99E-013	4.76E-013	0	0.00E+000
2	290.81461879	4.76E-013	-5.02E-013	-1	0.00E+000
2	290.82150704	-4.32E-013	5.13E-013	0	0.00E+000
2	290.82183981	5.13E-013	-5.52E-013	-1	0.00E+000
2	290.84975543	-4.51E-013	4.69E-013	0	0.00E+000
2	290.84999265	4.69E-013	-5.11E-013	-1	0.00E+000
2	290.88127950	-4.74E-013	4.26E-013	0	0.00E+000
2	290.88145723	4.26E-013	-4.38E-013	-1	0.00E+000
2	290.92294265	-4.38E-013	4.14E-013	0	0.00E+000
2	290.92498365	4.06E-013	-4.87E-013	-1	0.00E+000
2	290.92572409	-4.87E-013	3.71E-013	0	0.00E+000
2	290.92800884	4.45E-013	-3.83E-013	-1	0.00E+000
2	290.95349265	-3.83E-013	3.54E-013	0	0.00E+000
2	290.96113670	4.11E-013	-4.04E-013	-1	0.00E+000
2	290.96681358	-4.06E-013	3.99E-013	0	0.00E+000
2	290.96704265	3.99E-013	-4.47E-013	-1	0.00E+000
2	290.98218449	-3.81E-013	4.74E-013	0	0.00E+000
2	290.98311240	4.74E-013	-2.65E-013	-1	0.00E+000
2	290.98355186	-2.65E-013	4.03E-013	0	0.00E+000
2	290.98528905	4.03E-013	-2.94E-013	-1	0.00E+000
2	290.98572506	-2.94E-013	4.43E-013	0	0.00E+000
2	290.98907114	3.39E-013	-3.65E-013	-1	0.00E+000
2	290.99659265	-3.65E-013	4.68E-013	0	0.00E+000
2	290.99764142	4.68E-013	-1.68E-013	-1	0.00E+000
2	290.99801758	-1.68E-013	3.25E-013	0	0.00E+000
2	290.99935845	3.25E-013	-3.55E-013	-1	0.00E+000
2	291.00056718	-3.55E-013	4.49E-013	0	0.00E+000
2	291.06831429	4.53E-013	-4.18E-013	-1	0.00E+000
2	291.06877785	-4.18E-013	4.99E-013	0	0.00E+000
2	291.09307125	4.32E-013	-3.92E-013	-1	0.00E+000
2	291.09390069	-3.92E-013	4.55E-013	0	0.00E+000
2	291.09796682	3.51E-013	2.20E-014	-1	0.00E+000
2	291.09930296	2.20E-014	4.62E-013	0	0.00E+000
2	291.11299525	4.63E-013	-5.26E-013	-1	0.00E+000
2	291.11728593	-3.73E-013	4.50E-013	0	0.00E+000
2	291.12221264	4.85E-013	-3.38E-014	-1	0.00E+000
2	291.12252757	-3.38E-014	5.33E-013	0	0.00E+000
2	291.12497118	4.22E-013	-2.94E-013	-1	0.00E+000
2	291.12542205	-1.57E-013	4.34E-013	0	0.00E+000
2	291.12577419	4.34E-013	-3.90E-013	-1	0.00E+000
2	291.12639749	-3.90E-013	4.18E-013	0	0.00E+000
2	291.13617994	4.73E-013	-4.29E-013	-1	0.00E+000
2	291.13706964	-4.29E-013	4.75E-013	0	0.00E+000
2	291.13737052	4.75E-013	-3.54E-013	-1	0.00E+000
2	291.14030112	-3.80E-013	4.59E-013	0	0.00E+000
2	291.19332347	3.81E-013	-2.93E-013	-1	0.00E+000
2	291.19377042	-2.93E-013	5.05E-013	0	0.00E+000
2	291.20564103	4.80E-013	-3.90E-013	-1	0.00E+000
2	291.20668555	-3.90E-013	4.65E-013	0	0.00E+000
2	291.22860373	4.81E-013	-3.77E-013	-1	0.00E+000
2	291.22916242	-3.77E-013	4.94E-013	0	0.00E+000
2	291.24082295	4.13E-013	-2.68E-013	-1	0.00E+000
2	291.24123253	-2.68E-013	4.48E-013	0	0.00E+000
2	291.27209076	3.86E-013	-3.68E-013	-1	0.00E+000
2	291.27644335	-4.38E-013	4.47E-013	0	0.00E+000
2	291.27771482	4.47E-013	-3.74E-013	-1	0.00E+000
2	291.32801528	-3.37E-013	4.60E-013	0	0.00E+000
2	291.32828669	4.60E-013	-4.48E-013	-1	0.00E+000
2	291.33867686	-4.96E-013	4.49E-013	0	0.00E+000
2	291.34308520	4.56E-013	-3.82E-013	-1	0.00E+000
2	291.34606913	-4.26E-013	4.31E-013	0	0.00E+000
2	291.34698275	4.31E-013	-3.51E-013	-1	0.00E+000
2	291.35705114	-3.56E-013	4.36E-013	0	0.00E+000
2	291.35730340	4.36E-013	-3.59E-013	-1	0.00E+000
2	291.37771174	-4.71E-013	5.02E-013	0	0.00E+000
2	291.38016211	4.62E-013	-3.34E-013	-1	0.00E+000
2	291.40134995	-3.49E-013	5.27E-013	0	0.00E+000
2	291.40420213	5.20E-013	-4.22E-013	-1	0.00E+000
2	291.40649509	-4.19E-013	4.72E-013	0	0.00E+000
2	291.43827470	4.79E-013	-3.84E-013	-1	0.00E+000
2	291.43882976	-3.84E-013	4.48E-013	0	0.00E+000
2	291.45271837	4.92E-013	-2.77E-013	-1	0.00E+000
2	291.45838047	-4.67E-013	4.76E-013	0	0.00E+000
2	291.45934338	4.76E-013	-2.12E-013	-1	0.00E+000
2	291.45978762	-2.12E-013	4.92E-013	0	0.00E+000
2	291.46073311	4.92E-013	-4.59E-013	-1	0.00E+000
2	291.46480763	-4.97E-013	5.04E-013	0	0.00E+000
2	291.46608447	5.04E-013	-4.56E-013	-1	0.00E+000
2	291.46689455	-4.56E-013	4.75E-013	0	0.00E+000
2	291.46996192	4.73E-013	-2.84E-013	-1	0.00E+000
2	291.47599738	-3.02E-013	5.74E-013	0	0.00E+000
2	291.47687857	5.74E-013	-3.07E-013	-1	0.00E+000
2	291.48880303	-4.56E-013	5.34E-013	0	0.00E+000
2	291.49855678	4.28E-013	-3.38E-013	-1	0.00E+000
2	291.50054089	-3.07E-013	5.24E-013	0	0.00E+000
2	291.50244660	5.33E-013	-4.08E-013	-1	0.00E+000
2	291.50311977	-4.08E-013	5.29E-013	0	0.00E+000
2	291.50666869	5.17E-013	-3.00E-013	-1	0.00E+000
2	291.50692181	-3.00E-013	5.03E-013	0	0.00E+000
2	291.50753051	5.03E-013	-2.72E-013	-1	0.00E+000
2	291.51070041	-2.97E-013	4.68E-013	0	0.00E+000
2	291.74554192	4.19E-013	-2.60E-013	-1	0.00E+000
2	291.74703923	-2.60E-013	4.48E-013	0	0.00E+000
2	291.74783885	4.48E-013	-3.96E-013	-1	0.00E+000
2	291.75244636	-3.70E-013	-9.07E-013	-2	0.00E+000
2	291.75379263	-9.07E-013	-3.98E-013	-1	0.00E+000
2	291.75532696	-3.98E-013	4.64E-013	0	0.00E+000
2	291.75570036	4.64E-013	-4.57E-013	-1	0.00E+000
2	291.76129057	-3.22E-013	4.46E-013	0	0.00E+000
2	291.76153209	4.46E-013	-2.99E-013	-1	0.00E+000
2	291.77331555	-3.70E-013	-1.34E-012	-2	0.00E+000
2	291.77858917	-1.34E-012	-3.85E-013	-1	0.00E+000
2	291.78279782	-2.38E-013	-1.29E-012	-2	0.00E+000
2	291.78379741	-1.29E-012	-4.23E-013	-1	0.00E+000
2	291.78470643	-4.23E-013	4.82E-013	0	0.00E+000
2	291.78492257	4.82E-013	-4.95E-013	-1	0.00E+000
2	291.78659615	-4.95E-013	-1.20E-012	-2	0.00E+000
2	291.79043903	-1.25E-012	-5.44E-013	-1	0.00E+000
2	291.79079386	-5.44E-013	-1.37E-012	-2	0.00E+000
2	291.79492870	-1.21E-012	-5.39E-013	-1	0.00E+000
2	291.79541059	-5.39E-013	-1.14E-012	-2	0.00E+000
2	291.79736136	-1.14E-012	-6.13E-013	-1	0.00E+000
2	291.79772448	-6.13E-013	-1.31E-012	-2	0.00E+000
2	291.80344113	-1.25E-012	-3.67E-013	-1	0.00E+000
2	291.80418255	-3.67E-013	-1.13E-012	-2	0.00E+000
2	291.80888824	-1.29E-012	-3.66E-013	-1	0.00E+000
2	291.80909778	-3.66E-013	4.67E-013	0	0.00E+000
2	291.80972354	4.67E-013	-4.37E-013	-1	0.00E+000
2	291.81198701	-4.37E-013	-1.18E-012	-2	0.00E+000
2	291.81277645	-1.18E-012	-3.48E-013	-1	0.00E+000
2	291.82211857	-4.45E-013	4.94E-013	0	0.00E+000
2	291.82232725	4.94E-013	-3.13E-013	-1	0.00E+000
2	291.84028996	-4.19E-013	-1.46E-012	-2	0.00E+000
2	291.84656976	-1.28E-012	-4.24E-013	-1	0.00E+000
2	291.84928159	-3.51E-013	-1.10E-012	-2	0.00E+000
2	291.85028904	-1.10E-012	-3.56E-013	-1	0.00E+000
2	291.86897220	-2.60E-013	4.78E-013	0	0.00E+000
2	291.86962421	4.78E-013	-2.14E-013	-1	0.00E+000
2	291.87548326	-2.57E-013	4.88E-013	0	0.00E+000
2	291.87638766	4.88E-013	-3.20E-013	-1	0.00E+000
2	291.89852648	-3.35E-013	4.21E-013	0	0.00E+000
2	291.89895543	2.75E-013	-3.97E-013	-1	0.00E+000
2	291.89941877	-3.97E-013	5.26E-013	0	0.00E+000
2	291.90126731	5.26E-013	-3.37E-013	-1	0.00E+000
2	291.90222771	-3.37E-013	-1.36E-012	-2	0.00E+000
2	291.90301568	-1.36E-012	-3.09E-013	-1	0.00E+000
2	291.92466185	-3.32E-013	4.79E-013	0	0.00E+000
2	291.92489263	4.79E-013	-3.15E-013	-1	0.00E+000
2	291.96024714	-3.01E-013	5.35E-013	0	0.00E+000
2	291.96236249	5.35E-013	-3.70E-013	-1	0.00E+000
2	291.97549313	-3.71E-013	5.41E-013	0	0.00E+000
2	291.97570986	5.41E-013	-2.92E-013	-1	0.00E+000
2	292.01982215	-2.55E-013	-1.11E-012	-2	0.00E+000
2	292.02037237	-1.11E-012	-3.22E-013	-1	0.00E+000
2	292.02754440	-3.04E-013	4.56E-013	0	0.00E+000
2	292.02827935	4.56E-013	-3.18E-013	-1	0.00E+000
2	292.04385561	-2.46E-013	4.97E-013	0	0.00E+000
2	292.04454593	4.97E-013	-3.92E-013	-1	0.00E+000
2	292.11574262	-3.92E-013	2.42E-013	0	0.00E+000
2	292.11708280	2.42E-013	-7.17E-013	-1	0.00E+000
2	292.11918031	-6.65E-013	9.51E-014	0	0.00E+000
2	292.12195593	1.58E-013	-7.38E-013	-1	0.00E+000
2	292.12375847	-7.38E-013	9.37E-014	0	0.00E+000
2	292.12398175	9.37E-014	-4.32E-013	-1	0.00E+000
2	292.12426661	-4.32E-013	1.45E-013	0	0.00E+000
2	292.12489009	1.45E-013	-5.85E-013	-1	0.00E+000
2	292.12764754	-7.67E-013	2.11E-013	0	0.00E+000
2	292.12843259	2.11E-013	-5.19E-013	-1	0.00E+000
2	292.13053343	-7.79E-013	-1.46E-012	-2	0.00E+000
2	292.13157330	-1.46E-012	-6.49E-013	-1	0.00E+000
2	292.13730434	-6.10E-013	2.22E-013	0	0.00E+000
2	292.13842710	2.22E-013	-5.65E-013	-1	0.00E+000
2	292.14088544	-5.19E-013	1.54E-013	0	0.00E+000
2	292.14576070	3.85E-014	-6.07E-013	-1	0.00E+000
2	292.14617649	-6.07E-013	-4.84E-015	0	0.00E+000
2	292.21221600	1.75E-013	-7.27E-013	-1	0.00E+000
2	292.21395899	-7.27E-013	2.45E-014	0	0.00E+000
2	292.21433477	2.45E-014	-7.10E-013	-1	0.00E+000
2	292.21999717	-8.01E-013	1.96E-013	0	0.00E+000
2	292.22175088	1.96E-013	-6.57E-013	-1	0.00E+000
2	292.22636392	-4.98E-013	2.25E-013	0	0.00E+000
2	292.22686420	2.25E-013	-7.08E-013	-1	0.00E+000
2	292.22835826	-7.08E-013	1.18E-013	0	0.00E+000
2	292.23017404	6.89E-014	-8.21E-013	-1	0.00E+000
2	292.24441135	-7.07E-013	2.92E-015	0	0.00E+000
2	292.24511244	2.92E-015	-7.41E-013	-1	0.00E+000
2	292.24596978	-7.41E-013	9.84E-014	0	0.00E+000
2	292.25547764	1.68E-013	-6.79E-013	-1	0.00E+000
2	292.25629828	-6.79E-013	5.60E-014	0	0.00E+000
2	292.25678576	5.60E-014	-7.10E-013	-1	0.00E+000
2	292.29234820	-7.30E-013	-1.54E-012	-2	0.00E+000
2	292.29309620	-1.54E-012	-5.47E-013	-1	0.00E+000
2	292.30728893	-7.01E-013	-1.68E-012	-2	0.00E+000
2	292.30831049	-1.68E-012	-7.02E-013	-1	0.00E+000
2	292.33915609	-6.42E-013	1.84E-013	0	0.00E+000
2	292.35166346	2.92E-013	-3.23E-013	-1	0.00E+000
2	292.35194888	-3.23E-013	1.04E-013	0	0.00E+000
2	292.35624261	1.04E-013	-7.68E-013	-1	0.00E+000
2	292.36317762	-8.27E-013	1.14E-013	0	0.00E+000
2	292.39062948	1.90E-013	-8.12E-013	-1	0.00E+000
2	292.39203979	-8.12E-013	1.65E-013	0	0.00E+000
2	292.39312309	1.65E-013	-4.71E-013	-1	0.00E+000
2	292.39346911	-4.71E-013	1.09E-013	0	0.00E+000
2	292.42499261	1.09E-013	-4.69E-013	-1	0.00E+000
2	292.43474261	-4.69E-013	9.03E-014	0	0.00E+000
2	292.43500325	9.03E-014	-5.91E-013	-1	0.00E+000
2	292.46834261	-5.91E-013	1.51E-014	0	0.00E+000
2	292.46863668	1.51E-014	-7.46E-013	-1	0.00E+000
2	292.50077788	-1.02E-012	-8.87E-014	0	0.00E+000
2	292.50287418	-1.42E-013	-7.48E-013	-1	0.00E+000
2	292.50407008	-7.48E-013	-2.14E-013	0	0.00E+000
2	292.51505983	-1.20E-013	-8.17E-013	-1	0.00E+000
2	292.51976001	-1.01E-012	-9.18E-014	0	0.00E+000
2	292.52010528	-9.18E-014	-1.10E-012	-1	0.00E+000
2	292.53959007	-9.76E-013	-2.08E-013	0	0.00E+000
2	292.54065990	-2.08E-013	-1.03E-012	-1	0.00E+000
2	292.55214896	-9.99E-013	-1.95E-013	0	0.00E+000
2	292.55285514	-1.67E-013	-9.06E-013	-1	0.00E+000
2	292.57444261	-9.06E-013	-1.27E-014	0	0.00E+000
2	292.57495924	-1.27E-014	-9.98E-013	-1	0.00E+000
2	292.62437932	-9.13E-013	4.26E-015	0	0.00E+000
2	292.62489397	4.26E-015	-8.63E-013	-1	0.00E+000
2	292.62819754	-9.53E-013	-1.68E-012	-2	0.00E+000
2	292.62865756	-1.68E-012	-9.83E-013	-1	0.00E+000
2	292.64695907	-9.90E-013	4.93E-014	0	0.00E+000
2	292.64714748	4.93E-014	-1.06E-012	-1	0.00E+000
2	292.65862422	-1.04E-012	-1.71E-012	-2	0.00E+000
2	292.65894432	-1.71E-012	-8.73E-013	-1	0.00E+000
2	292.66477234	-9.08E-013	-1.42E-012	-2	0.00E+000
2	292.66528832	-1.42E-012	-7.33E-013	-1	0.00E+000
2	292.66822361	-7.51E-013	1.32E-013	0	0.00E+000
2	292.67540842	1.61E-013	-7.43E-013	-1	0.00E+000
2	292.67688423	-7.43E-013	-1.07E-013	0	0.00E+000
2	292.67737301	-1.07E-013	-7.60E-013	-1	0.00E+000
2	292.68057763	-6.31E-013	1.70E-013	0	0.00E+000
2	292.68164082	1.70E-013	-7.22E-013	-1	0.00E+000
2	292.68215588	-7.22E-013	7.14E-015	0	0.00E+000
2	292.68378718	1.88E-014	-8.26E-013	-1	0.00E+000
2	292.68523340	-8.26E-013	2.63E-013	0	0.00E+000
2	292.68623505	2.63E-013	-7.75E-013	-1	0.00E+000
2	292.69368432	-5.03E-013	1.84E-013	0	0.00E+000
2	292.69389261	1.84E-013	-5.26E-013	-1	0.00E+000
2	292.70825581	-6.69E-013	-1.80E-012	-2	0.00E+000
2	292.70903845	-1.80E-012	-7.01E-013	-1	0.00E+000
2	292.70984086	-7.01E-013	-1.77E-012	-2	0.00E+000
2	292.71038538	-1.77E-012	-7.68E-013	-1	0.00E+000
2	292.72112152	-6.26E-013	-1.51E-012	-2	0.00E+000
2	292.72154751	-1.51E-012	-6.73E-013	-1	0.00E+000
2	292.72295962	-6.73E-013	1.52E-013	0	0.00E+000
2	292.72319261	1.52E-013	-7.52E-013	-1	0.00E+000
2	292.72431172	-7.52E-013	-1.40E-012	-2	0.00E+000
2	292.72519710	-1.40E-012	-7.26E-013	-1	0.00E+000
2	292.72544261	-7.26E-013	-1.66E-012	-2	0.00E+000
2	292.72587249	-1.66E-012	-6.19E-013	-1	0.00E+000
2	292.72823753	-6.51E-013	-1.27E-012	-2	0.00E+000
2	292.72856820	-1.27E-012	-5.78E-013	-1	0.00E+000
2	292.73610246	-8.37E-013	-1.44E-012	-2	0.00E+000
2	292.73684170	-1.44E-012	-6.96E-013	-1	0.00E+000
2	292.73744074	-6.41E-013	-1.12E-012	-2	0.00E+000
2	292.73769336	-1.12E-012	-6.86E-013	-1	0.00E+000
2	292.73961100	-6.87E-013	1.69E-013	0	0.00E+000
2	292.74047511	1.69E-013	-6.03E-013	-1	0.00E+000
2	292.74551283	-6.13E-013	1.90E-013	0	0.00E+000
2	292.74571753	1.90E-013	-6.44E-013	-1	0.00E+000
2	292.75464888	-6.54E-013	2.18E-013	0	0.00E+000
2	292.75499731	2.18E-013	-8.18E-013	-1	0.00E+000
2	292.77531440	-6.67E-013	2.40E-013	0	0.00E+000
2	292.77553792	2.40E-013	-7.59E-013	-1	0.00E+000
2	292.78340089	-6.00E-013	1.67E-013	0	0.00E+000
2	292.80641898	3.55E-013	-4.28E-013	-1	0.00E+000
2	292.81224892	-7.33E-013	1.68E-013	0	0.00E+000
2	292.81271162	1.68E-013	-7.03E-013	-1	0.00E+000
2	292.81592442	-7.55E-013	2.89E-013	0	0.00E+000
2	292.82214494	8.95E-014	-7.82E-013	-1	0.00E+000
2	292.82307159	-7.82E-013	1.41E-013	0	0.00E+000
2	292.82381873	1.41E-013	-6.65E-013	-1	0.00E+000
2	292.82478723	-6.65E-013	-1.32E-012	-2	0.00E+000
2	292.82518753	-1.32E-012	-5.24E-013	-1	0.00E+000
2	292.83564378	-6.88E-013	4.23E-014	0	0.00E+000
2	292.83604315	4.23E-014	-7.28E-013	-1	0.00E+000
2	292.83655498	-7.28E-013	3.81E-014	0	0.00E+000
2	292.84076068	6.87E-014	-7.06E-013	-1	0.00E+000
2	292.84115990	-7.06E-013	1.54E-013	0	0.00E+000
2	292.84195733	1.54E-013	-5.01E-013	-1	0.00E+000
2	292.84333967	-5.01E-013	-8.66E-014	0	0.00E+000
2	292.84437426	-8.66E-014	-7.54E-013	-1	0.00E+000
2	292.85904577	-8.04E-013	-2.70E-014	0	0.00E+000
2	292.86708027	5.45E-014	-6.93E-013	-1	0.00E+000
2	292.86757205	-6.93E-013	1.36E-013	0	0.00E+000
2	292.87051731	3.99E-014	-8.18E-013	-1	0.00E+000
2	292.87246655	-8.18E-013	1.46E-013	0	0.00E+000
2	292.87337483	1.46E-013	-8.07E-013	-1	0.00E+000
2	292.87444840	-8.07E-013	9.76E-014	0	0.00E+000
2	292.87505062	9.76E-014	-7.91E-013	-1	0.00E+000
2	292.87851604	-8.67E-013	1.07E-013	0	0.00E+000
2	292.87885746	1.07E-013	-7.25E-013	-1	0.00E+000
2	292.88203449	-8.33E-013	1.64E-014	0	0.00E+000
2	292.88324160	1.64E-014	-6.92E-013	-1	0.00E+000
2	292.92302485	-6.95E-013	1.84E-013	0	0.00E+000
2	292.92377943	2.94E-014	-7.38E-013	-1	0.00E+000
2	292.93684260	-7.38E-013	2.10E-013	0	0.00E+000
2	292.93985958	1.90E-013	-6.63E-013	-1	0.00E+000
2	292.97504489	-5.03E-013	1.22E-013	0	0.00E+000
2	292.97538729	1.22E-013	-4.27E-013	-1	0.00E+000
2	293.04549260	-4.27E-013	3.23E-015	0	0.00E+000
2	293.04579313	3.23E-015	-5.97E-013	-1	0.00E+000
2	293.28151043	-5.97E-013	-1.72E-012	-2	0.00E+000
2	293.28276303	-1.72E-012	-7.65E-013	-1	0.00E+000
2	293.28462728	-7.65E-013	-1.85E-012	-2	0.00E+000
2	293.28908437	-1.53E-012	-7.64E-013	-1	0.00E+000
2	293.30494341	-6.32E-013	-1.39E-012	-2	0.00E+000
2	293.30530203	-1.39E-012	-6.80E-013	-1	0.00E+000
2	293.33604259	-6.80E-013	5.91E-014	0	0.00E+000
2	293.33672052	5.91E-014	-7.01E-013	-1	0.00E+000
2	293.36639509	-8.39E-013	1.77E-013	0	0.00E+000
2	293.36664259	1.77E-013	-7.03E-013	-1	0.00E+000
2	293.38863693	-7.20E-013	-1.65E-012	-2	0.00E+000
2	293.38894235	-1.65E-012	-7.40E-013	-1	0.00E+000
2	293.40648308	-8.97E-013	3.90E-013	0	0.00E+000
2	293.40700865	3.90E-013	-8.98E-013	-1	0.00E+000
2	293.42498644	-5.93E-013	-1.45E-012	-2	0.00E+000
2	293.43100795	-1.82E-012	-6.64E-013	-1	0.00E+000
2	293.43250323	-6.64E-013	-1.41E-012	-2	0.00E+000
2	293.43301876	-1.41E-012	-6.60E-013	-1	0.00E+000
2	293.43561171	-6.73E-013	-1.54E-012	-2	0.00E+000
2	293.43755519	-1.65E-012	-8.72E-013	-1	0.00E+000
2	293.50160862	-7.50E-013	8.51E-014	0	0.00E+000
2	293.50299408	8.51E-014	-8.58E-013	-1	0.00E+000
2	293.51361667	-7.62E-013	1.74E-013	0	0.00E+000
2	293.52152514	2.13E-013	-7.10E-013	-1	0.00E+000
2	293.58513183	-8.03E-013	1.81E-013	0	0.00E+000
2	293.58554603	1.78E-013	-7.50E-013	-1	0.00E+000
2	293.58579258	-7.50E-013	8.08E-014	0	0.00E+000
2	293.58615652	8.08E-014	-8.18E-013	-1	0.00E+000
2	293.60654906	-8.29E-013	1.73E-013	0	0.00E+000
2	293.60762688	-2.23E-013	-9.03E-013	-1	0.00E+000
2	293.63497887	-8.45E-013	-1.71E-012	-2	0.00E+000
2	293.63567206	-1.71E-012	-6.05E-013	-1	0.00E+000
2	293.73916019	-8.65E-013	1.88E-013	0	0.00E+000
2	293.74995067	2.26E-013	-7.31E-013	-1	0.00E+000
2	293.75050316	-7.31E-013	1.87E-013	0	0.00E+000
2	293.75339971	1.03E-013	-8.47E-013	-1	0.00E+000
2	293.75402295	-8.47E-013	3.00E-014	0	0.00E+000
2	293.75598853	3.00E-014	-4.87E-013	-1	0.00E+000
2	293.75631522	-4.87E-013	6.14E-014	0	0.00E+000
2	293.75869670	2.43E-013	-9.35E-013	-1	0.00E+000
2	293.75973601	-9.35E-013	5.21E-014	0	0.00E+000
2	293.76291542	1.35E-013	-8.27E-013	-1	0.00E+000
2	293.76705038	-8.96E-013	2.69E-014	0	0.00E+000
2	293.76817486	2.69E-014	-7.40E-013	-1	0.00E+000
2	293.77399853	-7.94E-013	8.95E-014	0	0.00E+000
2	293.77529671	8.95E-014	-7.47E-013	-1	0.00E+000
2	293.77734254	-8.15E-013	6.67E-014	0	0.00E+000
2	293.77756294	6.67E-014	-8.71E-013	-1	0.00E+000
2	293.78151902	-8.62E-013	-1.88E-012	-2	0.00E+000
2	293.78250640	-1.88E-012	-7.62E-013	-1	0.00E+000
2	293.78695160	-6.32E-013	5.94E-015	0	0.00E+000
2	293.78736049	5.94E-015	-6.92E-013	-1	0.00E+000
2	293.78920634	-6.92E-013	2.45E-014	0	0.00E+000
2	293.78960447	2.45E-014	-6.76E-013	-1	0.00E+000
2	293.81939163	-7.35E-013	-1.70E-012	-2	0.00E+000
2	293.82670301	-1.58E-012	-8.67E-013	-1	0.00E+000
2	293.82834153	-8.67E-013	-1.76E-012	-2	0.00E+000
2	293.82970905	-1.76E-012	-9.41E-013	-1	0.00E+000
2	293.83019643	-9.41E-013	-1.74E-012	-2	0.00E+000
2	293.83186819	-1.74E-012	-4.68E-013	-1	0.00E+000
2	293.83425863	-6.31E-013	-1.49E-012	-2	0.00E+000
2	293.83606002	-1.52E-012	-8.87E-013	-1	0.00E+000
2	293.83644878	-8.87E-013	-1.60E-012	-2	0.00E+000
2	293.84446888	-1.65E-012	-8.29E-013	-1	0.00E+000
2	293.84498855	-8.29E-013	-1.64E-012	-2	0.00E+000
2	293.84898683	-1.75E-012	-6.87E-013	-1	0.00E+000
2	293.85308879	-4.21E-013	-1.69E-012	-2	0.00E+000
2	293.85447023	-1.69E-012	-7.03E-013	-1	0.00E+000
2	293.85496876	-9.54E-013	-1.58E-012	-2	0.00E+000
2	293.85539177	-1.58E-012	-7.04E-013	-1	0.00E+000
2	293.85618150	-7.04E-013	-1.80E-012	-2	0.00E+000
2	293.85742539	-1.61E-012	-6.82E-013	-1	0.00E+000
2	293.85765754	-6.82E-013	-1.72E-012	-2	0.00E+000
2	293.86092276	-1.74E-012	-7.28E-013	-1	0.00E+000
2	293.86168307	-7.01E-013	-1.58E-012	-2	0.00E+000
2	293.86291960	-1.58E-012	-8.73E-013	-1	0.00E+000
2	293.86501716	-9.61E-013	-1.46E-012	-2	0.00E+000
2	293.86562395	-1.46E-012	-7.97E-013	-1	0.00E+000
2	293.86605155	-7.97E-013	-1.43E-012	-2	0.00E+000
2	293.86688760	-1.43E-012	-9.35E-013	-1	0.00E+000
2	293.86736174	-9.35E-013	-1.59E-012	-2	0.00E+000
2	293.86841548	-1.59E-012	-7.72E-013	-1	0.00E+000
2	293.86972473	-7.72E-013	-1.61E-012	-2	0.00E+000
2	293.87714830	-1.61E-012	-7.85E-013	-1	0.00E+000
2	293.88335092	-7.32E-013	-1.65E-012	-2	0.00E+000
2	293.88385356	-1.65E-012	-7.90E-013	-1	0.00E+000
2	293.88845535	-6.17E-013	-1.35E-012	-2	0.00E+000
2	293.88876516	-1.35E-012	-7.04E-013	-1	0.00E+000
2	293.89124359	-7.04E-013	-1.79E-012	-2	0.00E+000
2	293.89355787	-1.84E-012	-8.62E-013	-1	0.00E+000
2	293.89616573	-8.90E-013	-1.67E-012	-2	0.00E+000
2	293.89701105	-1.67E-012	-8.07E-013	-1	0.00E+000
2	293.89984603	-7.46E-013	-1.63E-012	-2	0.00E+000
2	293.90009343	-1.63E-012	-8.91E-013	-1	0.00E+000
2	293.90062749	-8.91E-013	-1.63E-012	-2	0.00E+000
2	293.90165987	-1.63E-012	-9.10E-013	-1	0.00E+000
2	293.90205175	-9.10E-013	-1.55E-012	-2	0.00E+000
2	293.90259061	-1.55E-012	-7.26E-013	-1	0.00E+000
2	293.90280592	-7.26E-013	1.47E-013	0	0.00E+000
2	293.90300268	1.47E-013	-7.26E-013	-1	0.00E+000
2	293.90380640	-7.26E-013	1.77E-013	0	0.00E+000
2	293.90415986	1.77E-013	-7.28E-013	-1	0.00E+000
2	293.90439258	-7.28E-013	-1.58E-012	-2	0.00E+000
2	293.90569742	-1.58E-012	-7.32E-013	-1	0.00E+000
2	293.90607600	-7.32E-013	5.86E-014	0	0.00E+000
2	293.90651530	5.86E-014	-7.42E-013	-1	0.00E+000
2	293.90958511	-8.40E-013	-1.68E-012	-2	0.00E+000
2	293.91021816	-1.68E-012	-8.85E-013	-1	0.00E+000
2	293.91291776	-8.14E-013	-1.63E-012	-2	0.00E+000
2	293.91355437	-1.63E-012	-7.63E-013	-1	0.00E+000
2	293.91379258	-7.63E-013	-1.59E-012	-2	0.00E+000
2	293.91560581	-1.51E-012	-6.61E-013	-1	0.00E+000
2	293.91622204	-6.61E-013	-1.56E-012	-2	0.00E+000
2	293.91999521	-1.78E-012	-9.09E-013	-1	0.00E+000
2	293.92331477	-8.86E-013	-1.76E-012	-2	0.00E+000
2	293.92491207	-1.60E-012	-8.89E-013	-1	0.00E+000
2	293.92662085	-8.89E-013	-1.81E-012	-2	0.00E+000
2	293.92901954	-1.81E-012	-8.00E-013	-1	0.00E+000
2	293.92925172	-8.00E-013	-1.77E-012	-2	0.00E+000
2	293.93711996	-1.74E-012	-9.72E-013	-1	0.00E+000
2	293.93734257	-9.72E-013	6.52E-014	0	0.00E+000
2	293.93882654	6.52E-014	-8.65E-013	-1	0.00E+000
2	293.93907291	-8.65E-013	-1.80E-012	-2	0.00E+000
2	293.94787391	-1.67E-012	-9.17E-013	-1	0.00E+000
2	293.94827816	-9.17E-013	-1.61E-012	-2	0.00E+000
2	293.95066628	-1.55E-012	-8.50E-013	-1	0.00E+000
2	293.95115934	-8.50E-013	-1.71E-012	-2	0.00E+000
2	293.95962180	-1.71E-012	-6.66E-013	-1	0.00E+000
2	293.95991627	-6.66E-013	-1.59E-012	-2	0.00E+000
2	293.96222791	-1.59E-012	-8.53E-013	-1	0.00E+000
2	293.96263382	-8.53E-013	-1.59E-012	-2	0.00E+000
2	293.96987273	-1.66E-012	-6.30E-013	-1	0.00E+000
2	293.97210067	-6.38E-013	-1.58E-012	-2	0.00E+000
2	293.97628968	-1.70E-012	-7.33E-013	-1	0.00E+000
2	293.97697357	-7.33E-013	-1.55E-012	-2	0.00E+000
2	293.97865551	-1.55E-012	-6.87E-013	-1	0.00E+000
2	294.00263668	-7.34E-013	-1.55E-012	-2	0.00E+000
2	294.00375162	-1.55E-012	-7.76E-013	-1	0.00E+000
2	294.00747588	-7.01E-013	1.60E-013	0	0.00E+000
2	294.00797703	2.52E-013	-7.33E-013	-1	0.00E+000
2	294.02188383	-7.90E-013	1.94E-013	0	0.00E+000
2	294.02215250	1.94E-013	-7.27E-013	-1	0.00E+000
2	294.09017134	-6.15E-013	-1.33E-012	-2	0.00E+000
2	294.09130072	-1.33E-012	-7.52E-013	-1	0.00E+000
2	294.10019501	-8.42E-013	-1.50E-012	-2	0.00E+000
2	294.10088279	-1.50E-012	-8.78E-013	-1	0.00E+000
2	294.16408995	-9.21E-013	-1.80E-012	-2	0.00E+000
2	294.16483936	-1.80E-012	-8.81E-013	-1	0.00E+000
2	294.17566325	-8.40E-013	-1.58E-012	-2	0.00E+000
2	294.17684366	-1.58E-012	-7.27E-013	-1	0.00E+000
2	294.18910604	-9.53E-013	-1.22E-013	0	0.00E+000
2	294.18944965	-1.22E-013	-1.08E-012	-1	0.00E+000
2	294.19006886	-1.08E-012	-3.60E-014	0	0.00E+000
2	294.19363055	-2.92E-013	-8.76E-013	-1	0.00E+000
2	294.19489257	-8.76E-013	-1.62E-013	0	0.00E+000
2	294.19592794	-1.62E-013	-7.79E-013	-1	0.00E+000
2	294.19838118	-7.74E-013	4.45E-014	0	0.00E+000
2	294.20041763	7.20E-014	-8.64E-013	-1	0.00E+000
2	294.20989581	-7.40E-013	-1.83E-012	-2	0.00E+000
2	294.21110113	-1.83E-012	-7.97E-013	-1	0.00E+000
2	294.21137418	-7.97E-013	-1.88E-014	0	0.00E+000
2	294.21201319	-1.88E-014	-8.44E-013	-1	0.00E+000
2	294.21281749	-8.44E-013	-2.91E-014	0	0.00E+000
2	294.21471452	3.28E-014	-8.64E-013	-1	0.00E+000
2	294.21635090	-8.64E-013	9.24E-014	0	0.00E+000
2	294.21676790	9.24E-014	-9.01E-013	-1	0.00E+000
2	294.21968821	-9.75E-013	-1.91E-014	0	0.00E+000
2	294.22600618	4.88E-014	-7.80E-013	-1	0.00E+000
2	294.22807189	-9.29E-013	2.54E-014	0	0.00E+000
2	294.23036955	-1.11E-013	-8.49E-013	-1	0.00E+000
2	294.23159516	-8.49E-013	1.38E-013	0	0.00E+000
2	294.23278362	1.38E-013	-9.30E-013	-1	0.00E+000
2	294.23613078	-8.30E-013	-1.72E-012	-2	0.00E+000
2	294.23704173	-1.72E-012	-8.94E-013	-1	0.00E+000
2	294.23946572	-7.65E-013	5.19E-014	0	0.00E+000
2	294.24004875	5.19E-014	-5.13E-013	-1	0.00E+000
2	294.24249437	-4.57E-013	3.06E-013	0	0.00E+000
2	294.24303405	3.06E-013	-8.27E-013	-1	0.00E+000
2	294.24396904	-8.27E-013	-1.04E-014	0	0.00E+000
2	294.24537588	-1.04E-014	-1.04E-012	-1	0.00E+000
2	294.24617072	-1.04E-012	-3.52E-014	0	0.00E+000
2	294.24751438	-3.52E-014	-9.87E-013	-1	0.00E+000
2	294.25466357	-8.03E-013	4.49E-014	0	0.00E+000
2	294.25546176	-1.94E-013	-7.14E-013	-1	0.00E+000
2	294.25588693	-7.14E-013	-7.02E-014	0	0.00E+000
2	294.26339413	-2.89E-014	-8.79E-013	-1	0.00E+000
2	294.26364257	-8.79E-013	-1.67E-012	-2	0.00E+000
2	294.26686157	-1.66E-012	-8.05E-013	-1	0.00E+000
2	294.26883368	-1.11E-012	-1.60E-012	-2	0.00E+000
2	294.27090825	-1.60E-012	-7.66E-013	-1	0.00E+000
2	294.27109352	-7.66E-013	-8.17E-014	0	0.00E+000
2	294.27147348	-8.17E-014	-7.66E-013	-1	0.00E+000
2	294.27489342	-1.04E-012	-1.45E-012	-2	0.00E+000
2	294.27704462	-1.52E-012	-9.79E-013	-1	0.00E+000
2	294.27865845	-9.79E-013	-1.60E-012	-2	0.00E+000
2	294.27914116	-1.60E-012	-7.91E-013	-1	0.00E+000
2	294.28123484	-8.26E-013	-2.05E-012	-2	0.00E+000
2	294.28192645	-2.05E-012	-7.71E-013	-1	0.00E+000
2	294.28334843	-7.71E-013	-1.83E-012	-2	0.00E+000
2	294.28499879	-1.83E-012	-1.03E-012	-1	0.00E+000
2	294.28577625	-1.03E-012	-1.91E-012	-2	0.00E+000
2	294.28652256	-1.91E-012	-1.13E-012	-1	0.00E+000
2	294.28695832	-1.13E-012	-1.90E-012	-2	0.00E+000
2	294.28906566	-1.85E-012	-8.56E-013	-1	0.00E+000
2	294.29027672	-8.56E-013	-1.95E-013	0	0.00E+000
2	294.29091832	-1.95E-013	-1.05E-012	-1	0.00E+000
2	294.29152047	-1.05E-012	-1.13E-013	0	0.00E+000
2	294.29326689	-1.13E-013	-7.78E-013	-1	0.00E+000
2	294.29358425	-7.78E-013	-3.65E-014	0	0.00E+000
2	294.29400185	-3.65E-014	-7.78E-013	-1	0.00E+000
2	294.29518498	-7.78E-013	-1.66E-012	-2	0.00E+000
2	294.29714344	-1.79E-012	-7.51E-013	-1	0.00E+000
2	294.29790017	-8.22E-013	-1.83E-012	-2	0.00E+000
2	294.30011464	-1.66E-012	-8.42E-013	-1	0.00E+000
2	294.30205203	-8.65E-013	-1.95E-012	-2	0.00E+000
2	294.30309415	-1.95E-012	-7.92E-013	-1	0.00E+000
2	294.30547680	-6.35E-013	-1.80E-012	-2	0.00E+000
2	294.30803860	-1.80E-012	-9.61E-013	-1	0.00E+000
2	294.30860049	-9.61E-013	-1.86E-012	-2	0.00E+000
2	294.31063163	-1.86E-012	-9.74E-013	-1	0.00E+000
2	294.31167913	-9.74E-013	-1.64E-014	0	0.00E+000
2	294.31375720	-6.01E-014	-7.32E-013	-1	0.00E+000
2	294.31621533	-8.79E-013	-2.75E-014	0	0.00E+000
2	294.31733598	-2.75E-014	-8.08E-013	-1	0.00E+000
2	294.32037752	-8.99E-013	-2.23E-014	0	0.00E+000
2	294.32069101	-2.23E-014	-9.14E-013	-1	0.00E+000
2	294.32409059	-9.27E-013	-1.87E-012	-2	0.00E+000
2	294.32582927	-1.87E-012	-8.93E-013	-1	0.00E+000
2	294.33184473	-9.04E-013	-7.52E-014	0	0.00E+000
2	294.33530323	-3.37E-014	-7.99E-013	-1	0.00E+000
2	294.33676865	-7.99E-013	-1.75E-014	0	0.00E+000
2	294.33706612	-1.75E-014	-1.04E-012	-1	0.00E+000
2	294.33812353	-1.04E-012	-3.44E-015	0	0.00E+000
2	294.33877768	-3.44E-015	-1.09E-012	-1	0.00E+000
2	294.34002337	-1.09E-012	-5.96E-014	0	0.00E+000
2	294.34063896	-5.96E-014	-9.15E-013	-1	0.00E+000
2	294.38772541	-7.94E-013	-1.81E-012	-2	0.00E+000
2	294.38859123	-1.81E-012	-9.35E-013	-1	0.00E+000
2	294.38889227	-9.35E-013	-1.88E-012	-2	0.00E+000
2	294.39396650	-1.95E-012	-1.02E-012	-1	0.00E+000
2	294.39630590	-1.01E-012	-1.67E-012	-2	0.00E+000
2	294.39670681	-1.67E-012	-8.82E-013	-1	0.00E+000
2	294.39753396	-8.82E-013	-2.04E-012	-2	0.00E+000
2	294.39969205	-1.86E-012	-8.79E-013	-1	0.00E+000
2	294.40054682	-8.79E-013	-1.70E-012	-2	0.00E+000
2	294.40798058	-1.69E-012	-9.67E-013	-1	0.00E+000
2	294.41040365	-9.21E-013	-1.80E-012	-2	0.00E+000
2	294.41232703	-1.86E-012	-9.88E-013	-1	0.00E+000
2	294.41328038	-9.88E-013	-1.96E-012	-2	0.00E+000
2	294.41537987	-1.69E-012	-2.55E-012	-3	0.00E+000
2	294.41635564	-2.56E-012	-1.72E-012	-2	0.00E+000
2	294.41661676	-1.72E-012	-9.30E-013	-1	0.00E+000
2	294.41750526	-9.30E-013	-1.68E-012	-2	0.00E+000
2	294.41867068	-1.68E-012	-9.01E-013	-1	0.00E+000
2	294.42172096	-8.47E-013	-1.81E-012	-2	0.00E+000
2	294.42229648	-1.76E-012	-9.66E-013	-1	0.00E+000
2	294.42258973	-9.66E-013	-1.81E-012	-2	0.00E+000
2	294.42319358	-1.81E-012	-1.04E-012	-1	0.00E+000
2	294.42359687	-1.04E-012	-1.87E-012	-2	0.00E+000
2	294.42613443	-1.85E-012	-1.03E-012	-1	0.00E+000
2	294.42688316	-1.03E-012	-1.94E-012	-2	0.00E+000
2	294.43006536	-1.73E-012	-8.77E-013	-1	0.00E+000
2	294.43074956	-8.77E-013	-1.81E-012	-2	0.00E+000
2	294.43526392	-1.87E-012	-1.06E-012	-1	0.00E+000
2	294.43572215	-1.18E-012	-1.72E-012	-2	0.00E+000
2	294.43603982	-1.72E-012	-1.00E-012	-1	0.00E+000
2	294.43672571	-1.00E-012	-1.79E-012	-2	0.00E+000
2	294.43823841	-1.79E-012	-1.01E-012	-1	0.00E+000
2	294.43929918	-1.01E-012	-1.68E-012	-2	0.00E+000
2	294.43970404	-1.68E-012	-8.84E-013	-1	0.00E+000
2	294.44115280	-8.84E-013	-1.88E-012	-2	0.00E+000
2	294.44557796	-1.88E-012	-1.00E-012	-1	0.00E+000
2	294.44881549	-9.50E-013	-1.91E-012	-2	0.00E+000
2	294.45010098	-1.91E-012	-9.93E-013	-1	0.00E+000
2	294.46173837	-1.09E-012	-1.69E-012	-2	0.00E+000
2	294.46213066	-1.69E-012	-1.04E-012	-1	0.00E+000
2	294.48794256	-1.04E-012	-9.18E-014	0	0.00E+000
2	294.48821160	-9.18E-014	-1.13E-012	-1	0.00E+000
2	294.51542445	-1.05E-012	-3.11E-013	0	0.00E+000
2	294.51595308	-3.11E-013	-1.06E-012	-1	0.00E+000
2	294.51933039	-1.30E-012	-4.81E-013	0	0.00E+000
2	294.51975012	-4.81E-013	-1.35E-012	-1	0.00E+000
2	294.55289256	-1.35E-012	-1.88E-012	-2	0.00E+000
2	294.55339002	-1.88E-012	-8.27E-013	-1	0.00E+000
2	294.58168267	-9.10E-013	-1.49E-013	0	0.00E+000
2	294.58250328	-1.49E-013	-1.04E-012	-1	0.00E+000
2	294.60589842	-1.09E-012	-1.87E-012	-2	0.00E+000
2	294.60721086	-1.87E-012	-9.46E-013	-1	0.00E+000
2	294.60833934	-9.46E-013	-1.55E-012	-2	0.00E+000
2	294.60862955	-1.55E-012	-1.08E-012	-1	0.00E+000
2	294.62030420	-1.08E-012	-1.48E-012	-2	0.00E+000
2	294.62070408	-1.48E-012	-1.09E-012	-1	0.00E+000
2	294.62213702	-1.09E-012	-2.01E-012	-2	0.00E+000
2	294.62484583	-2.06E-012	-1.07E-012	-1	0.00E+000
2	294.62547866	-1.07E-012	-1.90E-012	-2	0.00E+000
2	294.62792500	-1.89E-012	-9.98E-013	-1	0.00E+000
2	294.63561354	-9.47E-013	-1.78E-013	0	0.00E+000
2	294.63678674	-1.78E-013	-9.43E-013	-1	0.00E+000
2	294.64068161	-1.00E-012	-2.93E-013	0	0.00E+000
2	294.64160970	-2.93E-013	-9.40E-013	-1	0.00E+000
2	294.65362405	-9.73E-013	-2.11E-013	0	0.00E+000
2	294.65386523	-2.11E-013	-1.07E-012	-1	0.00E+000
2	294.66327228	-1.10E-012	-1.81E-012	-2	0.00E+000
2	294.66371621	-1.81E-012	-8.89E-013	-1	0.00E+000
2	294.68029670	-1.06E-012	-1.45E-012	-2	0.00E+000
2	294.68070884	-1.45E-012	-9.85E-013	-1	0.00E+000
2	294.68209560	-9.85E-013	-1.38E-012	-2	0.00E+000
2	294.68243190	-1.38E-012	-7.98E-013	-1	0.00E+000
2	294.68510982	-9.83E-013	-2.00E-012	-2	0.00E+000
2	294.68620942	-2.00E-012	-1.16E-012	-1	0.00E+000
2	294.68675253	-1.16E-012	-1.98E-012	-2	0.00E+000
2	294.68818832	-1.98E-012	-1.09E-012	-1	0.00E+000
2	294.68859497	-1.09E-012	-1.97E-012	-2	0.00E+000
2	294.69244400	-1.93E-012	-9.89E-013	-1	0.00E+000
2	294.69476948	-8.95E-013	-1.56E-012	-2	0.00E+000
2	294.69508160	-1.56E-012	-9.09E-013	-1	0.00E+000
2	294.69708125	-9.09E-013	-1.77E-012	-2	0.00E+000
2	294.69972347	-1.64E-012	-9.93E-013	-1	0.00E+000
2	294.69995940	-9.93E-013	-1.93E-012	-2	0.00E+000
2	294.70316457	-1.92E-012	-1.08E-012	-1	0.00E+000
2	294.70394029	-1.08E-012	-1.77E-012	-2	0.00E+000
2	294.70428419	-1.77E-012	-1.00E-012	-1	0.00E+000
2	294.70541948	-1.00E-012	-1.65E-012	-2	0.00E+000
2	294.70584888	-1.65E-012	-9.52E-013	-1	0.00E+000
2	294.71724816	-9.08E-013	-1.30E-013	0	0.00E+000
2	294.71796370	-1.30E-013	-8.09E-013	-1	0.00E+000
2	294.72354255	-8.09E-013	-2.56E-014	0	0.00E+000
2	294.72392464	-2.56E-014	-8.97E-013	-1	0.00E+000
2	294.72458077	-8.97E-013	-3.08E-013	0	0.00E+000
2	294.72517751	-3.08E-013	-9.58E-013	-1	0.00E+000
2	294.72539255	-9.58E-013	-1.91E-013	0	0.00E+000
2	294.72578074	-1.91E-013	-1.05E-012	-1	0.00E+000
2	294.72636256	-1.05E-012	-4.48E-013	0	0.00E+000
2	294.72706579	-4.48E-013	-9.33E-013	-1	0.00E+000
2	294.72832346	-9.33E-013	-8.61E-014	0	0.00E+000
2	294.72924027	-8.61E-014	-9.96E-013	-1	0.00E+000
2	294.74738352	-1.00E-012	-1.97E-012	-2	0.00E+000
2	294.74841785	-1.97E-012	-1.19E-012	-1	0.00E+000
2	294.74864255	-1.19E-012	-1.78E-012	-2	0.00E+000
2	294.74891578	-1.78E-012	-1.19E-012	-1	0.00E+000
2	294.75023550	-1.04E-012	-2.48E-013	0	0.00E+000
2	294.75089247	-2.48E-013	-1.10E-012	-1	0.00E+000
2	294.75120903	-1.10E-012	-1.78E-012	-2	0.00E+000
2	294.75524255	-1.78E-012	-9.98E-013	-1	0.00E+000
2	294.75574921	-9.98E-013	-1.92E-012	-2	0.00E+000
2	294.75806095	-1.81E-012	-1.02E-012	-1	0.00E+000
2	294.79595681	-9.85E-013	-3.87E-013	0	0.00E+000
2	294.79629996	-3.87E-013	-1.05E-012	-1	0.00E+000
2	294.82669866	-8.61E-013	-1.61E-013	0	0.00E+000
2	294.82734023	-1.61E-013	-9.78E-013	-1	0.00E+000
2	294.83702222	-9.19E-013	-1.88E-012	-2	0.00E+000
2	294.83778290	-1.88E-012	-7.87E-013	-1	0.00E+000
2	294.84603832	-1.12E-012	-1.48E-012	-2	0.00E+000
2	294.84643522	-1.48E-012	-1.04E-012	-1	0.00E+000
2	294.85679255	-1.04E-012	-1.50E-012	-2	0.00E+000
2	294.85698108	-1.50E-012	-8.37E-013	-1	0.00E+000
2	294.86517101	-1.08E-012	-1.80E-012	-2	0.00E+000
2	294.86578339	-1.80E-012	-9.69E-013	-1	0.00E+000
2	294.86678469	-9.69E-013	-1.81E-012	-2	0.00E+000
2	294.86738609	-1.81E-012	-1.12E-012	-1	0.00E+000
2	294.87115288	-9.85E-013	-1.78E-013	0	0.00E+000
2	294.87139255	-1.78E-013	-9.48E-013	-1	0.00E+000
2	294.88498617	-1.01E-012	-1.75E-013	0	0.00E+000
2	294.88618778	-1.75E-013	-1.14E-012	-1	0.00E+000
2	294.89709086	-1.13E-012	-1.73E-012	-2	0.00E+000
2	294.89745033	-1.73E-012	-8.32E-013	-1	0.00E+000
2	294.90039056	-9.53E-013	-1.79E-012	-2	0.00E+000
2	294.90085287	-1.79E-012	-1.09E-012	-1	0.00E+000
2	294.90191441	-1.09E-012	-1.83E-012	-2	0.00E+000
2	294.90713248	-1.85E-012	-9.57E-013	-1	0.00E+000
2	294.90732969	-9.57E-013	-1.66E-012	-2	0.00E+000
2	294.91176993	-1.88E-012	-8.86E-013	-1	0.00E+000
2	294.91402500	-8.74E-013	-1.77E-012	-2	0.00E+000
2	294.92133817	-1.91E-012	-8.36E-013	-1	0.00E+000
2	294.92542728	-8.49E-013	-1.98E-012	-2	0.00E+000
2	294.92565258	-1.98E-012	-1.19E-012	-1	0.00E+000
2	294.92605905	-1.19E-012	-2.02E-012	-2	0.00E+000
2	294.92708872	-2.02E-012	-1.24E-012	-1	0.00E+000
2	294.92739891	-1.24E-012	-1.77E-012	-2	0.00E+000
2	294.92892754	-1.77E-012	-1.00E-012	-1	0.00E+000
2	294.93094228	-9.87E-013	-1.88E-012	-2	0.00E+000
2	294.93152895	-1.88E-012	-6.61E-013	-1	0.00E+000
2	294.93499130	-8.06E-013	-1.67E-012	-2	0.00E+000
2	294.94369255	-1.67E-012	-8.96E-013	-1	0.00E+000
2	294.94540838	-9.89E-013	-1.88E-012	-2	0.00E+000
2	294.95488840	-1.96E-012	-9.37E-013	-1	0.00E+000
2	294.95720109	-9.37E-013	-1.68E-012	-2	0.00E+000
2	294.95763638	-1.68E-012	-9.81E-013	-1	0.00E+000
2	294.95840942	-9.81E-013	-1.80E-012	-2	0.00E+000
2	294.96685888	-2.06E-012	-1.08E-012	-1	0.00E+000
2	294.96789385	-1.08E-012	-1.89E-012	-2	0.00E+000
2	294.96910594	-1.89E-012	-8.35E-013	-1	0.00E+000
2	294.96959446	-8.35E-013	-1.71E-012	-2	0.00E+000
2	294.97056248	-1.71E-012	-1.19E-012	-1	0.00E+000
2	294.97202682	-1.19E-012	-1.64E-012	-2	0.00E+000
2	294.97255182	-1.70E-012	-1.04E-012	-1	0.00E+000
2	294.97284780	-1.04E-012	-1.75E-012	-2	0.00E+000
2	294.97334406	-1.75E-012	-1.04E-012	-1	0.00E+000
2	294.97624687	-1.04E-012	-1.49E-012	-2	0.00E+000
2	294.97658127	-1.49E-012	-9.22E-013	-1	0.00E+000
2	294.97887321	-8.32E-013	-1.78E-012	-2	0.00E+000
2	294.97979206	-1.78E-012	-8.98E-013	-1	0.00E+000
2	294.98055342	-8.98E-013	-1.78E-012	-2	0.00E+000
2	294.98109924	-1.78E-012	-8.96E-013	-1	0.00E+000
2	294.98203801	-8.96E-013	-1.73E-012	-2	0.00E+000
2	294.98621410	-1.66E-012	-8.25E-013	-1	0.00E+000
2	294.98651278	-8.25E-013	-1.63E-012	-2	0.00E+000
2	294.98787637	-1.63E-012	-7.32E-013	-1	0.00E+000
2	294.99117871	-6.85E-013	-1.42E-012	-2	0.00E+000
2	294.99155587	-1.42E-012	-9.56E-013	-1	0.00E+000
2	294.99209608	-9.56E-013	-1.59E-012	-2	0.00E+000
2	294.99276564	-1.59E-012	-7.42E-013	-1	0.00E+000
2	294.99441118	-9.12E-013	-1.81E-012	-2	0.00E+000
2	294.99760766	-1.83E-012	-9.88E-013	-1	0.00E+000
2	294.99845523	-9.88E-013	-1.81E-012	-2	0.00E+000
2	295.00285621	-1.96E-012	-1.01E-012	-1	0.00E+000
2	295.00405243	-1.01E-012	-1.85E-012	-2	0.00E+000
2	295.00655657	-1.78E-012	-9.60E-013	-1	0.00E+000
2	295.00679255	-9.60E-013	-1.73E-012	-2	0.00E+000
2	295.00883681	-1.86E-012	-8.95E-013	-1	0.00E+000
2	295.00911667	-8.95E-013	-1.88E-012	-2	0.00E+000
2	295.01008483	-1.88E-012	-9.31E-013	-1	0.00E+000
2	295.01095719	-9.31E-013	-1.98E-012	-2	0.00E+000
2	295.01154480	-1.98E-012	-9.28E-013	-1	0.00E+000
2	295.01243631	-9.28E-013	-1.94E-012	-2	0.00E+000
2	295.01295338	-1.94E-012	-8.16E-013	-1	0.00E+000
2	295.01376071	-8.16E-013	-1.78E-012	-2	0.00E+000
2	295.02065111	-1.43E-012	-6.17E-013	-1	0.00E+000
2	295.02247397	-6.17E-013	-1.55E-012	-2	0.00E+000
2	295.02319167	-1.55E-012	-5.35E-013	-1	0.00E+000
2	295.04904255	-7.88E-013	6.64E-014	0	0.00E+000
2	295.04937166	6.64E-014	-7.72E-013	-1	0.00E+000
2	295.05192349	-8.95E-013	-1.80E-012	-2	0.00E+000
2	295.07003608	-1.80E-012	-1.04E-012	-1	0.00E+000
2	295.07024255	-1.04E-012	-1.64E-012	-2	0.00E+000
2	295.07190963	-1.64E-012	-1.07E-012	-1	0.00E+000
2	295.07258421	-1.07E-012	-1.76E-012	-2	0.00E+000
2	295.07528290	-1.79E-012	-9.26E-013	-1	0.00E+000
2	295.07636608	-9.26E-013	-1.60E-012	-2	0.00E+000
2	295.07667815	-1.60E-012	-1.01E-012	-1	0.00E+000
2	295.08487763	-8.12E-013	-1.55E-012	-2	0.00E+000
2	295.09169255	-1.55E-012	-7.44E-013	-1	0.00E+000
2	295.09238737	-7.44E-013	-1.88E-012	-2	0.00E+000
2	295.09580554	-1.72E-012	-8.78E-013	-1	0.00E+000
2	295.09701187	-8.78E-013	-1.70E-012	-2	0.00E+000
2	295.09799914	-1.70E-012	-7.73E-013	-1	0.00E+000
2	295.10025123	-8.99E-013	-1.71E-012	-2	0.00E+000
2	295.10272191	-1.72E-012	-7.15E-013	-1	0.00E+000
2	295.10774752	-8.67E-013	-1.67E-012	-2	0.00E+000
2	295.11206809	-1.77E-012	-8.24E-013	-1	0.00E+000
2	295.11846013	-9.01E-013	5.30E-014	0	0.00E+000
2	295.12004071	5.30E-014	-9.52E-013	-1	0.00E+000
2	295.13158419	-8.39E-013	-1.60E-012	-2	0.00E+000
2	295.13189052	-1.60E-012	-9.20E-013	-1	0.00E+000
2	295.13331804	-9.20E-013	-1.86E-012	-2	0.00E+000
2	295.13419283	-1.86E-012	-1.01E-012	-1	0.00E+000
2	295.13483012	-1.01E-012	-2.02E-012	-2	0.00E+000
2	295.13537882	-2.02E-012	-8.76E-013	-1	0.00E+000
2	295.13744716	-8.76E-013	-1.56E-012	-2	0.00E+000
2	295.13777874	-1.56E-012	-8.88E-013	-1	0.00E+000
2	295.13834913	-8.88E-013	-2.46E-014	0	0.00E+000
2	295.14062727	6.40E-015	-8.90E-013	-1	0.00E+000
2	295.14079619	-8.90E-013	-1.44E-012	-2	0.00E+000
2	295.14607752	-1.44E-012	-7.53E-013	-1	0.00E+000
2	295.14656294	-7.53E-013	-1.51E-012	-2	0.00E+000
2	295.14728893	-1.51E-012	-6.84E-013	-1	0.00E+000
2	295.14825689	-6.84E-013	-1.42E-012	-2	0.00E+000
2	295.15000538	-1.42E-012	-7.18E-013	-1	0.00E+000
2	295.15067801	-7.18E-013	-1.66E-012	-2	0.00E+000
2	295.15447881	-1.66E-012	-8.03E-013	-1	0.00E+000
2	295.15598975	-8.03E-013	-1.88E-012	-2	0.00E+000
2	295.15781064	-1.95E-012	-1.09E-012	-1	0.00E+000
2	295.15813708	-1.09E-012	-1.76E-012	-2	0.00E+000
2	295.15952783	-1.76E-012	-8.52E-013	-1	0.00E+000
2	295.16124054	-8.52E-013	-1.95E-012	-2	0.00E+000
2	295.16322880	-1.82E-012	-8.74E-013	-1	0.00E+000
2	295.16340514	-8.74E-013	-1.85E-012	-2	0.00E+000
2	295.17077958	-1.80E-012	-7.96E-013	-1	0.00E+000
2	295.17179932	-7.96E-013	-1.59E-012	-2	0.00E+000
2	295.17305357	-1.59E-012	-8.80E-013	-1	0.00E+000
2	295.17391136	-8.80E-013	-1.60E-012	-2	0.00E+000
2	295.17440854	-1.60E-012	-7.79E-013	-1	0.00E+000
2	295.17548813	-7.79E-013	-1.77E-012	-2	0.00E+000
2	295.17614524	-1.77E-012	-9.02E-013	-1	0.00E+000
2	295.17842746	-8.92E-013	-1.70E-012	-2	0.00E+000
2	295.17927698	-1.70E-012	-5.71E-013	-1	0.00E+000
2	295.17993673	-5.71E-013	-1.64E-012	-2	0.00E+000
2	295.18099975	-1.64E-012	-7.85E-013	-1	0.00E+000
2	295.18195389	-7.85E-013	-1.60E-012	-2	0.00E+000
2	295.18891503	-1.83E-012	-9.24E-013	-1	0.00E+000
2	295.18999942	-9.24E-013	-1.96E-012	-2	0.00E+000
2	295.19091573	-1.96E-012	-8.14E-013	-1	0.00E+000
2	295.20344929	-1.08E-012	-1.63E-012	-2	0.00E+000
2	295.20376328	-1.63E-012	-1.11E-012	-1	0.00E+000
2	295.20552759	-1.14E-012	-1.78E-012	-2	0.00E+000
2	295.20822787	-1.90E-012	-9.12E-013	-1	0.00E+000
2	295.20970250	-9.12E-013	-8.67E-014	0	0.00E+000
2	295.21116729	-8.67E-014	-9.79E-013	-1	0.00E+000
2	295.21139254	-9.79E-013	-2.03E-012	-2	0.00E+000
2	295.21190174	-2.03E-012	-9.39E-013	-1	0.00E+000
2	295.21718467	-9.19E-013	-2.03E-012	-2	0.00E+000
2	295.22429848	-1.97E-012	-8.12E-013	-1	0.00E+000
2	295.22585552	-8.12E-013	-1.75E-012	-2	0.00E+000
2	295.22872947	-1.74E-012	-9.38E-013	-1	0.00E+000
2	295.23081320	-9.14E-013	-1.66E-012	-2	0.00E+000
2	295.23151661	-1.66E-012	-1.01E-012	-1	0.00E+000
2	295.23197984	-1.01E-012	-1.86E-012	-2	0.00E+000
2	295.23340108	-1.86E-012	-8.29E-013	-1	0.00E+000
2	295.26651505	-1.04E-012	-1.73E-012	-2	0.00E+000
2	295.26710932	-1.73E-012	-8.02E-013	-1	0.00E+000
2	295.29054254	-9.18E-013	-2.46E-013	0	0.00E+000
2	295.30246418	-7.79E-014	-8.71E-013	-1	0.00E+000
2	295.30292366	-8.71E-013	-8.23E-014	0	0.00E+000
2	295.30451230	-8.23E-014	-8.46E-013	-1	0.00E+000
2	295.30488753	-8.46E-013	-1.88E-013	0	0.00E+000
2	295.30564591	-1.88E-013	-1.07E-012	-1	0.00E+000
2	295.30811189	-9.46E-013	-1.03E-013	0	0.00E+000
2	295.31121970	-2.41E-014	-1.01E-012	-1	0.00E+000
2	295.31596055	-9.48E-013	9.39E-015	0	0.00E+000
2	295.32575533	-1.11E-013	-1.13E-012	-1	0.00E+000
2	295.33479023	-8.54E-013	-1.03E-013	0	0.00E+000
2	295.33553991	-2.54E-013	-1.05E-012	-1	0.00E+000
2	295.33807052	-1.21E-012	-3.57E-014	0	0.00E+000
