1	232.813756	-1.0544640E-012	-1.7125000E-012	-1	0.000000E+000
1	232.814093	-1.7125000E-012	-1.0729170E-012	0	0.000000E+000
1	238.922779	-1.0086310E-012	-1.6931820E-012	-1	0.000000E+000
1	238.929178	-1.6931820E-012	-1.0563990E-012	0	0.000000E+000
1	238.933490	-1.0688990E-012	-1.6116070E-012	-1	0.000000E+000
1	238.938129	-1.6004460E-012	-1.0006180E-012	0	0.000000E+000
1	238.940882	-1.1544640E-012	-1.5165180E-012	-1	0.000000E+000
1	238.943547	-1.5165180E-012	-9.8943450E-013	0	0.000000E+000
1	238.948506	-1.0696430E-012	-1.5816960E-012	-1	0.000000E+000
1	238.950343	-1.5816960E-012	-1.0315480E-012	0	0.000000E+000
1	238.951418	-1.0894350E-012	-1.5375000E-012	-1	0.000000E+000
1	238.951847	-1.5375000E-012	-1.0282740E-012	0	0.000000E+000
1	238.957705	-1.0580360E-012	-1.5543150E-012	-1	0.000000E+000
1	238.967600	-1.5543150E-012	-1.0599870E-012	0	0.000000E+000
1	238.968050	-1.0599870E-012	-1.5474700E-012	-1	0.000000E+000
1	238.985647	-1.4714290E-012	-1.0665180E-012	0	0.000000E+000
1	238.986056	-1.0665180E-012	-1.4656250E-012	-1	0.000000E+000
1	238.986461	-1.4656250E-012	-1.0492560E-012	0	0.000000E+000
1	238.990941	-1.0492560E-012	-1.5366070E-012	-1	0.000000E+000
1	239.011785	-1.5081850E-012	-1.0477780E-012	0	0.000000E+000
1	239.013000	-1.1177080E-012	-1.7025010E-012	-1	0.000000E+000
1	239.021079	-1.7025010E-012	-1.0415180E-012	0	0.000000E+000
1	239.023693	-1.0574400E-012	-1.6908790E-012	-1	0.000000E+000
1	239.027035	-1.5075890E-012	-1.0302080E-012	0	0.000000E+000
1	239.032787	-1.0302080E-012	-1.5351190E-012	-1	0.000000E+000
1	239.068468	-1.6357140E-012	-1.1062500E-012	0	0.000000E+000
1	239.068795	-1.1062500E-012	-1.6254460E-012	-1	0.000000E+000
1	239.102750	-1.6254460E-012	-1.0133090E-012	0	0.000000E+000
1	239.103300	-1.0133090E-012	-1.6297430E-012	-1	0.000000E+000
1	239.114229	-1.6961310E-012	-1.1546130E-012	0	0.000000E+000
1	239.115456	-1.1546130E-012	-1.4653270E-012	-1	0.000000E+000
1	239.116395	-1.4653270E-012	-9.8125000E-013	0	0.000000E+000
1	239.116845	-9.8125000E-013	-1.6611320E-012	-1	0.000000E+000
1	239.169451	-1.5455360E-012	-1.0815480E-012	0	0.000000E+000
1	239.172094	-1.0815480E-012	-1.6252980E-012	-1	0.000000E+000
1	239.190825	-1.5385420E-012	-1.0500000E-012	0	0.000000E+000
1	239.192361	-1.0500000E-012	-1.6174110E-012	-1	0.000000E+000
1	239.232636	-1.7175600E-012	-1.0601400E-012	0	0.000000E+000
1	239.233277	-1.0601400E-012	-1.5650300E-012	-1	0.000000E+000
1	239.254003	-1.5650300E-012	-1.0351190E-012	0	0.000000E+000
1	239.254550	-1.0351190E-012	-1.6312500E-012	-1	0.000000E+000
1	239.254892	-1.6312500E-012	-1.1233630E-012	0	0.000000E+000
1	239.258115	-1.1233630E-012	-1.5066960E-012	-1	0.000000E+000
1	239.262807	-1.5066960E-012	-9.3779760E-013	0	0.000000E+000
1	239.272445	-1.0389880E-012	-1.4928570E-012	-1	0.000000E+000
1	239.291350	-1.4928570E-012	-9.1833480E-013	0	0.000000E+000
1	239.291993	-9.1833480E-013	-1.6319940E-012	-1	0.000000E+000
1	239.333912	-1.4642860E-012	-9.6250000E-013	0	0.000000E+000
1	239.334907	-9.6250000E-013	-1.6114580E-012	-1	0.000000E+000
1	239.416450	-1.6114580E-012	-9.5567560E-013	0	0.000000E+000
1	239.417803	-9.5567560E-013	-1.5401790E-012	-1	0.000000E+000
1	239.456533	-1.4180060E-012	-1.0334820E-012	0	0.000000E+000
1	239.468696	-1.0334820E-012	-1.5421130E-012	-1	0.000000E+000
1	239.492910	-1.5421130E-012	-9.8958330E-013	0	0.000000E+000
1	239.494299	-9.8958330E-013	-1.6547620E-012	-1	0.000000E+000
1	239.503331	-1.6547620E-012	-9.1311190E-013	0	0.000000E+000
1	239.504015	-9.1311190E-013	-1.6159230E-012	-1	0.000000E+000
1	239.513170	-1.5433040E-012	-1.0781250E-012	0	0.000000E+000
1	239.513770	-1.0781250E-012	-1.6471730E-012	-1	0.000000E+000
1	239.523510	-1.5778270E-012	-9.3693180E-013	0	0.000000E+000
1	239.525022	-9.6490390E-013	-1.6240800E-012	-1	0.000000E+000
1	239.576158	-1.4748510E-012	-9.5537590E-013	0	0.000000E+000
1	239.576623	-9.5537590E-013	-1.4857140E-012	-1	0.000000E+000
1	239.620366	-1.5166670E-012	-9.9584790E-013	0	0.000000E+000
1	239.620900	-9.9584790E-013	-1.4608630E-012	-1	0.000000E+000
1	239.624698	-1.4002980E-012	-9.8125000E-013	0	0.000000E+000
1	239.625401	-9.8125000E-013	-1.4852680E-012	-1	0.000000E+000
1	239.625956	-1.4852680E-012	-1.0187500E-012	0	0.000000E+000
1	239.626428	-1.0187500E-012	-1.4852680E-012	-1	0.000000E+000
1	239.650750	-1.4852680E-012	-1.0328870E-012	0	0.000000E+000
1	239.653477	-1.0328870E-012	-1.7388390E-012	-1	0.000000E+000
1	239.656438	-1.7388390E-012	-1.0900300E-012	0	0.000000E+000
1	239.658611	-1.0900300E-012	-1.7839290E-012	-1	0.000000E+000
1	239.668289	-1.7839290E-012	-1.0861610E-012	0	0.000000E+000
1	239.670465	-1.0861610E-012	-1.7968750E-012	-1	0.000000E+000
1	239.671558	-1.6791670E-012	-1.1250000E-012	0	0.000000E+000
1	239.672109	-1.1250000E-012	-1.6845240E-012	-1	0.000000E+000
1	239.683383	-1.6845240E-012	-1.0968750E-012	0	0.000000E+000
1	239.684733	-1.0968750E-012	-1.8221730E-012	-1	0.000000E+000
1	239.690206	-1.8700890E-012	-1.0270830E-012	0	0.000000E+000
1	239.694343	-1.0619050E-012	-1.8224700E-012	-1	0.000000E+000
1	239.701264	-1.9005950E-012	-1.0400570E-012	0	0.000000E+000
1	239.701750	-1.0400570E-012	-1.8331850E-012	-1	0.000000E+000
1	239.704829	-1.8331850E-012	-1.1500000E-012	0	0.000000E+000
1	239.705272	-1.1500000E-012	-1.8318450E-012	-1	0.000000E+000
1	239.709161	-1.8318450E-012	-1.0656250E-012	0	0.000000E+000
1	239.710093	-1.0656250E-012	-2.0250000E-012	-1	0.000000E+000
1	239.711989	-2.0250000E-012	-1.0180060E-012	0	0.000000E+000
1	239.725257	-1.0424110E-012	-1.8406250E-012	-1	0.000000E+000
1	239.726048	-1.8406250E-012	-1.0836310E-012	0	0.000000E+000
1	239.732081	-1.0819940E-012	-1.7700890E-012	-1	0.000000E+000
1	239.757885	-1.7508530E-012	-1.0937500E-012	0	0.000000E+000
1	239.759424	-1.1038690E-012	-1.6937250E-012	-1	0.000000E+000
1	239.775338	-1.6937250E-012	-9.0625000E-013	0	0.000000E+000
1	239.777217	-9.0625000E-013	-1.6421130E-012	-1	0.000000E+000
1	239.786160	-1.6886900E-012	-9.9302890E-013	0	0.000000E+000
1	239.786700	-9.9302890E-013	-1.5782740E-012	-1	0.000000E+000
1	239.800217	-1.5782740E-012	-1.0678570E-012	0	0.000000E+000
1	239.802904	-1.0678570E-012	-1.6493800E-012	-1	0.000000E+000
1	239.812071	-1.6107140E-012	-9.6875000E-013	0	0.000000E+000
1	239.812576	-9.6875000E-013	-1.7556550E-012	-1	0.000000E+000
1	239.835000	-1.7556550E-012	-9.1562500E-013	0	0.000000E+000
1	239.835895	-9.1562500E-013	-1.7532740E-012	-1	0.000000E+000
1	239.842702	-1.8029760E-012	-1.0437500E-012	0	0.000000E+000
1	239.843595	-1.0437500E-012	-1.6604170E-012	-1	0.000000E+000
1	239.852500	-1.8422350E-012	-1.1267860E-012	0	0.000000E+000
1	239.857503	-1.1866070E-012	-1.6275300E-012	-1	0.000000E+000
1	239.862290	-1.6714290E-012	-1.1187500E-012	0	0.000000E+000
1	239.863403	-1.1187500E-012	-1.6732140E-012	-1	0.000000E+000
1	239.865043	-1.6732140E-012	-9.5000000E-013	0	0.000000E+000
1	239.866961	-9.5000000E-013	-1.6346730E-012	-1	0.000000E+000
1	239.877852	-1.5020830E-012	-9.4062500E-013	0	0.000000E+000
1	239.879128	-9.4062500E-013	-1.4340770E-012	-1	0.000000E+000
1	239.886546	-1.5220240E-012	-1.0199400E-012	0	0.000000E+000
1	239.889969	-1.0199400E-012	-1.4322920E-012	-1	0.000000E+000
1	239.897011	-1.4322920E-012	-1.0044640E-012	0	0.000000E+000
1	239.900076	-1.0044640E-012	-1.7328540E-012	-1	0.000000E+000
1	239.909574	-1.7156250E-012	-1.0569180E-012	0	0.000000E+000
1	239.910593	-1.1806550E-012	-1.5464290E-012	-1	0.000000E+000
1	239.920000	-1.5464290E-012	-1.0258930E-012	0	0.000000E+000
1	239.921204	-1.0258930E-012	-1.8034230E-012	-1	0.000000E+000
1	239.921750	-1.8034230E-012	-9.7500000E-013	0	0.000000E+000
1	239.922674	-9.7500000E-013	-1.8574400E-012	-1	0.000000E+000
1	239.926145	-1.8574400E-012	-1.0354170E-012	0	0.000000E+000
1	239.928823	-1.0354170E-012	-1.5854170E-012	-1	0.000000E+000
1	239.933538	-1.7552080E-012	-1.0026790E-012	0	0.000000E+000
1	239.935130	-1.0026790E-012	-1.6215770E-012	-1	0.000000E+000
1	239.946356	-1.6206850E-012	-1.0750000E-012	0	0.000000E+000
1	239.947347	-1.0750000E-012	-1.5940480E-012	-1	0.000000E+000
1	239.951629	-1.5919640E-012	-1.0132440E-012	0	0.000000E+000
1	239.953591	-1.0132440E-012	-1.5208330E-012	-1	0.000000E+000
1	239.972550	-1.7166380E-012	-1.0531250E-012	0	0.000000E+000
1	239.973348	-1.0531250E-012	-1.6938990E-012	-1	0.000000E+000
1	239.984652	-1.6938990E-012	-1.1081850E-012	0	0.000000E+000
1	239.986692	-1.1081850E-012	-1.5962800E-012	-1	0.000000E+000
1	240.042024	-1.5962800E-012	-1.0470340E-012	0	0.000000E+000
1	240.050428	-1.0199400E-012	-1.6531250E-012	-1	0.000000E+000
1	240.050950	-1.6531250E-012	-1.0589290E-012	0	0.000000E+000
1	240.055969	-1.0589290E-012	-1.6593750E-012	-1	0.000000E+000
1	240.056550	-1.6593750E-012	-1.0395830E-012	0	0.000000E+000
1	240.057100	-1.0395830E-012	-1.5812500E-012	-1	0.000000E+000
1	240.057361	-1.5812500E-012	-1.0345240E-012	0	0.000000E+000
1	240.058774	-1.0333330E-012	-1.6288320E-012	-1	0.000000E+000
1	240.067486	-1.6288320E-012	-1.1093750E-012	0	0.000000E+000
1	240.067964	-1.1093750E-012	-1.6046130E-012	-1	0.000000E+000
1	240.077046	-1.6046130E-012	-1.0507440E-012	0	0.000000E+000
1	240.119379	-1.0583330E-012	-1.5702110E-012	-1	0.000000E+000
1	240.128257	-1.6139880E-012	-9.6875000E-013	0	0.000000E+000
1	240.129445	-9.6875000E-013	-1.6162200E-012	-1	0.000000E+000
1	240.135370	-1.4755950E-012	-9.0000000E-013	0	0.000000E+000
1	240.135899	-9.0000000E-013	-1.6001490E-012	-1	0.000000E+000
1	240.154830	-1.6001490E-012	-1.0218750E-012	0	0.000000E+000
1	240.155750	-1.0218750E-012	-1.4793150E-012	-1	0.000000E+000
1	240.160415	-1.4793150E-012	-9.9345240E-013	0	0.000000E+000
1	240.163186	-9.9345240E-013	-1.4986610E-012	-1	0.000000E+000
1	240.188537	-1.4986610E-012	-1.0502980E-012	0	0.000000E+000
1	240.194675	-9.9421520E-013	-1.4782740E-012	-1	0.000000E+000
1	240.205000	-1.4782740E-012	-8.8750000E-013	0	0.000000E+000
1	240.205995	-8.8750000E-013	-1.5709820E-012	-1	0.000000E+000
1	240.228550	-1.5709820E-012	-9.5625010E-013	0	0.000000E+000
1	240.228997	-9.5625010E-013	-1.5394350E-012	-1	0.000000E+000
1	240.234657	-1.5394350E-012	-9.0000000E-013	0	0.000000E+000
1	240.236736	-9.0000000E-013	-1.5611610E-012	-1	0.000000E+000
1	240.256150	-1.5611610E-012	-1.0507440E-012	0	0.000000E+000
1	240.258883	-1.0507440E-012	-1.5744050E-012	-1	0.000000E+000
1	240.281600	-1.6712800E-012	-1.0413690E-012	0	0.000000E+000
1	240.283402	-1.0413690E-012	-1.7642860E-012	-1	0.000000E+000
1	240.284148	-1.7642860E-012	-1.0156250E-012	0	0.000000E+000
1	240.285295	-1.0156250E-012	-1.7642860E-012	-1	0.000000E+000
1	240.291290	-1.7011900E-012	-1.0059520E-012	0	0.000000E+000
1	240.294489	-1.0059520E-012	-1.5944940E-012	-1	0.000000E+000
1	240.306710	-1.5944940E-012	-9.8750000E-013	0	0.000000E+000
1	240.307818	-9.8750000E-013	-1.7251490E-012	-1	0.000000E+000
1	240.313866	-1.8113100E-012	-1.0339290E-012	0	0.000000E+000
1	240.318865	-1.0446430E-012	-1.8508930E-012	-1	0.000000E+000
1	240.324090	-1.7377980E-012	-9.9345240E-013	0	0.000000E+000
1	240.326443	-9.9345240E-013	-1.9312500E-012	-1	0.000000E+000
1	240.327229	-1.9312500E-012	-1.0205360E-012	0	0.000000E+000
1	240.329257	-1.0205360E-012	-1.8311010E-012	-1	0.000000E+000
1	240.333566	-1.8311010E-012	-1.0136900E-012	0	0.000000E+000
1	240.335433	-1.0136900E-012	-1.8627980E-012	-1	0.000000E+000
1	240.348322	-1.6334820E-012	-1.0467260E-012	0	0.000000E+000
1	240.350644	-1.0467260E-012	-1.6166670E-012	-1	0.000000E+000
1	240.364800	-1.6166670E-012	-9.0312500E-013	0	0.000000E+000
1	240.366730	-9.0312500E-013	-1.6486610E-012	-1	0.000000E+000
1	240.375618	-1.6444940E-012	-1.1250000E-012	0	0.000000E+000
1	240.375954	-1.1250000E-012	-1.7477680E-012	-1	0.000000E+000
1	240.386450	-1.7477680E-012	-1.0937500E-012	0	0.000000E+000
1	240.386846	-1.0937500E-012	-1.7930060E-012	-1	0.000000E+000
1	240.389511	-1.7930060E-012	-1.0656250E-012	0	0.000000E+000
1	240.390040	-1.0656250E-012	-1.6675600E-012	-1	0.000000E+000
1	240.392388	-1.6675600E-012	-1.1781250E-012	0	0.000000E+000
1	240.392779	-1.1781250E-012	-1.8726190E-012	-1	0.000000E+000
1	240.435992	-1.8258930E-012	-1.1029760E-012	0	0.000000E+000
1	240.437201	-1.1029760E-012	-1.5187500E-012	-1	0.000000E+000
1	240.455900	-1.5187500E-012	-9.3052880E-013	0	0.000000E+000
1	240.456350	-9.3052880E-013	-1.5823190E-012	-1	0.000000E+000
1	240.457124	-1.5823190E-012	-1.0843750E-012	0	0.000000E+000
1	240.457588	-1.0843750E-012	-1.7641370E-012	-1	0.000000E+000
1	240.518914	-1.7641370E-012	-1.0297640E-012	0	0.000000E+000
1	240.519782	-1.0297640E-012	-1.4816960E-012	-1	0.000000E+000
1	240.540100	-1.4816960E-012	-1.0273810E-012	0	0.000000E+000
1	240.545479	-1.0666670E-012	-1.6407740E-012	-1	0.000000E+000
1	240.548773	-1.6407740E-012	-1.0035710E-012	0	0.000000E+000
1	240.550494	-1.0035710E-012	-1.7562500E-012	-1	0.000000E+000
1	240.552048	-1.7562500E-012	-1.0672620E-012	0	0.000000E+000
1	240.566415	-1.0071430E-012	-1.6186010E-012	-1	0.000000E+000
1	240.567016	-1.6186010E-012	-1.0375000E-012	0	0.000000E+000
1	240.567437	-1.0375000E-012	-1.5171130E-012	-1	0.000000E+000
1	240.568113	-1.5171130E-012	-1.0531250E-012	0	0.000000E+000
1	240.568656	-1.0531250E-012	-1.5171130E-012	-1	0.000000E+000
1	240.590850	-1.5171130E-012	-9.4367190E-013	0	0.000000E+000
1	240.591315	-9.4367190E-013	-1.6000000E-012	-1	0.000000E+000
1	240.592979	-1.6000000E-012	-9.2767860E-013	0	0.000000E+000
1	240.596564	-9.2767860E-013	-1.4827380E-012	-1	0.000000E+000
1	240.602101	-1.5102680E-012	-9.9436190E-013	0	0.000000E+000
1	240.602600	-9.9436190E-013	-1.4282740E-012	-1	0.000000E+000
1	240.612100	-1.4282740E-012	-1.0555060E-012	0	0.000000E+000
1	240.613617	-1.0555060E-012	-1.5982140E-012	-1	0.000000E+000
1	240.633182	-1.5171130E-012	-1.0695110E-012	0	0.000000E+000
1	240.640335	-1.0735120E-012	-1.5486610E-012	-1	0.000000E+000
1	240.655629	-1.5139880E-012	-1.0168490E-012	0	0.000000E+000
1	240.656100	-1.0168490E-012	-1.6058040E-012	-1	0.000000E+000
1	240.661280	-1.6410710E-012	-9.8244050E-013	0	0.000000E+000
1	240.664018	-9.8244050E-013	-1.4892860E-012	-1	0.000000E+000
1	240.671855	-1.5561010E-012	-1.0723210E-012	0	0.000000E+000
1	240.674323	-1.0723210E-012	-1.5630950E-012	-1	0.000000E+000
1	240.688200	-1.5630950E-012	-1.0468750E-012	0	0.000000E+000
1	240.692905	-1.1046130E-012	-1.6315480E-012	-1	0.000000E+000
1	240.698946	-1.6315480E-012	-1.0843750E-012	0	0.000000E+000
1	240.700365	-1.0843750E-012	-1.6947670E-012	-1	0.000000E+000
1	240.720700	-1.6947670E-012	-1.0671820E-012	0	0.000000E+000
1	240.721974	-1.0373720E-012	-1.5287200E-012	-1	0.000000E+000
1	240.737250	-1.5287200E-012	-1.1232140E-012	0	0.000000E+000
1	240.742454	-1.1232140E-012	-1.6019350E-012	-1	0.000000E+000
1	240.771073	-1.6019350E-012	-1.0510420E-012	0	0.000000E+000
1	240.774154	-1.0510420E-012	-1.5602680E-012	-1	0.000000E+000
1	240.777826	-1.5299110E-012	-1.0567090E-012	0	0.000000E+000
1	240.778682	-1.0567090E-012	-1.6660710E-012	-1	0.000000E+000
1	240.781240	-1.6660710E-012	-1.1000000E-012	0	0.000000E+000
1	240.781697	-1.1000000E-012	-1.5361610E-012	-1	0.000000E+000
1	240.808191	-1.5361610E-012	-1.0857140E-012	0	0.000000E+000
1	240.813398	-1.0086310E-012	-1.7105650E-012	-1	0.000000E+000
1	240.827484	-1.7105650E-012	-9.8095240E-013	0	0.000000E+000
1	240.828820	-9.8095240E-013	-1.5142860E-012	-1	0.000000E+000
1	240.829471	-1.5142860E-012	-1.0781250E-012	0	0.000000E+000
1	240.830066	-1.0781250E-012	-1.6474700E-012	-1	0.000000E+000
1	240.906411	-1.3741070E-012	-9.3437500E-013	0	0.000000E+000
1	240.907489	-9.3437500E-013	-1.4714290E-012	-1	0.000000E+000
1	240.908616	-1.4714290E-012	-1.0437500E-012	0	0.000000E+000
1	240.909308	-1.0437500E-012	-1.6029760E-012	-1	0.000000E+000
1	240.959050	-1.6029760E-012	-1.0514040E-012	0	0.000000E+000
1	240.959670	-1.0514040E-012	-1.6388160E-012	-1	0.000000E+000
1	240.960200	-1.6388160E-012	-1.0548080E-012	0	0.000000E+000
1	240.960750	-1.0548080E-012	-1.5529760E-012	-1	0.000000E+000
1	240.981891	-1.5529760E-012	-9.7187500E-013	0	0.000000E+000
1	240.983061	-9.7187500E-013	-1.5197920E-012	-1	0.000000E+000
1	241.053132	-1.5750000E-012	-1.0354170E-012	0	0.000000E+000
1	241.054278	-1.0965770E-012	-1.4781250E-012	-1	0.000000E+000
1	241.054987	-1.4781250E-012	-1.0404760E-012	0	0.000000E+000
1	241.056788	-1.0404760E-012	-1.5697580E-012	-1	0.000000E+000
1	241.074884	-1.5697580E-012	-1.0864580E-012	0	0.000000E+000
1	241.076007	-1.1437500E-012	-1.6812500E-012	-1	0.000000E+000
1	241.077174	-1.6812500E-012	-1.0864580E-012	0	0.000000E+000
1	241.080158	-1.0864580E-012	-1.6108630E-012	-1	0.000000E+000
1	241.084995	-1.6267860E-012	-9.6875000E-013	0	0.000000E+000
1	241.085617	-9.6875000E-013	-1.6058040E-012	-1	0.000000E+000
1	241.105813	-1.5193450E-012	-1.0644450E-012	0	0.000000E+000
1	241.106300	-1.0644450E-012	-1.5997020E-012	-1	0.000000E+000
1	241.121669	-1.4989580E-012	-1.0290180E-012	0	0.000000E+000
1	241.123406	-1.0290180E-012	-1.5568450E-012	-1	0.000000E+000
1	241.177979	-1.5363100E-012	-1.0500000E-012	0	0.000000E+000
1	241.178635	-1.0500000E-012	-1.6421130E-012	-1	0.000000E+000
1	241.180719	-1.6421130E-012	-1.0697920E-012	0	0.000000E+000
1	241.182426	-1.0697920E-012	-1.5563990E-012	-1	0.000000E+000
1	241.183743	-1.5563990E-012	-1.0187500E-012	0	0.000000E+000
1	241.184479	-1.0187500E-012	-1.4330360E-012	-1	0.000000E+000
1	241.228650	-1.6568120E-012	-1.0062500E-012	0	0.000000E+000
1	241.229516	-1.0062500E-012	-1.5758930E-012	-1	0.000000E+000
1	241.232696	-1.5758930E-012	-1.0241260E-012	0	0.000000E+000
1	241.233200	-1.0241260E-012	-1.6578600E-012	-1	0.000000E+000
1	241.271353	-1.6242560E-012	-1.0156250E-012	0	0.000000E+000
1	241.271886	-1.0156250E-012	-1.6113100E-012	-1	0.000000E+000
1	241.279843	-1.5718750E-012	-1.0412200E-012	0	0.000000E+000
1	241.281640	-1.0412200E-012	-1.6718750E-012	-1	0.000000E+000
1	241.282807	-1.6718750E-012	-1.0392860E-012	0	0.000000E+000
1	241.284908	-1.0392860E-012	-1.7584300E-012	-1	0.000000E+000
1	241.300250	-1.7584300E-012	-1.0336540E-012	0	0.000000E+000
1	241.300800	-1.0336540E-012	-1.7041670E-012	-1	0.000000E+000
1	241.304571	-1.4730650E-012	-9.8750000E-013	0	0.000000E+000
1	241.305311	-9.8750000E-013	-1.5159230E-012	-1	0.000000E+000
1	241.312538	-1.6222960E-012	-1.0253060E-012	0	0.000000E+000
1	241.313376	-1.0253060E-012	-1.6117560E-012	-1	0.000000E+000
1	241.347700	-1.6117560E-012	-9.5937500E-013	0	0.000000E+000
1	241.348363	-9.5937500E-013	-1.5727680E-012	-1	0.000000E+000
1	241.349163	-1.5727680E-012	-1.1187500E-012	0	0.000000E+000
1	241.349829	-1.1187500E-012	-1.8208330E-012	-1	0.000000E+000
1	241.354046	-1.8208330E-012	-1.1937500E-012	0	0.000000E+000
1	241.354434	-1.1937500E-012	-1.5855650E-012	-1	0.000000E+000
1	241.356558	-1.6511900E-012	-1.1500000E-012	0	0.000000E+000
1	241.356912	-1.1500000E-012	-1.6654760E-012	-1	0.000000E+000
1	241.377050	-1.6654760E-012	-1.1656250E-012	0	0.000000E+000
1	241.377560	-1.1656250E-012	-1.7955360E-012	-1	0.000000E+000
1	241.381716	-1.7955360E-012	-1.0741070E-012	0	0.000000E+000
1	241.385126	-1.0741070E-012	-1.6194940E-012	-1	0.000000E+000
1	241.398270	-1.6654760E-012	-9.7961310E-013	0	0.000000E+000
1	241.408553	-1.0577380E-012	-1.5787200E-012	-1	0.000000E+000
1	241.409673	-1.5787200E-012	-9.8125000E-013	0	0.000000E+000
1	241.410359	-9.8125000E-013	-1.5653270E-012	-1	0.000000E+000
1	241.429192	-1.5653270E-012	-1.0312500E-012	0	0.000000E+000
1	241.430162	-1.0312500E-012	-1.4904760E-012	-1	0.000000E+000
1	241.431788	-1.4904760E-012	-9.7812500E-013	0	0.000000E+000
1	241.432669	-9.7812500E-013	-1.7758930E-012	-1	0.000000E+000
1	241.456550	-1.7758930E-012	-1.1000000E-012	0	0.000000E+000
1	241.456950	-1.1000000E-012	-1.6485120E-012	-1	0.000000E+000
1	241.461426	-1.6157740E-012	-1.1437500E-012	0	0.000000E+000
1	241.462249	-1.1437500E-012	-1.8828870E-012	-1	0.000000E+000
1	241.466991	-1.8828870E-012	-1.1200890E-012	0	0.000000E+000
1	241.471041	-1.1200890E-012	-1.7349700E-012	-1	0.000000E+000
1	241.483291	-1.6693450E-012	-1.0625000E-012	0	0.000000E+000
1	241.484652	-1.0625000E-012	-1.7614580E-012	-1	0.000000E+000
1	241.486928	-1.7614580E-012	-1.0949400E-012	0	0.000000E+000
1	241.491840	-1.0949400E-012	-1.6291670E-012	-1	0.000000E+000
1	241.494763	-1.6291670E-012	-1.0197920E-012	0	0.000000E+000
1	241.496751	-1.0197920E-012	-1.6845240E-012	-1	0.000000E+000
1	241.503027	-1.6333330E-012	-1.0187500E-012	0	0.000000E+000
1	241.505143	-1.0187500E-012	-1.7303570E-012	-1	0.000000E+000
1	241.514833	-1.6886900E-012	-1.1062500E-012	0	0.000000E+000
1	241.515653	-1.1062500E-012	-1.6428570E-012	-1	0.000000E+000
1	241.516150	-1.6428570E-012	-1.1656250E-012	0	0.000000E+000
1	241.516628	-1.1656250E-012	-1.6428570E-012	-1	0.000000E+000
1	241.551107	-1.7714290E-012	-1.1102680E-012	0	0.000000E+000
1	241.555903	-1.1273810E-012	-1.8613100E-012	-1	0.000000E+000
1	241.565755	-1.6186010E-012	-1.0566960E-012	0	0.000000E+000
1	241.569271	-1.0566960E-012	-1.6785710E-012	-1	0.000000E+000
1	241.572276	-1.6715770E-012	-9.3750000E-013	0	0.000000E+000
1	241.573442	-9.3750000E-013	-1.6924110E-012	-1	0.000000E+000
1	241.575254	-1.6924110E-012	-8.2812500E-013	0	0.000000E+000
1	241.576865	-8.2812500E-013	-1.7279760E-012	-1	0.000000E+000
1	241.606075	-1.6130950E-012	-9.5000000E-013	0	0.000000E+000
1	241.606920	-9.5000000E-013	-1.7273810E-012	-1	0.000000E+000
1	241.622805	-1.7273810E-012	-9.8750000E-013	0	0.000000E+000
1	241.623374	-9.8750000E-013	-1.7417720E-012	-1	0.000000E+000
1	241.626060	-1.6346730E-012	-9.8407740E-013	0	0.000000E+000
1	241.628033	-9.8407740E-013	-1.7218480E-012	-1	0.000000E+000
1	241.635449	-1.7177080E-012	-1.0000000E-012	0	0.000000E+000
1	241.636042	-1.0000000E-012	-1.6123510E-012	-1	0.000000E+000
1	241.638918	-1.6123510E-012	-1.0531250E-012	0	0.000000E+000
1	241.639383	-1.0531250E-012	-1.5061010E-012	-1	0.000000E+000
1	241.641771	-1.5061010E-012	-9.5625010E-013	0	0.000000E+000
1	241.642256	-9.5625010E-013	-1.6351190E-012	-1	0.000000E+000
1	241.647641	-1.6351190E-012	-9.5000000E-013	0	0.000000E+000
1	241.649091	-9.5000000E-013	-1.7193450E-012	-1	0.000000E+000
1	241.659650	-1.5413690E-012	-9.0312500E-013	0	0.000000E+000
1	241.660960	-9.0312500E-013	-1.4784230E-012	-1	0.000000E+000
1	241.666918	-1.4882440E-012	-1.0000000E-012	0	0.000000E+000
1	241.667953	-1.0000000E-012	-1.5566960E-012	-1	0.000000E+000
1	241.680457	-1.5049110E-012	-9.0937500E-013	0	0.000000E+000
1	241.681470	-9.0937500E-013	-1.5758660E-012	-1	0.000000E+000
1	241.684871	-1.3940480E-012	-9.5000000E-013	0	0.000000E+000
1	241.685885	-9.5000000E-013	-1.5543340E-012	-1	0.000000E+000
1	241.698131	-1.5287200E-012	-1.0626490E-012	0	0.000000E+000
1	241.700230	-1.0626490E-012	-1.6531250E-012	-1	0.000000E+000
1	241.742741	-1.6043150E-012	-9.2648810E-013	0	0.000000E+000
1	241.744360	-9.2648810E-013	-1.6437500E-012	-1	0.000000E+000
1	241.744933	-1.6437500E-012	-1.0590770E-012	0	0.000000E+000
1	241.749151	-1.0590770E-012	-1.8093750E-012	-1	0.000000E+000
1	241.750282	-1.8093750E-012	-1.0171130E-012	0	0.000000E+000
1	241.752068	-1.0171130E-012	-1.7979170E-012	-1	0.000000E+000
1	241.770543	-1.7979170E-012	-9.4958480E-013	0	0.000000E+000
1	241.771215	-9.4958480E-013	-1.5540180E-012	-1	0.000000E+000
1	241.798150	-1.5540180E-012	-1.0123510E-012	0	0.000000E+000
1	241.800051	-1.0123510E-012	-1.5291670E-012	-1	0.000000E+000
1	241.808601	-1.6467260E-012	-1.0750000E-012	0	0.000000E+000
1	241.809191	-1.0750000E-012	-1.5736610E-012	-1	0.000000E+000
1	241.820370	-1.5772320E-012	-1.0500000E-012	0	0.000000E+000
1	241.821352	-1.0500000E-012	-1.5738100E-012	-1	0.000000E+000
1	241.845027	-1.5266370E-012	-1.1343750E-012	0	0.000000E+000
1	241.845287	-1.1343750E-012	-1.6340520E-012	-1	0.000000E+000
1	241.857050	-1.6340520E-012	-1.0654760E-012	0	0.000000E+000
1	241.858497	-1.0654760E-012	-1.5383930E-012	-1	0.000000E+000
1	241.862180	-1.5383930E-012	-1.0203870E-012	0	0.000000E+000
1	241.870668	-1.0269350E-012	-1.8159230E-012	-1	0.000000E+000
1	241.888483	-1.7953870E-012	-1.0623510E-012	0	0.000000E+000
1	241.889000	-1.0623510E-012	-1.7781250E-012	-1	0.000000E+000
1	241.889674	-1.7781250E-012	-1.0623510E-012	0	0.000000E+000
1	241.892242	-1.0623510E-012	-1.6482140E-012	-1	0.000000E+000
1	241.904295	-1.6293150E-012	-1.0544640E-012	0	0.000000E+000
1	241.905758	-1.0544640E-012	-1.5117560E-012	-1	0.000000E+000
1	241.910850	-1.5117560E-012	-9.0312500E-013	0	0.000000E+000
1	241.911976	-9.0312500E-013	-1.4845240E-012	-1	0.000000E+000
1	241.913403	-1.4845240E-012	-1.1102680E-012	0	0.000000E+000
1	241.917402	-1.1116070E-012	-1.6688990E-012	-1	0.000000E+000
1	241.924827	-1.6648810E-012	-1.0893380E-012	0	0.000000E+000
1	241.932650	-1.0893380E-012	-1.6321430E-012	-1	0.000000E+000
1	241.948796	-1.4965770E-012	-1.0136900E-012	0	0.000000E+000
1	241.953881	-1.0132440E-012	-1.5456850E-012	-1	0.000000E+000
1	241.964933	-1.6122020E-012	-1.1281250E-012	0	0.000000E+000
1	241.965401	-1.1281250E-012	-1.6544640E-012	-1	0.000000E+000
1	241.970334	-1.6318450E-012	-1.0156250E-012	0	0.000000E+000
1	241.971543	-1.0156250E-012	-1.7309520E-012	-1	0.000000E+000
1	241.985385	-1.8142860E-012	-1.1687500E-012	0	0.000000E+000
1	241.986196	-1.1687500E-012	-1.5968750E-012	-1	0.000000E+000
1	241.989870	-1.5968750E-012	-1.0437500E-012	0	0.000000E+000
1	241.991082	-1.0437500E-012	-1.5376490E-012	-1	0.000000E+000
1	241.997343	-1.5376490E-012	-1.1016370E-012	0	0.000000E+000
1	241.998508	-1.1016370E-012	-1.5822920E-012	-1	0.000000E+000
1	242.003470	-1.5727680E-012	-1.0593750E-012	0	0.000000E+000
1	242.003975	-1.0593750E-012	-1.5138390E-012	-1	0.000000E+000
1	242.026079	-1.5138390E-012	-1.0336310E-012	0	0.000000E+000
1	242.029861	-9.7380950E-013	-1.6812210E-012	-1	0.000000E+000
1	242.096175	-1.5227680E-012	-1.0562500E-012	0	0.000000E+000
1	242.096749	-1.0562500E-012	-1.5366070E-012	-1	0.000000E+000
1	242.104850	-1.5366070E-012	-1.0343750E-012	0	0.000000E+000
1	242.105356	-1.0343750E-012	-1.6419640E-012	-1	0.000000E+000
1	242.111333	-1.4750000E-012	-9.4687500E-013	0	0.000000E+000
1	242.112383	-9.4687500E-013	-1.5254460E-012	-1	0.000000E+000
1	242.133406	-1.5254460E-012	-1.0625000E-012	0	0.000000E+000
1	242.133983	-1.0625000E-012	-1.7184520E-012	-1	0.000000E+000
1	242.143565	-1.6974700E-012	-1.0488100E-012	0	0.000000E+000
1	242.145291	-1.0488100E-012	-1.7544640E-012	-1	0.000000E+000
1	242.149484	-1.7544640E-012	-1.0218750E-012	0	0.000000E+000
1	242.150182	-1.0218750E-012	-1.7449400E-012	-1	0.000000E+000
1	242.152708	-1.7449400E-012	-1.0750000E-012	0	0.000000E+000
1	242.153213	-1.0750000E-012	-1.7177080E-012	-1	0.000000E+000
1	242.188729	-1.4806550E-012	-1.0125000E-012	0	0.000000E+000
1	242.189243	-1.0125000E-012	-1.3940480E-012	-1	0.000000E+000
1	242.193027	-1.4552080E-012	-1.0578870E-012	0	0.000000E+000
1	242.194680	-1.0578870E-012	-1.4989580E-012	-1	0.000000E+000
1	242.248300	-1.4989580E-012	-1.0156250E-012	0	0.000000E+000
1	242.248850	-1.0156250E-012	-1.6875000E-012	-1	0.000000E+000
1	242.250105	-1.6875000E-012	-1.0630950E-012	0	0.000000E+000
1	242.252897	-1.0630950E-012	-1.6635100E-012	-1	0.000000E+000
1	242.281949	-1.6635100E-012	-1.0235120E-012	0	0.000000E+000
1	242.284377	-1.0235120E-012	-1.7605650E-012	-1	0.000000E+000
1	242.312939	-1.7586310E-012	-1.1120540E-012	0	0.000000E+000
1	242.315031	-1.1120540E-012	-1.7193450E-012	-1	0.000000E+000
1	242.315500	-1.7193450E-012	-8.5000000E-013	0	0.000000E+000
1	242.316139	-8.5000000E-013	-1.7193450E-012	-1	0.000000E+000
1	242.322649	-1.5916670E-012	-1.0098210E-012	0	0.000000E+000
1	242.323100	-1.0098210E-012	-1.7125000E-012	-1	0.000000E+000
1	242.324351	-1.7125000E-012	-9.3437500E-013	0	0.000000E+000
1	242.326056	-9.3437500E-013	-1.6850900E-012	-1	0.000000E+000
1	242.376287	-1.4989580E-012	-1.0447920E-012	0	0.000000E+000
1	242.379902	-1.0447920E-012	-1.5019350E-012	-1	0.000000E+000
1	242.385100	-1.5019350E-012	-9.5000000E-013	0	0.000000E+000
1	242.386557	-9.5000000E-013	-1.6625000E-012	-1	0.000000E+000
1	242.387993	-1.6625000E-012	-1.0065480E-012	0	0.000000E+000
1	242.389794	-1.0065480E-012	-1.6316960E-012	-1	0.000000E+000
1	242.393169	-1.6316960E-012	-9.2187500E-013	0	0.000000E+000
1	242.394365	-9.2187500E-013	-1.5550600E-012	-1	0.000000E+000
1	242.404348	-1.5132440E-012	-1.0241070E-012	0	0.000000E+000
1	242.408119	-1.0241070E-012	-1.5528270E-012	-1	0.000000E+000
1	242.440864	-1.5528270E-012	-1.1062500E-012	0	0.000000E+000
1	242.441821	-1.1062500E-012	-1.7919640E-012	-1	0.000000E+000
1	242.444434	-1.7919640E-012	-1.0625000E-012	0	0.000000E+000
1	242.445721	-1.0625000E-012	-1.4994050E-012	-1	0.000000E+000
1	242.526850	-1.4994050E-012	-9.0000000E-013	0	0.000000E+000
1	242.527360	-9.0000000E-013	-1.6836310E-012	-1	0.000000E+000
1	242.529155	-1.7546130E-012	-1.0687500E-012	0	0.000000E+000
1	242.529686	-1.0687500E-012	-1.6787200E-012	-1	0.000000E+000
1	242.553383	-1.4418150E-012	-1.0250000E-012	0	0.000000E+000
1	242.554919	-1.0250000E-012	-1.6549110E-012	-1	0.000000E+000
1	242.562907	-1.5127980E-012	-9.1491430E-013	0	0.000000E+000
1	242.564923	-9.1491430E-013	-1.4794640E-012	-1	0.000000E+000
1	242.598639	-1.6330360E-012	-9.5625010E-013	0	0.000000E+000
1	242.599639	-9.5625010E-013	-1.6218750E-012	-1	0.000000E+000
1	242.666146	-1.5627980E-012	-1.0281250E-012	0	0.000000E+000
1	242.666548	-1.0281250E-012	-1.4653270E-012	-1	0.000000E+000
1	242.759142	-1.5912020E-012	-9.7812500E-013	0	0.000000E+000
1	242.766557	-1.0563990E-012	-1.6604170E-012	-1	0.000000E+000
1	242.783884	-1.6383760E-012	-1.0437500E-012	0	0.000000E+000
1	242.784956	-1.1114580E-012	-1.5827380E-012	-1	0.000000E+000
1	242.811149	-1.5827380E-012	-1.0650300E-012	0	0.000000E+000
1	242.813200	-1.0650300E-012	-1.5973210E-012	-1	0.000000E+000
1	242.820658	-1.6280920E-012	-1.0500000E-012	0	0.000000E+000
1	242.821422	-1.0500000E-012	-1.5659230E-012	-1	0.000000E+000
1	242.846402	-1.5659230E-012	-1.0312500E-012	0	0.000000E+000
1	242.847116	-1.0312500E-012	-1.6037200E-012	-1	0.000000E+000
1	242.901027	-1.6532740E-012	-1.0125000E-012	0	0.000000E+000
1	242.901590	-1.0125000E-012	-1.6380640E-012	-1	0.000000E+000
1	242.938306	-1.5293150E-012	-1.0255950E-012	0	0.000000E+000
1	242.945538	-1.0244050E-012	-1.5138390E-012	-1	0.000000E+000
1	242.947623	-1.5138390E-012	-1.0187500E-012	0	0.000000E+000
1	242.948062	-1.0187500E-012	-1.6005640E-012	-1	0.000000E+000
1	242.959950	-1.6005640E-012	-1.0625000E-012	0	0.000000E+000
1	242.960203	-1.0625000E-012	-1.6229170E-012	-1	0.000000E+000
1	242.964110	-1.6229170E-012	-1.0017860E-012	0	0.000000E+000
1	242.968453	-1.0272320E-012	-1.5153270E-012	-1	0.000000E+000
1	242.981898	-1.5991070E-012	-1.0538690E-012	0	0.000000E+000
1	242.987979	-1.0013390E-012	-1.6303570E-012	-1	0.000000E+000
1	243.033642	-1.6034230E-012	-1.0750000E-012	0	0.000000E+000
1	243.034183	-1.0750000E-012	-1.5785710E-012	-1	0.000000E+000
1	243.038817	-1.6105650E-012	-1.0718750E-012	0	0.000000E+000
1	243.039500	-1.0718750E-012	-1.6270830E-012	-1	0.000000E+000
1	243.042500	-1.6270830E-012	-9.8437500E-013	0	0.000000E+000
1	243.043574	-9.8437500E-013	-1.6471730E-012	-1	0.000000E+000
1	243.112904	-1.6747020E-012	-1.1260420E-012	0	0.000000E+000
1	243.115878	-1.1260420E-012	-1.5791670E-012	-1	0.000000E+000
1	243.138521	-1.4840770E-012	-1.0562500E-012	0	0.000000E+000
1	243.139004	-1.0562500E-012	-1.4383930E-012	-1	0.000000E+000
1	243.143910	-1.3971730E-012	-1.0342260E-012	0	0.000000E+000
1	243.145507	-1.0342260E-012	-1.5910710E-012	-1	0.000000E+000
1	243.211126	-1.4831850E-012	-1.0998510E-012	0	0.000000E+000
1	243.212562	-1.0998510E-012	-1.5624790E-012	-1	0.000000E+000
1	243.233435	-1.5624790E-012	-1.1843750E-012	0	0.000000E+000
1	243.234166	-1.1843750E-012	-1.5306550E-012	-1	0.000000E+000
1	243.249400	-1.5306550E-012	-1.0867560E-012	0	0.000000E+000
1	243.251049	-1.0867560E-012	-1.6666670E-012	-1	0.000000E+000
1	243.251559	-1.6666670E-012	-1.0656250E-012	0	0.000000E+000
1	243.252041	-1.0656250E-012	-1.6971730E-012	-1	0.000000E+000
1	243.274865	-1.5568450E-012	-1.0680060E-012	0	0.000000E+000
1	243.277259	-1.0680060E-012	-1.5212800E-012	-1	0.000000E+000
1	243.299350	-1.5212800E-012	-1.1108630E-012	0	0.000000E+000
1	243.303338	-1.1108630E-012	-1.4681550E-012	-1	0.000000E+000
1	243.321931	-1.4681550E-012	-1.0084820E-012	0	0.000000E+000
1	243.323637	-1.0084820E-012	-1.5154760E-012	-1	0.000000E+000
1	243.355100	-1.5154760E-012	-9.6822550E-013	0	0.000000E+000
1	243.355650	-9.6822550E-013	-1.6000000E-012	-1	0.000000E+000
1	243.359100	-1.6000000E-012	-1.0585010E-012	0	0.000000E+000
1	243.359650	-1.0585010E-012	-1.6623200E-012	-1	0.000000E+000
1	243.360546	-1.6623200E-012	-1.0812500E-012	0	0.000000E+000
1	243.361305	-1.0812500E-012	-1.6257210E-012	-1	0.000000E+000
1	243.372985	-1.6257210E-012	-1.0096730E-012	0	0.000000E+000
1	243.375208	-1.0169640E-012	-1.5395830E-012	-1	0.000000E+000
1	243.379872	-1.5851190E-012	-1.0281250E-012	0	0.000000E+000
1	243.380425	-1.0281250E-012	-1.6357140E-012	-1	0.000000E+000
1	243.402150	-1.6357140E-012	-1.0250000E-012	0	0.000000E+000
1	243.403412	-1.0250000E-012	-1.6267860E-012	-1	0.000000E+000
1	243.405623	-1.6267860E-012	-1.1306550E-012	0	0.000000E+000
1	243.407534	-1.1306550E-012	-1.6118920E-012	-1	0.000000E+000
1	243.450296	-1.6118920E-012	-1.1196430E-012	0	0.000000E+000
1	243.452501	-1.1196430E-012	-1.5636900E-012	-1	0.000000E+000
1	243.454534	-1.5636900E-012	-9.8750000E-013	0	0.000000E+000
1	243.455786	-9.8750000E-013	-1.5473210E-012	-1	0.000000E+000
1	243.461354	-1.5162200E-012	-1.0349700E-012	0	0.000000E+000
1	243.467289	-1.0671130E-012	-1.4497020E-012	-1	0.000000E+000
1	243.484750	-1.4497020E-012	-1.0187500E-012	0	0.000000E+000
1	243.485225	-1.0187500E-012	-1.5622020E-012	-1	0.000000E+000
1	243.492053	-1.4476190E-012	-1.0626490E-012	0	0.000000E+000
1	243.494707	-1.0626490E-012	-1.6656250E-012	-1	0.000000E+000
1	243.557432	-1.5084820E-012	-9.9600090E-013	0	0.000000E+000
1	243.558064	-9.9600090E-013	-1.4724700E-012	-1	0.000000E+000
1	243.565350	-1.4724700E-012	-9.1875000E-013	0	0.000000E+000
1	243.566891	-9.1875000E-013	-1.5922620E-012	-1	0.000000E+000
1	243.579892	-1.5221730E-012	-1.0168150E-012	0	0.000000E+000
1	243.583303	-1.0168150E-012	-1.5839290E-012	-1	0.000000E+000
1	243.601031	-1.6937500E-012	-9.2904280E-013	0	0.000000E+000
1	243.601553	-9.2904280E-013	-1.4595240E-012	-1	0.000000E+000
1	243.620053	-1.4595240E-012	-9.3662590E-013	0	0.000000E+000
1	243.620733	-9.3662590E-013	-1.6544640E-012	-1	0.000000E+000
1	243.660642	-1.5712800E-012	-1.0000000E-012	0	0.000000E+000
1	243.661529	-1.0000000E-012	-1.6196430E-012	-1	0.000000E+000
1	243.679630	-1.5571430E-012	-9.1254380E-013	0	0.000000E+000
1	243.680100	-9.1254380E-013	-1.6723210E-012	-1	0.000000E+000
1	243.684348	-1.6723210E-012	-1.0937500E-012	0	0.000000E+000
1	243.685090	-1.0937500E-012	-1.5183040E-012	-1	0.000000E+000
1	243.718872	-1.5183040E-012	-1.0000000E-012	0	0.000000E+000
1	243.720560	-1.0000000E-012	-1.5833330E-012	-1	0.000000E+000
1	243.725706	-1.5068450E-012	-1.0565480E-012	0	0.000000E+000
1	243.727793	-1.0565480E-012	-1.6803570E-012	-1	0.000000E+000
1	243.803179	-1.5008930E-012	-1.0694940E-012	0	0.000000E+000
1	243.804758	-1.0694940E-012	-1.7110120E-012	-1	0.000000E+000
1	243.806790	-1.7110120E-012	-1.1125000E-012	0	0.000000E+000
1	243.807229	-1.1125000E-012	-1.6453680E-012	-1	0.000000E+000
1	243.820700	-1.5354170E-012	-1.1272320E-012	0	0.000000E+000
1	243.822916	-1.1336310E-012	-1.7415180E-012	-1	0.000000E+000
1	243.831427	-1.6363100E-012	-1.1187500E-012	0	0.000000E+000
1	243.832129	-1.1187500E-012	-1.7741070E-012	-1	0.000000E+000
1	243.836872	-1.7784230E-012	-1.0723980E-012	0	0.000000E+000
1	243.837379	-1.0723980E-012	-1.5510420E-012	-1	0.000000E+000
1	243.853400	-1.5510420E-012	-1.0848210E-012	0	0.000000E+000
1	243.855064	-1.0848210E-012	-1.5352680E-012	-1	0.000000E+000
1	243.857950	-1.5352680E-012	-1.0055290E-012	0	0.000000E+000
1	243.858400	-1.0055290E-012	-1.6714060E-012	-1	0.000000E+000
1	243.882373	-1.4947920E-012	-1.0101400E-012	0	0.000000E+000
1	243.882850	-1.0101400E-012	-1.5232140E-012	-1	0.000000E+000
1	243.894200	-1.5232140E-012	-1.0062500E-012	0	0.000000E+000
1	243.894499	-1.0062500E-012	-1.5275300E-012	-1	0.000000E+000
1	243.907863	-1.5235120E-012	-1.0630950E-012	0	0.000000E+000
1	243.918130	-1.0630950E-012	-1.6040180E-012	-1	0.000000E+000
1	244.012669	-1.5757440E-012	-1.0406250E-012	0	0.000000E+000
1	244.013084	-1.0406250E-012	-1.5184520E-012	-1	0.000000E+000
1	244.043600	-1.5184520E-012	-1.0160840E-012	0	0.000000E+000
1	244.044100	-1.0160840E-012	-1.6319940E-012	-1	0.000000E+000
1	244.113114	-1.6843750E-012	-1.0015630E-012	0	0.000000E+000
1	244.114452	-1.1315480E-012	-1.8620060E-012	-1	0.000000E+000
1	244.115294	-1.8620060E-012	-9.8437500E-013	0	0.000000E+000
1	244.115882	-9.8437500E-013	-1.7361320E-012	-1	0.000000E+000
1	244.118990	-1.5403270E-012	-1.0617560E-012	0	0.000000E+000
1	244.130218	-1.0180060E-012	-1.5013390E-012	-1	0.000000E+000
1	244.160300	-1.5013390E-012	-9.9717260E-013	0	0.000000E+000
1	244.164341	-9.9717260E-013	-1.6248510E-012	-1	0.000000E+000
1	244.182885	-1.6391370E-012	-9.9917580E-013	0	0.000000E+000
1	244.184334	-1.0409230E-012	-1.6626490E-012	-1	0.000000E+000
1	244.198110	-1.6413690E-012	-1.0027100E-012	0	0.000000E+000
1	244.198600	-1.0027100E-012	-1.6291670E-012	-1	0.000000E+000
1	244.229066	-1.6291670E-012	-1.0726190E-012	0	0.000000E+000
1	244.233226	-1.0726190E-012	-1.5657740E-012	-1	0.000000E+000
1	244.243217	-1.4968750E-012	-1.0590770E-012	0	0.000000E+000
1	244.247828	-1.0590770E-012	-1.5894350E-012	-1	0.000000E+000
1	244.254937	-1.5873510E-012	-9.4375000E-013	0	0.000000E+000
1	244.256229	-9.4375000E-013	-1.6601190E-012	-1	0.000000E+000
1	244.260697	-1.7230650E-012	-9.5312490E-013	0	0.000000E+000
1	244.262720	-9.5312490E-013	-1.5205360E-012	-1	0.000000E+000
1	244.264544	-1.5205360E-012	-1.0620540E-012	0	0.000000E+000
1	244.270242	-1.0316960E-012	-1.5181550E-012	-1	0.000000E+000
1	244.285650	-1.5181550E-012	-1.0406250E-012	0	0.000000E+000
1	244.286991	-1.0406250E-012	-1.6438990E-012	-1	0.000000E+000
1	244.299445	-1.5668150E-012	-1.0085010E-012	0	0.000000E+000
1	244.299995	-1.0085010E-012	-1.7113100E-012	-1	0.000000E+000
1	244.315500	-1.7113100E-012	-1.0324740E-012	0	0.000000E+000
1	244.320119	-1.1345400E-012	-1.5988100E-012	-1	0.000000E+000
1	244.327250	-1.5988100E-012	-1.0456850E-012	0	0.000000E+000
1	244.329550	-1.0456850E-012	-1.6029530E-012	-1	0.000000E+000
1	244.344838	-1.6096730E-012	-1.0718750E-012	0	0.000000E+000
1	244.345490	-1.0718750E-012	-1.6560720E-012	-1	0.000000E+000
1	244.386159	-1.6758930E-012	-9.0000000E-013	0	0.000000E+000
1	244.388105	-9.0000000E-013	-1.5403270E-012	-1	0.000000E+000
1	244.544640	-1.5403270E-012	-1.0187500E-012	0	0.000000E+000
1	244.545276	-1.0187500E-012	-1.5034230E-012	-1	0.000000E+000
1	244.571950	-1.5034230E-012	-1.0250000E-012	0	0.000000E+000
1	244.572812	-1.0250000E-012	-1.5376490E-012	-1	0.000000E+000
1	244.596501	-1.5453870E-012	-1.0906250E-012	0	0.000000E+000
1	244.597200	-1.0906250E-012	-1.5232140E-012	-1	0.000000E+000
1	244.598935	-1.5232140E-012	-1.0156250E-012	0	0.000000E+000
1	244.599674	-1.0156250E-012	-1.5415180E-012	-1	0.000000E+000
1	244.604817	-1.5415180E-012	-1.1000000E-012	0	0.000000E+000
1	244.605368	-1.1000000E-012	-1.4584820E-012	-1	0.000000E+000
1	244.610456	-1.4584820E-012	-1.0375000E-012	0	0.000000E+000
1	244.612848	-1.0375000E-012	-1.4739580E-012	-1	0.000000E+000
1	244.623050	-1.4739580E-012	-1.0336310E-012	0	0.000000E+000
1	244.626304	-1.0336310E-012	-1.7921130E-012	-1	0.000000E+000
1	244.632860	-1.5739580E-012	-1.1593750E-012	0	0.000000E+000
1	244.633261	-1.1593750E-012	-1.7909230E-012	-1	0.000000E+000
1	244.646087	-1.8697920E-012	-1.0906250E-012	0	0.000000E+000
1	244.646924	-1.0906250E-012	-1.8986610E-012	-1	0.000000E+000
1	244.658917	-1.9201940E-012	-1.1467660E-012	0	0.000000E+000
1	244.703906	-1.1467660E-012	-1.6809170E-012	-1	0.000000E+000
1	244.755446	-1.7105650E-012	-9.9062500E-013	0	0.000000E+000
1	244.756004	-9.9062500E-013	-1.5369050E-012	-1	0.000000E+000
1	244.813650	-1.7466950E-012	-1.0110120E-012	0	0.000000E+000
1	244.819395	-1.0901790E-012	-1.7096730E-012	-1	0.000000E+000
1	244.841942	-1.6888390E-012	-9.7294580E-013	0	0.000000E+000
1	244.842450	-9.7294580E-013	-1.6569690E-012	-1	0.000000E+000
1	244.852688	-1.5813990E-012	-9.7500000E-013	0	0.000000E+000
1	244.853778	-9.7500000E-013	-1.5727680E-012	-1	0.000000E+000
1	244.894750	-1.5727680E-012	-1.0875000E-012	0	0.000000E+000
1	244.895925	-1.0875000E-012	-1.5980650E-012	-1	0.000000E+000
1	244.903262	-1.5980650E-012	-1.0120540E-012	0	0.000000E+000
1	244.905298	-1.0120540E-012	-1.6401790E-012	-1	0.000000E+000
1	244.907809	-1.6401790E-012	-1.0656250E-012	0	0.000000E+000
1	244.908388	-1.0656250E-012	-1.6160710E-012	-1	0.000000E+000
1	244.952958	-1.6718750E-012	-1.0500000E-012	0	0.000000E+000
1	244.953559	-1.0500000E-012	-1.4953870E-012	-1	0.000000E+000
1	244.956566	-1.4953870E-012	-1.0000000E-012	0	0.000000E+000
1	244.957109	-1.0000000E-012	-1.6270830E-012	-1	0.000000E+000
1	244.981300	-1.6270830E-012	-1.1369050E-012	0	0.000000E+000
1	244.986380	-1.1181550E-012	-1.4947920E-012	-1	0.000000E+000
1	244.995850	-1.7045820E-012	-1.1087800E-012	0	0.000000E+000
1	245.004258	-1.0080360E-012	-1.5627980E-012	-1	0.000000E+000
1	245.054793	-1.5952380E-012	-1.0000000E-012	0	0.000000E+000
1	245.055986	-1.0000000E-012	-1.5766370E-012	-1	0.000000E+000
1	245.058540	-1.5766370E-012	-1.1744050E-012	0	0.000000E+000
1	245.060998	-1.1464330E-012	-1.5190480E-012	-1	0.000000E+000
1	245.106550	-1.5190480E-012	-9.8125000E-013	0	0.000000E+000
1	245.107227	-9.8125000E-013	-1.6359830E-012	-1	0.000000E+000
1	245.166442	-1.5946430E-012	-1.0837800E-012	0	0.000000E+000
1	245.169175	-1.0837800E-012	-1.6499730E-012	-1	0.000000E+000
1	245.172228	-1.6499730E-012	-1.0468750E-012	0	0.000000E+000
1	245.174050	-1.0593750E-012	-1.6855360E-012	-1	0.000000E+000
1	245.180286	-1.7426580E-012	-1.0446430E-012	0	0.000000E+000
1	245.187105	-1.1058180E-012	-1.6812500E-012	-1	0.000000E+000
1	245.187967	-1.6812500E-012	-1.0187500E-012	0	0.000000E+000
1	245.188780	-1.0187500E-012	-1.5970240E-012	-1	0.000000E+000
1	245.219772	-1.5086310E-012	-1.0145830E-012	0	0.000000E+000
1	245.223321	-1.0145830E-012	-1.6497020E-012	-1	0.000000E+000
1	245.285053	-1.5188990E-012	-1.0467260E-012	0	0.000000E+000
1	245.288151	-1.0467260E-012	-1.6254460E-012	-1	0.000000E+000
1	245.305012	-1.5010420E-012	-1.0250000E-012	0	0.000000E+000
1	245.306756	-1.0250000E-012	-1.5645830E-012	-1	0.000000E+000
1	245.316750	-1.5645830E-012	-1.0251630E-012	0	0.000000E+000
1	245.319270	-1.1230650E-012	-1.6041670E-012	-1	0.000000E+000
1	245.386491	-1.6522320E-012	-1.1175600E-012	0	0.000000E+000
1	245.390184	-1.1175600E-012	-1.6053570E-012	-1	0.000000E+000
1	245.393859	-1.6053570E-012	-1.0891370E-012	0	0.000000E+000
1	245.395231	-1.0891370E-012	-1.6507440E-012	-1	0.000000E+000
1	245.397708	-1.6507440E-012	-9.2500000E-013	0	0.000000E+000
1	245.400109	-9.2500000E-013	-1.7175600E-012	-1	0.000000E+000
1	245.425089	-1.8007440E-012	-9.6875000E-013	0	0.000000E+000
1	245.426423	-9.6875000E-013	-1.7953870E-012	-1	0.000000E+000
1	245.429071	-1.7953870E-012	-1.1000000E-012	0	0.000000E+000
1	245.430535	-1.1000000E-012	-1.7541670E-012	-1	0.000000E+000
1	245.434885	-1.7541670E-012	-8.7151810E-013	0	0.000000E+000
1	245.436350	-8.7151810E-013	-1.5379460E-012	-1	0.000000E+000
1	245.467134	-1.5379460E-012	-9.0000000E-013	0	0.000000E+000
1	245.468953	-9.0000000E-013	-1.6483420E-012	-1	0.000000E+000
1	245.516000	-1.6483420E-012	-8.7161270E-013	0	0.000000E+000
1	245.516500	-8.7161270E-013	-1.5620540E-012	-1	0.000000E+000
1	245.543253	-1.6999670E-012	-9.5312490E-013	0	0.000000E+000
1	245.544032	-9.5312490E-013	-1.6090770E-012	-1	0.000000E+000
1	245.550593	-1.6245540E-012	-9.1177890E-013	0	0.000000E+000
1	245.551128	-9.1177890E-013	-1.5767860E-012	-1	0.000000E+000
1	245.586350	-1.5767860E-012	-1.0593750E-012	0	0.000000E+000
1	245.586596	-1.0593750E-012	-1.5703870E-012	-1	0.000000E+000
1	245.612433	-1.4870540E-012	-1.0822920E-012	0	0.000000E+000
1	245.614363	-1.0822920E-012	-1.5281250E-012	-1	0.000000E+000
1	245.627614	-1.5281250E-012	-1.0009180E-012	0	0.000000E+000
1	245.628150	-1.0009180E-012	-1.6013390E-012	-1	0.000000E+000
1	245.631204	-1.6013390E-012	-1.0577380E-012	0	0.000000E+000
1	245.631750	-1.0577380E-012	-1.5343750E-012	-1	0.000000E+000
1	245.632353	-1.5343750E-012	-1.0577380E-012	0	0.000000E+000
1	245.635987	-1.0577380E-012	-1.6483360E-012	-1	0.000000E+000
1	245.641513	-1.5360120E-012	-1.0325890E-012	0	0.000000E+000
1	245.644476	-1.0325890E-012	-1.6148600E-012	-1	0.000000E+000
1	245.658002	-1.6148600E-012	-1.0436010E-012	0	0.000000E+000
1	245.660256	-1.0436010E-012	-1.5410710E-012	-1	0.000000E+000
1	245.676289	-1.5410710E-012	-9.7500000E-013	0	0.000000E+000
1	245.677194	-9.7500000E-013	-1.7690480E-012	-1	0.000000E+000
1	245.726313	-1.6345240E-012	-1.0437500E-012	0	0.000000E+000
1	245.727356	-1.0437500E-012	-1.5409230E-012	-1	0.000000E+000
1	245.740658	-1.6500000E-012	-9.4375000E-013	0	0.000000E+000
1	245.741192	-9.4375000E-013	-1.6248510E-012	-1	0.000000E+000
1	245.750325	-1.5671130E-012	-1.0500000E-012	0	0.000000E+000
1	245.752400	-1.1687500E-012	-1.5937500E-012	-1	0.000000E+000
1	245.784762	-1.6310780E-012	-1.0334970E-012	0	0.000000E+000
1	245.786303	-1.1313990E-012	-1.6385420E-012	-1	0.000000E+000
1	245.811637	-1.5104170E-012	-1.1125000E-012	0	0.000000E+000
1	245.813137	-1.1125000E-012	-1.6129460E-012	-1	0.000000E+000
1	245.820385	-1.6129460E-012	-8.7500000E-013	0	0.000000E+000
1	245.821723	-8.7500000E-013	-1.8156250E-012	-1	0.000000E+000
1	245.823855	-1.8156250E-012	-1.1000000E-012	0	0.000000E+000
1	245.825064	-1.1000000E-012	-1.5001490E-012	-1	0.000000E+000
1	245.829306	-1.4406250E-012	-1.0000000E-012	0	0.000000E+000
1	245.829839	-1.0000000E-012	-1.4565480E-012	-1	0.000000E+000
1	245.851950	-1.4565480E-012	-1.0500000E-012	0	0.000000E+000
1	245.852851	-1.0500000E-012	-1.6528270E-012	-1	0.000000E+000
1	245.862850	-1.6528270E-012	-1.0894350E-012	0	0.000000E+000
1	245.865027	-1.0894350E-012	-1.5546130E-012	-1	0.000000E+000
1	245.867850	-1.5546130E-012	-9.4687500E-013	0	0.000000E+000
1	245.868362	-9.4687500E-013	-1.5874750E-012	-1	0.000000E+000
1	245.900200	-1.5874750E-012	-9.3125000E-013	0	0.000000E+000
1	245.902032	-9.3125000E-013	-1.5813990E-012	-1	0.000000E+000
1	245.903483	-1.5813990E-012	-9.4062500E-013	0	0.000000E+000
1	245.904291	-9.4062500E-013	-1.4815480E-012	-1	0.000000E+000
1	245.961750	-1.6214080E-012	-9.7652970E-013	0	0.000000E+000
1	245.962200	-9.7652970E-013	-1.7787200E-012	-1	0.000000E+000
1	245.981196	-1.8620540E-012	-9.9002980E-013	0	0.000000E+000
1	245.982521	-9.9002980E-013	-1.5494050E-012	-1	0.000000E+000
1	246.025050	-1.5494050E-012	-9.1562500E-013	0	0.000000E+000
1	246.025600	-9.1562500E-013	-2.1375000E-012	-1	0.000000E+000
1	246.026639	-2.1375000E-012	-1.0434520E-012	0	0.000000E+000
1	246.027390	-1.0434520E-012	-1.7218750E-012	-1	0.000000E+000
1	246.027855	-1.7218750E-012	-1.0776790E-012	0	0.000000E+000
1	246.030786	-1.0776790E-012	-1.8502980E-012	-1	0.000000E+000
1	246.043428	-1.6395830E-012	-1.0333330E-012	0	0.000000E+000
1	246.044711	-1.0333330E-012	-1.4956850E-012	-1	0.000000E+000
1	246.116932	-1.4956850E-012	-1.0532740E-012	0	0.000000E+000
1	246.119676	-1.0532740E-012	-1.5925600E-012	-1	0.000000E+000
1	246.127550	-1.5925600E-012	-1.0907740E-012	0	0.000000E+000
1	246.129644	-1.0907740E-012	-1.5218750E-012	-1	0.000000E+000
1	246.150951	-1.4163690E-012	-9.5000000E-013	0	0.000000E+000
1	246.162750	-1.0038690E-012	-1.4773810E-012	-1	0.000000E+000
1	246.166800	-1.4773810E-012	-1.0555290E-012	0	0.000000E+000
1	246.167300	-1.0555290E-012	-1.5928570E-012	-1	0.000000E+000
1	246.175362	-1.5191960E-012	-1.0668150E-012	0	0.000000E+000
1	246.182809	-1.0214290E-012	-1.4992560E-012	-1	0.000000E+000
1	246.185993	-1.4992560E-012	-1.0236610E-012	0	0.000000E+000
1	246.188450	-1.0236610E-012	-1.5773810E-012	-1	0.000000E+000
1	246.231301	-1.6309520E-012	-1.0735120E-012	0	0.000000E+000
1	246.234542	-1.0735120E-012	-1.6069940E-012	-1	0.000000E+000
1	246.241406	-1.5614580E-012	-1.0910840E-012	0	0.000000E+000
1	246.241950	-1.0910840E-012	-1.5547620E-012	-1	0.000000E+000
1	246.248767	-1.4860120E-012	-1.0485120E-012	0	0.000000E+000
1	246.252381	-1.0485120E-012	-1.7519350E-012	-1	0.000000E+000
1	246.278512	-1.7519350E-012	-1.0718750E-012	0	0.000000E+000
1	246.279657	-1.0718750E-012	-1.6605650E-012	-1	0.000000E+000
1	246.281209	-1.6491070E-012	-1.1531250E-012	0	0.000000E+000
1	246.281571	-1.1531250E-012	-1.6840500E-012	-1	0.000000E+000
1	246.283204	-1.6605650E-012	-1.1131120E-012	0	0.000000E+000
1	246.283700	-1.1131120E-012	-1.7026490E-012	-1	0.000000E+000
1	246.301043	-1.6700890E-012	-1.0855650E-012	0	0.000000E+000
1	246.303399	-1.0855650E-012	-1.6913360E-012	-1	0.000000E+000
1	246.305798	-1.4675600E-012	-1.0808040E-012	0	0.000000E+000
1	246.307332	-1.0808040E-012	-1.6154760E-012	-1	0.000000E+000
1	246.328473	-1.6154760E-012	-1.1281250E-012	0	0.000000E+000
1	246.328992	-1.1281250E-012	-1.6038690E-012	-1	0.000000E+000
1	246.330824	-1.6038690E-012	-1.0500000E-012	0	0.000000E+000
1	246.331231	-1.0500000E-012	-1.5133930E-012	-1	0.000000E+000
1	246.333750	-1.5133930E-012	-9.7812500E-013	0	0.000000E+000
1	246.334444	-9.7812500E-013	-1.7169640E-012	-1	0.000000E+000
1	246.344184	-1.4663690E-012	-1.0937500E-012	0	0.000000E+000
1	246.346949	-1.0937500E-012	-1.6165180E-012	-1	0.000000E+000
1	246.396679	-1.6165180E-012	-1.0578870E-012	0	0.000000E+000
1	246.398755	-1.0578870E-012	-1.7093750E-012	-1	0.000000E+000
1	246.399696	-1.7093750E-012	-1.0267860E-012	0	0.000000E+000
1	246.402755	-1.0267860E-012	-1.6375000E-012	-1	0.000000E+000
1	246.403956	-1.6375000E-012	-1.0924110E-012	0	0.000000E+000
1	246.405222	-1.0924110E-012	-1.6406250E-012	-1	0.000000E+000
1	246.406246	-1.6406250E-012	-9.6562500E-013	0	0.000000E+000
1	246.408055	-9.6562500E-013	-1.5714290E-012	-1	0.000000E+000
1	246.440035	-1.5354170E-012	-8.2340470E-013	0	0.000000E+000
1	246.440466	-8.2340470E-013	-1.5766370E-012	-1	0.000000E+000
1	246.449150	-1.5337800E-012	-9.7812500E-013	0	0.000000E+000
1	246.450671	-9.7812500E-013	-1.5889880E-012	-1	0.000000E+000
1	246.453293	-1.5889880E-012	-1.0468750E-012	0	0.000000E+000
1	246.455071	-1.0468750E-012	-1.4949400E-012	-1	0.000000E+000
1	246.456731	-1.4949400E-012	-9.9645980E-013	0	0.000000E+000
1	246.457200	-9.9645980E-013	-1.7837800E-012	-1	0.000000E+000
1	246.465013	-1.6299110E-012	-9.9062500E-013	0	0.000000E+000
1	246.465443	-9.9062500E-013	-1.4861610E-012	-1	0.000000E+000
1	246.471516	-1.5288690E-012	-9.7397290E-013	0	0.000000E+000
1	246.472113	-9.7397290E-013	-1.5366070E-012	-1	0.000000E+000
1	246.475584	-1.5366070E-012	-1.0604170E-012	0	0.000000E+000
1	246.477102	-1.0604170E-012	-1.5976190E-012	-1	0.000000E+000
1	246.495700	-1.5976190E-012	-1.0986610E-012	0	0.000000E+000
1	246.499778	-1.0986610E-012	-1.5148810E-012	-1	0.000000E+000
1	246.509615	-1.6190480E-012	-9.2812500E-013	0	0.000000E+000
1	246.511384	-9.2812500E-013	-1.5526790E-012	-1	0.000000E+000
1	246.543303	-1.5886900E-012	-1.1562500E-012	0	0.000000E+000
1	246.543616	-1.1562500E-012	-1.6932790E-012	-1	0.000000E+000
1	246.554026	-1.6932790E-012	-1.0218750E-012	0	0.000000E+000
1	246.554919	-1.0218750E-012	-1.7747340E-012	-1	0.000000E+000
1	246.571909	-1.6505950E-012	-1.0537200E-012	0	0.000000E+000
1	246.573752	-1.0476190E-012	-1.6989230E-012	-1	0.000000E+000
1	246.598260	-1.6186010E-012	-1.0218750E-012	0	0.000000E+000
1	246.598930	-1.0218750E-012	-1.5863100E-012	-1	0.000000E+000
1	246.614467	-1.4763390E-012	-1.1078870E-012	0	0.000000E+000
1	246.618269	-1.1078870E-012	-1.6774940E-012	-1	0.000000E+000
1	246.640019	-1.6774940E-012	-1.1354620E-012	0	0.000000E+000
1	246.640726	-1.1354620E-012	-1.6669310E-012	-1	0.000000E+000
1	246.681100	-1.6669310E-012	-9.0000000E-013	0	0.000000E+000
1	246.681716	-9.0000000E-013	-1.4497020E-012	-1	0.000000E+000
1	246.687889	-1.5596730E-012	-1.0093750E-012	0	0.000000E+000
1	246.688517	-1.0093750E-012	-1.5691960E-012	-1	0.000000E+000
1	246.697700	-1.5691960E-012	-9.5342260E-013	0	0.000000E+000
1	246.703721	-1.0709820E-012	-1.5882440E-012	-1	0.000000E+000
1	246.734600	-1.5305060E-012	-9.3232080E-013	0	0.000000E+000
1	246.735100	-9.3232080E-013	-1.6735120E-012	-1	0.000000E+000
1	246.742998	-1.6431550E-012	-9.5834790E-013	0	0.000000E+000
1	246.744500	-9.5834790E-013	-1.5559520E-012	-1	0.000000E+000
1	246.763455	-1.5187500E-012	-1.0250000E-012	0	0.000000E+000
1	246.763867	-1.0250000E-012	-1.5117560E-012	-1	0.000000E+000
1	246.805142	-1.6223210E-012	-1.0593750E-012	0	0.000000E+000
1	246.805452	-1.0593750E-012	-1.6479170E-012	-1	0.000000E+000
1	246.826082	-1.7325890E-012	-1.0437500E-012	0	0.000000E+000
1	246.826501	-1.0437500E-012	-1.5214290E-012	-1	0.000000E+000
1	246.832848	-1.5389880E-012	-1.0866070E-012	0	0.000000E+000
1	246.834206	-1.0866070E-012	-1.7046130E-012	-1	0.000000E+000
1	246.859988	-1.6205360E-012	-1.0325890E-012	0	0.000000E+000
1	246.862655	-1.0325890E-012	-1.5803570E-012	-1	0.000000E+000
1	246.873077	-1.5803570E-012	-1.0531250E-012	0	0.000000E+000
1	246.874095	-1.0531250E-012	-1.6355650E-012	-1	0.000000E+000
1	246.911519	-1.5373510E-012	-1.0760420E-012	0	0.000000E+000
1	246.913506	-1.0760420E-012	-1.5415180E-012	-1	0.000000E+000
1	247.021054	-1.5415180E-012	-9.6875000E-013	0	0.000000E+000
1	247.022094	-9.6875000E-013	-1.6291670E-012	-1	0.000000E+000
1	247.048877	-1.6291670E-012	-1.1062500E-012	0	0.000000E+000
1	247.049361	-1.1062500E-012	-1.6057770E-012	-1	0.000000E+000
1	247.059001	-1.6592260E-012	-1.0312500E-012	0	0.000000E+000
1	247.059485	-1.0312500E-012	-1.5287200E-012	-1	0.000000E+000
1	247.062981	-1.5287200E-012	-9.8407740E-013	0	0.000000E+000
1	247.065725	-9.8407740E-013	-1.5276790E-012	-1	0.000000E+000
1	247.092800	-1.5276790E-012	-1.0248510E-012	0	0.000000E+000
1	247.094425	-1.0248510E-012	-1.6120200E-012	-1	0.000000E+000
1	247.109591	-1.6120200E-012	-1.1269350E-012	0	0.000000E+000
1	247.114056	-1.1269350E-012	-1.4776790E-012	-1	0.000000E+000
1	247.123696	-1.4776790E-012	-9.3750000E-013	0	0.000000E+000
1	247.124298	-9.3750000E-013	-1.5352680E-012	-1	0.000000E+000
1	247.125986	-1.5352680E-012	-1.0000000E-012	0	0.000000E+000
1	247.126386	-1.0000000E-012	-1.5811010E-012	-1	0.000000E+000
1	247.146730	-1.5811010E-012	-1.0562500E-012	0	0.000000E+000
1	247.147298	-1.0562500E-012	-1.6233630E-012	-1	0.000000E+000
1	247.153376	-1.6474700E-012	-1.0000000E-012	0	0.000000E+000
1	247.154444	-1.0000000E-012	-1.5900300E-012	-1	0.000000E+000
1	247.222827	-1.6163690E-012	-1.0500000E-012	0	0.000000E+000
1	247.224350	-1.0531250E-012	-1.5764880E-012	-1	0.000000E+000
1	247.242272	-1.5452380E-012	-9.6562500E-013	0	0.000000E+000
1	247.243259	-9.6562500E-013	-1.4377980E-012	-1	0.000000E+000
1	247.277950	-1.4377980E-012	-1.0406250E-012	0	0.000000E+000
1	247.278527	-1.0406250E-012	-1.4688990E-012	-1	0.000000E+000
1	247.289500	-1.4688990E-012	-1.0186010E-012	0	0.000000E+000
1	247.294626	-1.0663690E-012	-1.5586310E-012	-1	0.000000E+000
1	247.312742	-1.5586310E-012	-1.0696430E-012	0	0.000000E+000
1	247.314251	-1.0696430E-012	-1.5894350E-012	-1	0.000000E+000
1	247.315209	-1.5894350E-012	-9.6875000E-013	0	0.000000E+000
1	247.315865	-9.6875000E-013	-1.5479170E-012	-1	0.000000E+000
1	247.341324	-1.5056550E-012	-1.0016370E-012	0	0.000000E+000
1	247.348785	-9.8796100E-013	-1.5237870E-012	-1	0.000000E+000
1	247.358241	-1.5237870E-012	-9.7946430E-013	0	0.000000E+000
1	247.360448	-9.7946430E-013	-1.4558040E-012	-1	0.000000E+000
1	247.396888	-1.4558040E-012	-9.3750000E-013	0	0.000000E+000
1	247.397671	-9.3750000E-013	-1.4383930E-012	-1	0.000000E+000
1	247.410550	-1.5922390E-012	-1.0406250E-012	0	0.000000E+000
1	247.412250	-1.0406250E-012	-1.6175600E-012	-1	0.000000E+000
1	247.462838	-1.5196430E-012	-9.9687500E-013	0	0.000000E+000
1	247.464200	-9.9687500E-013	-1.6037200E-012	-1	0.000000E+000
1	247.491985	-1.6037200E-012	-1.0252980E-012	0	0.000000E+000
1	247.493935	-1.0252980E-012	-1.5616070E-012	-1	0.000000E+000
1	247.497062	-1.5616070E-012	-1.0750000E-012	0	0.000000E+000
1	247.497864	-1.0750000E-012	-1.6183040E-012	-1	0.000000E+000
1	247.501091	-1.6183040E-012	-1.1117560E-012	0	0.000000E+000
1	247.503399	-1.1117560E-012	-1.5034230E-012	-1	0.000000E+000
1	247.510765	-1.3781250E-012	-1.0093750E-012	0	0.000000E+000
1	247.511492	-1.0093750E-012	-1.4983630E-012	-1	0.000000E+000
1	247.515696	-1.5181550E-012	-1.0211540E-012	0	0.000000E+000
1	247.516150	-1.0211540E-012	-1.5610120E-012	-1	0.000000E+000
1	247.536000	-1.5610120E-012	-1.0983630E-012	0	0.000000E+000
1	247.539550	-1.0983630E-012	-1.6270830E-012	-1	0.000000E+000
1	247.543362	-1.6270830E-012	-9.9062500E-013	0	0.000000E+000
1	247.544120	-9.9062500E-013	-1.5800370E-012	-1	0.000000E+000
1	247.555578	-1.5278270E-012	-1.1068450E-012	0	0.000000E+000
1	247.561840	-1.1046130E-012	-1.7534230E-012	-1	0.000000E+000
1	247.564492	-1.7534230E-012	-8.5625000E-013	0	0.000000E+000
1	247.566108	-8.5625000E-013	-1.6092260E-012	-1	0.000000E+000
1	247.572070	-1.5422620E-012	-1.0038900E-012	0	0.000000E+000
1	247.572600	-1.0038900E-012	-1.6477680E-012	-1	0.000000E+000
1	247.577850	-1.6477680E-012	-1.0134550E-012	0	0.000000E+000
1	247.578560	-1.0134550E-012	-1.6252980E-012	-1	0.000000E+000
1	247.595451	-1.6252980E-012	-9.9523810E-013	0	0.000000E+000
1	247.596618	-9.9523810E-013	-1.6065480E-012	-1	0.000000E+000
1	247.618854	-1.5684520E-012	-9.9627980E-013	0	0.000000E+000
1	247.622116	-9.9627980E-013	-1.7156250E-012	-1	0.000000E+000
1	247.623480	-1.7156250E-012	-1.0994050E-012	0	0.000000E+000
1	247.626309	-1.0994050E-012	-1.5400300E-012	-1	0.000000E+000
1	247.649534	-1.5590770E-012	-1.0937500E-012	0	0.000000E+000
1	247.649927	-1.0937500E-012	-1.7419640E-012	-1	0.000000E+000
1	247.664350	-1.7419640E-012	-1.1531250E-012	0	0.000000E+000
1	247.664801	-1.1531250E-012	-1.7511900E-012	-1	0.000000E+000
1	247.681912	-1.7511900E-012	-9.6502980E-013	0	0.000000E+000
1	247.683731	-9.6502980E-013	-1.5767860E-012	-1	0.000000E+000
1	247.705550	-1.5767860E-012	-1.1031250E-012	0	0.000000E+000
1	247.705954	-1.1031250E-012	-1.5410710E-012	-1	0.000000E+000
1	247.721500	-1.5410710E-012	-1.0000000E-012	0	0.000000E+000
1	247.722305	-1.0000000E-012	-1.5297620E-012	-1	0.000000E+000
1	247.742600	-1.5297620E-012	-9.0312500E-013	0	0.000000E+000
1	247.743669	-9.0312500E-013	-1.6456850E-012	-1	0.000000E+000
1	247.754640	-1.4441960E-012	-1.0688990E-012	0	0.000000E+000
1	247.757650	-1.0688990E-012	-1.5178570E-012	-1	0.000000E+000
1	247.787984	-1.5178570E-012	-1.0186010E-012	0	0.000000E+000
1	247.790898	-1.0186010E-012	-1.6223210E-012	-1	0.000000E+000
1	247.819400	-1.6223210E-012	-1.0562500E-012	0	0.000000E+000
1	247.820054	-1.0562500E-012	-1.5148810E-012	-1	0.000000E+000
1	247.924030	-1.5403270E-012	-1.0520980E-012	0	0.000000E+000
1	247.925645	-1.0520980E-012	-1.5770830E-012	-1	0.000000E+000
1	247.949562	-1.5770830E-012	-1.0462800E-012	0	0.000000E+000
1	247.950784	-1.0462800E-012	-1.6031250E-012	-1	0.000000E+000
1	247.969382	-1.6031250E-012	-1.0175600E-012	0	0.000000E+000
1	247.971035	-1.0175600E-012	-1.6447920E-012	-1	0.000000E+000
1	247.976454	-1.5014880E-012	-1.0750000E-012	0	0.000000E+000
1	247.976905	-1.0750000E-012	-1.5044640E-012	-1	0.000000E+000
1	248.016475	-1.5044640E-012	-1.1093750E-012	0	0.000000E+000
1	248.017080	-1.1093750E-012	-1.5340770E-012	-1	0.000000E+000
1	248.029395	-1.5888390E-012	-1.0406250E-012	0	0.000000E+000
1	248.030035	-1.0406250E-012	-1.5784230E-012	-1	0.000000E+000
1	248.077740	-1.5904760E-012	-1.0705360E-012	0	0.000000E+000
1	248.089340	-1.0767860E-012	-1.6184520E-012	-1	0.000000E+000
1	248.146616	-1.6316960E-012	-1.0500000E-012	0	0.000000E+000
1	248.147220	-1.0500000E-012	-1.5895650E-012	-1	0.000000E+000
1	248.187699	-1.5895650E-012	-1.0491180E-012	0	0.000000E+000
1	248.190932	-1.1190480E-012	-1.6885420E-012	-1	0.000000E+000
1	248.192897	-1.6885420E-012	-1.1187500E-012	0	0.000000E+000
1	248.193399	-1.1187500E-012	-1.6590770E-012	-1	0.000000E+000
1	248.194995	-1.6590770E-012	-1.1500000E-012	0	0.000000E+000
1	248.195796	-1.1500000E-012	-1.5394350E-012	-1	0.000000E+000
1	248.201300	-1.5394350E-012	-9.9642860E-013	0	0.000000E+000
1	248.202855	-9.9642860E-013	-1.5467260E-012	-1	0.000000E+000
1	248.241856	-1.4851190E-012	-9.5000000E-013	0	0.000000E+000
1	248.243040	-9.5000000E-013	-1.5654760E-012	-1	0.000000E+000
1	248.258537	-1.4864580E-012	-1.0379460E-012	0	0.000000E+000
1	248.260978	-1.0379460E-012	-1.5549110E-012	-1	0.000000E+000
1	248.303337	-1.5549110E-012	-1.0525300E-012	0	0.000000E+000
1	248.305052	-1.0525300E-012	-1.4199400E-012	-1	0.000000E+000
1	248.352650	-1.5458150E-012	-1.0787370E-012	0	0.000000E+000
1	248.353100	-1.0787370E-012	-1.5119050E-012	-1	0.000000E+000
1	248.355626	-1.5119050E-012	-1.1212800E-012	0	0.000000E+000
1	248.356917	-1.1212800E-012	-1.4988100E-012	-1	0.000000E+000
1	248.377445	-1.4988100E-012	-1.0312500E-012	0	0.000000E+000
1	248.378632	-1.0312500E-012	-1.6375000E-012	-1	0.000000E+000
1	248.393330	-1.6375000E-012	-1.0578870E-012	0	0.000000E+000
1	248.396098	-1.0578870E-012	-1.5674110E-012	-1	0.000000E+000
1	248.405800	-1.5674110E-012	-9.6875000E-013	0	0.000000E+000
1	248.406786	-9.6875000E-013	-1.7669640E-012	-1	0.000000E+000
1	248.413622	-1.6336310E-012	-1.0669640E-012	0	0.000000E+000
1	248.415832	-1.0669640E-012	-1.6492560E-012	-1	0.000000E+000
1	248.421349	-1.6943450E-012	-1.0500000E-012	0	0.000000E+000
1	248.422170	-1.0500000E-012	-1.5638390E-012	-1	0.000000E+000
1	248.432407	-1.5638390E-012	-1.0748510E-012	0	0.000000E+000
1	248.435325	-1.0748510E-012	-1.6055060E-012	-1	0.000000E+000
1	248.494700	-1.6055060E-012	-9.8437500E-013	0	0.000000E+000
1	248.495200	-9.8437500E-013	-1.8415180E-012	-1	0.000000E+000
1	248.520800	-1.8415180E-012	-9.9806550E-013	0	0.000000E+000
1	248.523816	-9.9806550E-013	-1.5712800E-012	-1	0.000000E+000
1	248.559778	-1.5489580E-012	-1.0751490E-012	0	0.000000E+000
1	248.562872	-1.0827380E-012	-1.5053570E-012	-1	0.000000E+000
1	248.607515	-1.5349700E-012	-1.0500000E-012	0	0.000000E+000
1	248.608061	-1.0500000E-012	-1.6530960E-012	-1	0.000000E+000
1	248.670570	-1.6530960E-012	-1.0361610E-012	0	0.000000E+000
1	248.673109	-1.0361610E-012	-1.6562500E-012	-1	0.000000E+000
1	248.709496	-1.5876490E-012	-1.0000000E-012	0	0.000000E+000
1	248.710283	-1.0000000E-012	-1.5747020E-012	-1	0.000000E+000
1	248.748359	-1.5767860E-012	-1.0343750E-012	0	0.000000E+000
1	248.748975	-1.0343750E-012	-1.4821430E-012	-1	0.000000E+000
1	248.760666	-1.5906250E-012	-9.7812500E-013	0	0.000000E+000
1	248.761208	-9.7812500E-013	-1.6443450E-012	-1	0.000000E+000
1	248.773306	-1.4587800E-012	-1.0500000E-012	0	0.000000E+000
1	248.774983	-1.0500000E-012	-1.6872020E-012	-1	0.000000E+000
1	248.779803	-1.5550600E-012	-1.0578870E-012	0	0.000000E+000
1	248.782685	-1.0578870E-012	-1.4946430E-012	-1	0.000000E+000
1	248.812950	-1.4946430E-012	-1.0406250E-012	0	0.000000E+000
1	248.813920	-1.0406250E-012	-1.5238100E-012	-1	0.000000E+000
1	248.826734	-1.4840770E-012	-1.0500000E-012	0	0.000000E+000
1	248.827162	-1.0500000E-012	-1.5151790E-012	-1	0.000000E+000
1	248.837150	-1.5151790E-012	-1.0406250E-012	0	0.000000E+000
1	248.837698	-1.0406250E-012	-1.5404760E-012	-1	0.000000E+000
1	248.846087	-1.4080360E-012	-1.0636900E-012	0	0.000000E+000
1	248.848664	-1.0636900E-012	-1.5376490E-012	-1	0.000000E+000
1	248.861100	-1.5376490E-012	-1.0837800E-012	0	0.000000E+000
1	248.864717	-1.0837800E-012	-1.5305060E-012	-1	0.000000E+000
1	248.875536	-1.6202380E-012	-1.0125000E-012	0	0.000000E+000
1	248.876057	-1.0125000E-012	-1.5875000E-012	-1	0.000000E+000
1	248.886808	-1.5875000E-012	-9.9062500E-013	0	0.000000E+000
1	248.887937	-9.9062500E-013	-1.4486610E-012	-1	0.000000E+000
1	248.901643	-1.4683040E-012	-1.0343750E-012	0	0.000000E+000
1	248.902658	-1.0343750E-012	-1.5319940E-012	-1	0.000000E+000
1	248.904501	-1.5319940E-012	-1.1000000E-012	0	0.000000E+000
1	248.904870	-1.1000000E-012	-1.5794640E-012	-1	0.000000E+000
1	248.913700	-1.5794640E-012	-1.0089290E-012	0	0.000000E+000
1	248.917256	-1.0089290E-012	-1.6133930E-012	-1	0.000000E+000
1	248.921298	-1.6133930E-012	-1.0437500E-012	0	0.000000E+000
1	248.921776	-1.0437500E-012	-1.5214290E-012	-1	0.000000E+000
1	249.001800	-1.5214290E-012	-1.0156250E-012	0	0.000000E+000
1	249.002743	-1.0156250E-012	-1.5221730E-012	-1	0.000000E+000
1	249.010800	-1.5221730E-012	-1.0187500E-012	0	0.000000E+000
1	249.013709	-1.0187500E-012	-1.6334820E-012	-1	0.000000E+000
1	249.045828	-1.5976190E-012	-1.0248510E-012	0	0.000000E+000
1	249.048226	-1.0248510E-012	-1.6164970E-012	-1	0.000000E+000
1	249.095436	-1.6302080E-012	-1.0382650E-012	0	0.000000E+000
1	249.096268	-1.0382650E-012	-1.6869050E-012	-1	0.000000E+000
1	249.105811	-1.5315480E-012	-9.5937500E-013	0	0.000000E+000
1	249.106455	-9.5937500E-013	-1.5569940E-012	-1	0.000000E+000
1	249.120110	-1.4178570E-012	-1.0000000E-012	0	0.000000E+000
1	249.120953	-1.0000000E-012	-1.5108630E-012	-1	0.000000E+000
1	249.139747	-1.5633930E-012	-1.0593750E-012	0	0.000000E+000
1	249.140716	-1.0593750E-012	-1.5686010E-012	-1	0.000000E+000
1	249.142325	-1.5686010E-012	-9.4687500E-013	0	0.000000E+000
1	249.143093	-9.4687500E-013	-1.5464290E-012	-1	0.000000E+000
1	249.175500	-1.5464290E-012	-9.8750000E-013	0	0.000000E+000
1	249.176470	-9.8750000E-013	-1.5129460E-012	-1	0.000000E+000
1	249.186850	-1.4250000E-012	-9.8437500E-013	0	0.000000E+000
1	249.187995	-9.8437500E-013	-1.4477680E-012	-1	0.000000E+000
1	249.194900	-1.4477680E-012	-1.0519450E-012	0	0.000000E+000
1	249.195525	-1.0519450E-012	-1.4980650E-012	-1	0.000000E+000
1	249.207850	-1.4980650E-012	-1.0549110E-012	0	0.000000E+000
1	249.209143	-1.0549110E-012	-1.6596730E-012	-1	0.000000E+000
1	249.224115	-1.5007440E-012	-1.0131120E-012	0	0.000000E+000
1	249.224605	-1.0131120E-012	-1.6049110E-012	-1	0.000000E+000
1	249.239165	-1.6049110E-012	-1.0562500E-012	0	0.000000E+000
1	249.239723	-1.0562500E-012	-1.6132440E-012	-1	0.000000E+000
1	249.246231	-1.5422620E-012	-9.8125000E-013	0	0.000000E+000
1	249.246801	-9.8125000E-013	-1.5099700E-012	-1	0.000000E+000
1	249.251634	-1.5099700E-012	-1.0125000E-012	0	0.000000E+000
1	249.253514	-1.0125000E-012	-1.6312500E-012	-1	0.000000E+000
1	249.258471	-1.6013390E-012	-1.0144350E-012	0	0.000000E+000
1	249.260404	-1.0144350E-012	-1.6309520E-012	-1	0.000000E+000
1	249.266248	-1.6778270E-012	-1.0937500E-012	0	0.000000E+000
1	249.266931	-1.0937500E-012	-1.5608630E-012	-1	0.000000E+000
1	249.288945	-1.5608630E-012	-1.0157740E-012	0	0.000000E+000
1	249.289450	-1.0157740E-012	-1.6500000E-012	-1	0.000000E+000
1	249.290026	-1.6500000E-012	-9.9255950E-013	0	0.000000E+000
1	249.293861	-9.9255950E-013	-1.5355650E-012	-1	0.000000E+000
1	249.304727	-1.5355650E-012	-1.0187500E-012	0	0.000000E+000
1	249.305418	-1.0187500E-012	-1.6386610E-012	-1	0.000000E+000
1	249.311138	-1.4428570E-012	-1.0391370E-012	0	0.000000E+000
1	249.313246	-1.0391370E-012	-1.5504460E-012	-1	0.000000E+000
1	249.342123	-1.5504460E-012	-1.1625000E-012	0	0.000000E+000
1	249.342696	-1.1625000E-012	-1.5272320E-012	-1	0.000000E+000
1	249.358127	-1.5272320E-012	-1.0409230E-012	0	0.000000E+000
1	249.361428	-1.0386900E-012	-1.6251180E-012	-1	0.000000E+000
1	249.398097	-1.5669640E-012	-1.0187500E-012	0	0.000000E+000
1	249.398901	-1.0187500E-012	-1.6352680E-012	-1	0.000000E+000
1	249.402253	-1.6352680E-012	-9.9077380E-013	0	0.000000E+000
1	249.404313	-9.9077380E-013	-1.5260420E-012	-1	0.000000E+000
1	249.435433	-1.5260420E-012	-9.6235120E-013	0	0.000000E+000
1	249.437610	-9.6235120E-013	-1.4696430E-012	-1	0.000000E+000
1	249.462700	-1.4696430E-012	-9.6235120E-013	0	0.000000E+000
1	249.464500	-9.6235120E-013	-1.6687500E-012	-1	0.000000E+000
1	249.465064	-1.6687500E-012	-1.0357140E-012	0	0.000000E+000
1	249.467669	-1.0357140E-012	-1.5242560E-012	-1	0.000000E+000
1	249.524645	-1.5464290E-012	-9.7187500E-013	0	0.000000E+000
1	249.525580	-9.7187500E-013	-1.5248510E-012	-1	0.000000E+000
1	249.543000	-1.5248510E-012	-1.0593750E-012	0	0.000000E+000
1	249.543686	-1.0593750E-012	-1.4943450E-012	-1	0.000000E+000
1	249.552850	-1.4943450E-012	-9.1830360E-013	0	0.000000E+000
1	249.555011	-9.1830360E-013	-1.4306550E-012	-1	0.000000E+000
1	249.588805	-1.4306550E-012	-1.0043150E-012	0	0.000000E+000
1	249.591203	-1.0043150E-012	-1.5105650E-012	-1	0.000000E+000
1	249.608650	-1.5105650E-012	-1.0964290E-012	0	0.000000E+000
1	249.610304	-1.0964290E-012	-1.7255950E-012	-1	0.000000E+000
1	249.620600	-1.7255950E-012	-9.8854170E-013	0	0.000000E+000
1	249.622759	-9.8854170E-013	-1.4187500E-012	-1	0.000000E+000
1	249.631050	-1.4187500E-012	-9.6028660E-013	0	0.000000E+000
1	249.636152	-1.0861610E-012	-1.5074400E-012	-1	0.000000E+000
1	249.639173	-1.5074400E-012	-9.9806550E-013	0	0.000000E+000
1	249.651226	-9.5952380E-013	-1.4245540E-012	-1	0.000000E+000
1	249.699300	-1.5504280E-012	-7.8750000E-013	0	0.000000E+000
1	249.700104	-7.8750000E-013	-1.5333330E-012	-1	0.000000E+000
1	249.706698	-1.6755950E-012	-8.9375000E-013	0	0.000000E+000
1	249.708342	-8.9375000E-013	-1.6497020E-012	-1	0.000000E+000
1	249.711978	-1.6497020E-012	-1.0250000E-012	0	0.000000E+000
1	249.712748	-1.0250000E-012	-1.7379460E-012	-1	0.000000E+000
1	249.717600	-1.7379460E-012	-1.0062500E-012	0	0.000000E+000
1	249.718100	-1.0062500E-012	-1.7312500E-012	-1	0.000000E+000
1	249.720218	-1.6437500E-012	-1.0672620E-012	0	0.000000E+000
1	249.721680	-1.0672620E-012	-1.6145830E-012	-1	0.000000E+000
1	249.729875	-1.6055060E-012	-9.8750000E-013	0	0.000000E+000
1	249.731745	-9.8750000E-013	-1.6053570E-012	-1	0.000000E+000
1	249.740940	-1.6053570E-012	-9.9389880E-013	0	0.000000E+000
1	249.749046	-9.8735120E-013	-1.4891370E-012	-1	0.000000E+000
1	249.754705	-1.4891370E-012	-1.0519350E-012	0	0.000000E+000
1	249.759070	-1.0178570E-012	-1.5622020E-012	-1	0.000000E+000
1	249.762853	-1.5622020E-012	-1.1437500E-012	0	0.000000E+000
1	249.763504	-1.1437500E-012	-1.7589290E-012	-1	0.000000E+000
1	249.767126	-1.7232140E-012	-1.0187500E-012	0	0.000000E+000
1	249.768270	-1.0187500E-012	-1.6892860E-012	-1	0.000000E+000
1	249.770330	-1.6892860E-012	-1.0443450E-012	0	0.000000E+000
1	249.770850	-1.0443450E-012	-1.7312500E-012	-1	0.000000E+000
1	249.771110	-1.7312500E-012	-1.0443450E-012	0	0.000000E+000
1	249.773043	-1.0443450E-012	-1.6766100E-012	-1	0.000000E+000
1	249.788881	-1.6151790E-012	-1.0549170E-012	0	0.000000E+000
1	249.789696	-1.0549170E-012	-1.5339290E-012	-1	0.000000E+000
1	249.796250	-1.5339290E-012	-9.8437500E-013	0	0.000000E+000
1	249.796810	-9.8437500E-013	-1.6894510E-012	-1	0.000000E+000
1	249.812499	-1.6458330E-012	-1.0572920E-012	0	0.000000E+000
1	249.816893	-1.0572920E-012	-1.5165180E-012	-1	0.000000E+000
1	249.826400	-1.5165180E-012	-1.0485120E-012	0	0.000000E+000
1	249.829741	-1.0485120E-012	-1.5684520E-012	-1	0.000000E+000
1	249.837594	-1.7208330E-012	-1.0339290E-012	0	0.000000E+000
1	249.839910	-1.0339290E-012	-1.4502980E-012	-1	0.000000E+000
1	249.847800	-1.4502980E-012	-1.0337800E-012	0	0.000000E+000
1	249.848351	-1.0337800E-012	-1.6500000E-012	-1	0.000000E+000
1	249.849105	-1.6500000E-012	-1.0370540E-012	0	0.000000E+000
1	249.852878	-1.0370540E-012	-1.6000000E-012	-1	0.000000E+000
1	249.853672	-1.6000000E-012	-1.0562500E-012	0	0.000000E+000
1	249.855694	-1.0562500E-012	-1.6444940E-012	-1	0.000000E+000
1	249.858397	-1.6444940E-012	-1.1250000E-012	0	0.000000E+000
1	249.858783	-1.1250000E-012	-1.5875000E-012	-1	0.000000E+000
1	249.861307	-1.5875000E-012	-1.0375000E-012	0	0.000000E+000
1	249.863103	-1.0375000E-012	-1.5662060E-012	-1	0.000000E+000
1	249.881652	-1.5196430E-012	-1.0882440E-012	0	0.000000E+000
1	249.887599	-1.0815480E-012	-1.6785440E-012	-1	0.000000E+000
1	249.904647	-1.5473210E-012	-1.0465770E-012	0	0.000000E+000
1	249.905834	-1.0465770E-012	-1.6431210E-012	-1	0.000000E+000
1	249.908900	-1.6431210E-012	-1.0718750E-012	0	0.000000E+000
1	249.909520	-1.0718750E-012	-1.5372020E-012	-1	0.000000E+000
1	249.921850	-1.5372020E-012	-1.0674170E-012	0	0.000000E+000
1	249.922268	-1.0674170E-012	-1.6787240E-012	-1	0.000000E+000
1	249.937219	-1.4638390E-012	-1.1145830E-012	0	0.000000E+000
1	249.939769	-1.1145830E-012	-1.6058040E-012	-1	0.000000E+000
1	249.957774	-1.6058040E-012	-1.1562500E-012	0	0.000000E+000
1	249.958857	-1.1562500E-012	-1.6796130E-012	-1	0.000000E+000
1	249.959400	-1.6796130E-012	-1.1812500E-012	0	0.000000E+000
1	249.959764	-1.1812500E-012	-1.8330360E-012	-1	0.000000E+000
1	249.998800	-1.6372320E-012	-1.0625000E-012	0	0.000000E+000
1	250.000250	-1.0625000E-012	-1.5997020E-012	-1	0.000000E+000
1	250.014334	-1.5997020E-012	-1.0963300E-012	0	0.000000E+000
1	250.014907	-1.0963300E-012	-1.6785710E-012	-1	0.000000E+000
1	250.048750	-1.6785710E-012	-1.0421820E-012	0	0.000000E+000
1	250.049461	-1.0421820E-012	-1.7834410E-012	-1	0.000000E+000
1	250.064971	-1.6418150E-012	-1.0093750E-012	0	0.000000E+000
1	250.065504	-1.0093750E-012	-1.8212800E-012	-1	0.000000E+000
1	250.125813	-1.8212800E-012	-1.0187500E-012	0	0.000000E+000
1	250.127224	-1.0187500E-012	-1.6895480E-012	-1	0.000000E+000
1	250.205103	-1.6895480E-012	-1.1258930E-012	0	0.000000E+000
1	250.206319	-1.1258930E-012	-1.5767860E-012	-1	0.000000E+000
1	250.206941	-1.5767860E-012	-1.0468750E-012	0	0.000000E+000
1	250.207462	-1.0468750E-012	-1.5767860E-012	-1	0.000000E+000
1	250.215750	-1.5767860E-012	-9.9737770E-013	0	0.000000E+000
1	250.216200	-9.9737770E-013	-1.7296130E-012	-1	0.000000E+000
1	250.224525	-1.5412200E-012	-9.3437500E-013	0	0.000000E+000
1	250.225572	-9.3437500E-013	-1.4877980E-012	-1	0.000000E+000
1	250.234400	-1.4877980E-012	-9.5000000E-013	0	0.000000E+000
1	250.236525	-9.5000000E-013	-1.5815480E-012	-1	0.000000E+000
1	250.280629	-1.6238100E-012	-1.0187500E-012	0	0.000000E+000
1	250.281412	-1.0187500E-012	-1.5968750E-012	-1	0.000000E+000
1	250.292700	-1.5968750E-012	-1.0602930E-012	0	0.000000E+000
1	250.293200	-1.0602930E-012	-1.6154760E-012	-1	0.000000E+000
1	250.299016	-1.6154760E-012	-1.1562500E-012	0	0.000000E+000
1	250.299523	-1.1562500E-012	-1.7459820E-012	-1	0.000000E+000
1	250.302283	-1.7459820E-012	-9.8437500E-013	0	0.000000E+000
1	250.302964	-9.8437500E-013	-1.7410710E-012	-1	0.000000E+000
1	250.305920	-1.7410710E-012	-1.1687500E-012	0	0.000000E+000
1	250.306337	-1.1687500E-012	-1.5561010E-012	-1	0.000000E+000
1	250.317950	-1.5561010E-012	-1.1000000E-012	0	0.000000E+000
1	250.318687	-1.1000000E-012	-1.6744050E-012	-1	0.000000E+000
1	250.415484	-1.6688990E-012	-1.0787200E-012	0	0.000000E+000
1	250.417399	-1.0787200E-012	-1.6858380E-012	-1	0.000000E+000
1	250.426578	-1.6642860E-012	-1.0625000E-012	0	0.000000E+000
1	250.427336	-1.0625000E-012	-1.6802080E-012	-1	0.000000E+000
1	250.429346	-1.6802080E-012	-1.1000000E-012	0	0.000000E+000
1	250.429922	-1.1000000E-012	-1.5559520E-012	-1	0.000000E+000
1	250.432230	-1.5559520E-012	-1.1315480E-012	0	0.000000E+000
1	250.440094	-1.1444940E-012	-1.5772320E-012	-1	0.000000E+000
1	250.509905	-1.5772320E-012	-1.0764880E-012	0	0.000000E+000
1	250.514360	-1.0861610E-012	-1.7156250E-012	-1	0.000000E+000
1	250.515501	-1.7156250E-012	-9.5625010E-013	0	0.000000E+000
1	250.516941	-9.5625010E-013	-1.5159230E-012	-1	0.000000E+000
1	250.533850	-1.5159230E-012	-1.0190680E-012	0	0.000000E+000
1	250.536860	-1.0190680E-012	-1.4566960E-012	-1	0.000000E+000
1	250.582200	-1.4566960E-012	-1.0562500E-012	0	0.000000E+000
1	250.582785	-1.0562500E-012	-1.7306550E-012	-1	0.000000E+000
1	250.632382	-1.5129460E-012	-1.0769350E-012	0	0.000000E+000
1	250.634534	-1.0769350E-012	-1.5174110E-012	-1	0.000000E+000
1	250.670900	-1.6153130E-012	-1.1194940E-012	0	0.000000E+000
1	250.672355	-1.1194940E-012	-1.5623510E-012	-1	0.000000E+000
1	250.690840	-1.5623510E-012	-1.0367560E-012	0	0.000000E+000
1	250.694347	-1.0367560E-012	-1.5291670E-012	-1	0.000000E+000
1	250.728900	-1.5291670E-012	-1.0469350E-012	0	0.000000E+000
1	250.730340	-1.0540180E-012	-1.5053570E-012	-1	0.000000E+000
1	250.757250	-1.5053570E-012	-9.9687500E-013	0	0.000000E+000
1	250.757891	-9.9687500E-013	-1.6348210E-012	-1	0.000000E+000
1	250.759968	-1.6348210E-012	-1.0416670E-012	0	0.000000E+000
1	250.762817	-1.0293150E-012	-1.6293150E-012	-1	0.000000E+000
1	250.766156	-1.6293150E-012	-1.0581850E-012	0	0.000000E+000
1	250.770657	-1.0581850E-012	-1.6194940E-012	-1	0.000000E+000
1	250.773850	-1.6194940E-012	-1.0787200E-012	0	0.000000E+000
1	250.776316	-1.0787200E-012	-1.5372020E-012	-1	0.000000E+000
1	250.826097	-1.6156250E-012	-1.0669640E-012	0	0.000000E+000
1	250.828533	-1.0669640E-012	-1.5206850E-012	-1	0.000000E+000
1	250.868750	-1.5206850E-012	-1.0617560E-012	0	0.000000E+000
1	250.870240	-1.0617560E-012	-1.5473210E-012	-1	0.000000E+000
1	250.878511	-1.6041670E-012	-1.0528460E-012	0	0.000000E+000
1	250.879732	-1.1787200E-012	-1.6093750E-012	-1	0.000000E+000
1	250.881283	-1.6093750E-012	-1.0819940E-012	0	0.000000E+000
1	250.889416	-1.0750000E-012	-1.5577380E-012	-1	0.000000E+000
1	250.891609	-1.5577380E-012	-1.0750000E-012	0	0.000000E+000
1	250.892095	-1.0750000E-012	-1.6235120E-012	-1	0.000000E+000
1	250.905750	-1.6235120E-012	-1.0035710E-012	0	0.000000E+000
1	250.907410	-1.0035710E-012	-1.6364580E-012	-1	0.000000E+000
1	250.911300	-1.6364580E-012	-1.0125000E-012	0	0.000000E+000
1	250.912488	-1.0125000E-012	-1.5574400E-012	-1	0.000000E+000
1	250.952220	-1.5470240E-012	-1.1062500E-012	0	0.000000E+000
1	250.954074	-1.1062500E-012	-1.6174110E-012	-1	0.000000E+000
1	251.001350	-1.6174110E-012	-1.0125000E-012	0	0.000000E+000
1	251.002360	-1.0125000E-012	-1.5846730E-012	-1	0.000000E+000
1	251.032580	-1.6098210E-012	-1.0995540E-012	0	0.000000E+000
1	251.034131	-1.0995540E-012	-1.6882440E-012	-1	0.000000E+000
1	251.040497	-1.5571430E-012	-1.1218750E-012	0	0.000000E+000
1	251.042236	-1.1218750E-012	-1.6129460E-012	-1	0.000000E+000
1	251.052171	-1.7056550E-012	-1.1281250E-012	0	0.000000E+000
1	251.052568	-1.1281250E-012	-1.6452150E-012	-1	0.000000E+000
1	251.061947	-1.6241070E-012	-1.0816960E-012	0	0.000000E+000
1	251.063126	-1.0816960E-012	-1.5497020E-012	-1	0.000000E+000
1	251.074200	-1.5497020E-012	-9.8407740E-013	0	0.000000E+000
1	251.078187	-9.8407740E-013	-1.5626490E-012	-1	0.000000E+000
1	251.089755	-1.6543150E-012	-1.0398810E-012	0	0.000000E+000
1	251.091511	-1.0398810E-012	-1.5691960E-012	-1	0.000000E+000
1	251.101701	-1.5528270E-012	-1.1375000E-012	0	0.000000E+000
1	251.102184	-1.1375000E-012	-1.6121750E-012	-1	0.000000E+000
1	251.143795	-1.5196430E-012	-1.0000000E-012	0	0.000000E+000
1	251.144798	-1.0000000E-012	-1.6915180E-012	-1	0.000000E+000
1	251.168839	-1.6049110E-012	-1.0626490E-012	0	0.000000E+000
1	251.171405	-1.0626490E-012	-1.5004460E-012	-1	0.000000E+000
1	251.220350	-1.6682790E-012	-1.0586310E-012	0	0.000000E+000
1	251.225343	-1.1278270E-012	-1.6650300E-012	-1	0.000000E+000
1	251.302144	-1.4949400E-012	-1.1062500E-012	0	0.000000E+000
1	251.302792	-1.1062500E-012	-1.5032740E-012	-1	0.000000E+000
1	251.310336	-1.4941960E-012	-1.0843750E-012	0	0.000000E+000
1	251.310885	-1.0843750E-012	-1.6212800E-012	-1	0.000000E+000
1	251.314032	-1.6212800E-012	-1.1258930E-012	0	0.000000E+000
1	251.315121	-1.1258930E-012	-1.7090520E-012	-1	0.000000E+000
1	251.382326	-1.7090520E-012	-1.0035710E-012	0	0.000000E+000
1	251.385389	-1.1398810E-012	-1.8125000E-012	-1	0.000000E+000
1	251.404100	-1.7219840E-012	-9.8794640E-013	0	0.000000E+000
1	251.405550	-9.8794640E-013	-1.5931280E-012	-1	0.000000E+000
1	251.418200	-1.5931280E-012	-1.0780320E-012	0	0.000000E+000
1	251.418883	-1.0780320E-012	-1.5994050E-012	-1	0.000000E+000
1	251.434087	-1.5994050E-012	-1.1062500E-012	0	0.000000E+000
1	251.435730	-1.1062500E-012	-1.7239580E-012	-1	0.000000E+000
1	251.450850	-1.7239580E-012	-1.0672620E-012	0	0.000000E+000
1	251.452311	-1.0672620E-012	-1.7781250E-012	-1	0.000000E+000
1	251.454526	-1.7781250E-012	-1.1907740E-012	0	0.000000E+000
1	251.459450	-1.1907740E-012	-1.7562500E-012	-1	0.000000E+000
1	251.460172	-1.7562500E-012	-1.0751490E-012	0	0.000000E+000
1	251.461862	-1.0751490E-012	-1.8559520E-012	-1	0.000000E+000
1	251.464652	-1.8559520E-012	-1.0593750E-012	0	0.000000E+000
1	251.465224	-1.0593750E-012	-1.6346730E-012	-1	0.000000E+000
1	251.478700	-1.7325750E-012	-1.0815480E-012	0	0.000000E+000
1	251.481788	-1.0815480E-012	-1.5589290E-012	-1	0.000000E+000
1	251.568063	-1.5589290E-012	-1.0937500E-012	0	0.000000E+000
1	251.568574	-1.0937500E-012	-1.7578870E-012	-1	0.000000E+000
1	251.588679	-1.7578870E-012	-9.7321430E-013	0	0.000000E+000
1	251.589200	-9.7321430E-013	-1.6187500E-012	-1	0.000000E+000
1	251.590143	-1.6187500E-012	-1.0717260E-012	0	0.000000E+000
1	251.595346	-1.0369050E-012	-1.6254150E-012	-1	0.000000E+000
1	251.622016	-1.6254150E-012	-1.0241260E-012	0	0.000000E+000
1	251.622501	-1.0241260E-012	-1.6668150E-012	-1	0.000000E+000
1	251.655925	-1.6668150E-012	-1.0825890E-012	0	0.000000E+000
1	251.657352	-1.0825890E-012	-1.5616070E-012	-1	0.000000E+000
1	251.660381	-1.6241070E-012	-1.0058040E-012	0	0.000000E+000
1	251.661286	-1.0058040E-012	-1.6437500E-012	-1	0.000000E+000
1	251.662205	-1.6437500E-012	-1.0058040E-012	0	0.000000E+000
1	251.663883	-1.0058040E-012	-1.6599700E-012	-1	0.000000E+000
1	251.670440	-1.6599700E-012	-1.1194940E-012	0	0.000000E+000
1	251.675400	-1.1194940E-012	-1.4977680E-012	-1	0.000000E+000
1	251.680782	-1.4970240E-012	-1.0375000E-012	0	0.000000E+000
1	251.681752	-1.0375000E-012	-1.5415180E-012	-1	0.000000E+000
1	251.699653	-1.5415180E-012	-1.1296130E-012	0	0.000000E+000
1	251.703771	-1.1296130E-012	-1.6093750E-012	-1	0.000000E+000
1	251.705750	-1.6093750E-012	-1.0415180E-012	0	0.000000E+000
1	251.708628	-1.0415180E-012	-1.5891370E-012	-1	0.000000E+000
1	251.721297	-1.5891370E-012	-1.0828870E-012	0	0.000000E+000
1	251.728547	-1.1205360E-012	-1.6958330E-012	-1	0.000000E+000
1	251.754245	-1.6958330E-012	-1.0473210E-012	0	0.000000E+000
1	251.758563	-1.0465770E-012	-1.6463990E-012	-1	0.000000E+000
1	251.761378	-1.6883570E-012	-1.0397320E-012	0	0.000000E+000
1	251.768193	-1.0659230E-012	-1.6584820E-012	-1	0.000000E+000
1	251.823432	-1.6218480E-012	-9.5625010E-013	0	0.000000E+000
1	251.833031	-1.0671130E-012	-1.7601190E-012	-1	0.000000E+000
1	251.864538	-1.7593290E-012	-9.7187500E-013	0	0.000000E+000
1	251.866240	-1.0561010E-012	-1.6498510E-012	-1	0.000000E+000
1	251.889831	-1.6498510E-012	-1.1443450E-012	0	0.000000E+000
1	251.934928	-1.0680060E-012	-1.7187500E-012	-1	0.000000E+000
1	251.935301	-1.7187500E-012	-1.1244050E-012	0	0.000000E+000
1	252.214369	-1.1218750E-012	-1.7562500E-012	-1	0.000000E+000
1	252.214924	-1.7562500E-012	-1.1678570E-012	0	0.000000E+000
1	253.648818	-1.0831850E-012	-1.6885420E-012	-1	0.000000E+000
1	253.704067	-1.4721730E-012	-1.0812500E-012	0	0.000000E+000
1	253.704609	-1.0812500E-012	-1.6257440E-012	-1	0.000000E+000
1	253.738000	-1.6257440E-012	-1.0639880E-012	0	0.000000E+000
