3	156.18736545	-1.389106E-012	-2.196610E-012	-1	0.000000E+000
3	156.18785000	-2.196610E-012	-1.338883E-012	0	0.000000E+000
3	156.18835000	-1.338883E-012	-2.267645E-012	-1	0.000000E+000
3	156.18993373	-2.267645E-012	-1.357684E-012	0	0.000000E+000
3	156.19407395	-1.342046E-012	-2.348475E-012	-1	0.000000E+000
3	156.19472995	-2.348475E-012	-1.224924E-012	0	0.000000E+000
3	156.20540024	-1.346885E-012	-2.171085E-012	-1	0.000000E+000
3	156.21035792	-2.171085E-012	-1.309655E-012	0	0.000000E+000
3	156.23420896	-1.332659E-012	-2.281967E-012	-1	0.000000E+000
3	156.23524303	-2.234851E-012	-1.442217E-012	0	0.000000E+000
3	156.23572500	-1.442217E-012	-2.281967E-012	-1	0.000000E+000
3	156.23887201	-2.281967E-012	-1.394563E-012	0	0.000000E+000
3	156.24387118	-1.391353E-012	-2.254806E-012	-1	0.000000E+000
3	156.25037587	-2.330925E-012	-1.359718E-012	0	0.000000E+000
3	156.25090000	-1.359718E-012	-2.377611E-012	-1	0.000000E+000
3	156.25222665	-2.377611E-012	-1.321104E-012	0	0.000000E+000
3	156.27191193	-1.491409E-012	-2.278095E-012	-1	0.000000E+000
3	156.27560264	-2.278095E-012	-1.392130E-012	0	0.000000E+000
3	156.28950664	-1.275916E-012	-2.307972E-012	-1	0.000000E+000
3	156.29711575	-2.278594E-012	-1.314978E-012	0	0.000000E+000
3	156.29964549	-1.314978E-012	-2.374259E-012	-1	0.000000E+000
3	156.30517151	-2.394770E-012	-1.230475E-012	0	0.000000E+000
3	156.31505133	-1.237191E-012	-2.270591E-012	-1	0.000000E+000
3	156.31586385	-2.270591E-012	-1.282197E-012	0	0.000000E+000
3	156.32033255	-1.225563E-012	-2.290331E-012	-1	0.000000E+000
3	156.32158196	-2.290331E-012	-1.269109E-012	0	0.000000E+000
3	156.32288711	-1.269109E-012	-2.136314E-012	-1	0.000000E+000
3	156.32359345	-2.136314E-012	-1.291291E-012	0	0.000000E+000
3	156.33488066	-1.318336E-012	-2.276427E-012	-1	0.000000E+000
3	156.33668088	-2.276427E-012	-1.231857E-012	0	0.000000E+000
3	156.33782176	-1.231857E-012	-2.337694E-012	-1	0.000000E+000
3	156.34347999	-2.337694E-012	-1.311951E-012	0	0.000000E+000
3	156.34400000	-1.311951E-012	-2.241872E-012	-1	0.000000E+000
3	156.35257393	-2.148129E-012	-1.155147E-012	0	0.000000E+000
3	156.35307500	-1.155147E-012	-2.155582E-012	-1	0.000000E+000
3	156.35340490	-2.155582E-012	-1.197117E-012	0	0.000000E+000
3	156.37723391	-1.384530E-012	-2.268924E-012	-1	0.000000E+000
3	156.37984548	-2.268924E-012	-1.331360E-012	0	0.000000E+000
3	156.43553643	-1.128106E-012	-2.151396E-012	-1	0.000000E+000
3	156.43662928	-2.151396E-012	-1.126750E-012	0	0.000000E+000
3	156.43829430	-1.126750E-012	-2.111837E-012	-1	0.000000E+000
3	156.43939247	-2.111837E-012	-1.269884E-012	0	0.000000E+000
3	156.61364336	-1.229569E-012	-2.063877E-012	-1	0.000000E+000
3	156.61531739	-2.063877E-012	-1.303321E-012	0	0.000000E+000
3	156.62584973	-1.313399E-012	-2.253795E-012	-1	0.000000E+000
3	156.62739677	-2.253795E-012	-1.298952E-012	0	0.000000E+000
3	156.62796982	-1.298952E-012	-2.189646E-012	-1	0.000000E+000
3	156.62868288	-2.189646E-012	-1.298952E-012	0	0.000000E+000
3	156.63170038	-1.298952E-012	-2.184674E-012	-1	0.000000E+000
3	156.63753624	-2.184674E-012	-1.239186E-012	0	0.000000E+000
3	156.65649322	-1.267113E-012	-1.969373E-012	-1	0.000000E+000
3	156.65687217	-1.969373E-012	-1.245075E-012	0	0.000000E+000
3	156.66677569	-1.202693E-012	-2.198714E-012	-1	0.000000E+000
3	156.66731455	-2.198714E-012	-1.137696E-012	0	0.000000E+000
3	156.69357689	-1.137696E-012	-2.217808E-012	-1	0.000000E+000
3	156.69410142	-2.217808E-012	-1.227369E-012	0	0.000000E+000
3	156.72999645	-1.166192E-012	-2.214993E-012	-1	0.000000E+000
3	156.73213953	-2.214993E-012	-1.255581E-012	0	0.000000E+000
3	156.73482032	-1.255581E-012	-2.275034E-012	-1	0.000000E+000
3	156.74124744	-2.196091E-012	-1.264127E-012	0	0.000000E+000
3	156.90671498	-1.380296E-012	-2.243207E-012	-1	0.000000E+000
3	156.90809255	-2.243207E-012	-1.303796E-012	0	0.000000E+000
3	156.98110519	-1.303796E-012	-2.250014E-012	-1	0.000000E+000
3	156.98259454	-2.250014E-012	-1.286283E-012	0	0.000000E+000
3	157.23536813	-1.221713E-012	-2.201374E-012	-1	0.000000E+000
3	157.23663799	-2.201374E-012	-1.314443E-012	0	0.000000E+000
3	157.24346436	-1.181187E-012	-2.175666E-012	-1	0.000000E+000
3	157.27232643	-2.207508E-012	-1.429008E-012	0	0.000000E+000
3	157.27273046	-1.429008E-012	-2.161455E-012	-1	0.000000E+000
3	157.27363562	-2.161455E-012	-1.311701E-012	0	0.000000E+000
3	157.27415000	-1.311701E-012	-2.342311E-012	-1	0.000000E+000
3	157.27602843	-2.342311E-012	-1.237902E-012	0	0.000000E+000
3	158.32944212	-1.189267E-012	-2.187324E-012	-1	0.000000E+000
3	158.33011932	-2.187324E-012	-1.159787E-012	0	0.000000E+000
3	158.57123410	-1.141766E-012	-2.117981E-012	-1	0.000000E+000
3	158.57173855	-2.117981E-012	-1.160524E-012	0	0.000000E+000
3	158.59551369	-1.126110E-012	-2.022296E-012	-1	0.000000E+000
3	158.60047909	-2.246346E-012	-1.194956E-012	0	0.000000E+000
3	158.61692724	-1.194890E-012	-2.105289E-012	-1	0.000000E+000
3	158.61755731	-2.105289E-012	-1.215922E-012	0	0.000000E+000
3	158.65962229	-1.157294E-012	-2.025571E-012	-1	0.000000E+000
3	158.66000700	-2.025571E-012	-1.177621E-012	0	0.000000E+000
3	160.11129795	-1.225595E-012	-2.094343E-012	-1	0.000000E+000
3	160.11177797	-2.094343E-012	-1.201758E-012	0	0.000000E+000
3	160.24475951	-1.221351E-012	-1.972627E-012	-1	0.000000E+000
3	160.24515837	-1.972627E-012	-1.212717E-012	0	0.000000E+000
3	162.82508313	-1.270469E-012	-2.197965E-012	-1	0.000000E+000
3	162.82768645	-2.197965E-012	-1.220044E-012	0	0.000000E+000
3	172.93506594	-1.200005E-012	-1.848460E-012	-1	0.000000E+000
3	172.93542049	-1.848460E-012	-1.196897E-012	0	0.000000E+000
3	179.61857867	-1.322881E-012	-1.761215E-012	-1	0.000000E+000
3	179.61888824	-1.761215E-012	-1.207637E-012	0	0.000000E+000
3	179.84622123	-1.198820E-012	-1.788651E-012	-1	0.000000E+000
3	179.84658417	-1.788651E-012	-1.220813E-012	0	0.000000E+000
3	180.54141764	-1.206731E-012	-1.812660E-012	-1	0.000000E+000
3	180.54172310	-1.812660E-012	-1.228227E-012	0	0.000000E+000
3	181.77855992	-1.185142E-012	-1.778501E-012	-1	0.000000E+000
3	181.77884413	-1.778501E-012	-1.158185E-012	0	0.000000E+000
3	194.12071897	-1.152935E-012	-1.758416E-012	-1	0.000000E+000
3	194.12104083	-1.758416E-012	-1.184766E-012	0	0.000000E+000
3	197.01101737	-1.209448E-012	-2.147613E-012	-1	0.000000E+000
3	197.01148984	-2.147613E-012	-1.190315E-012	0	0.000000E+000
3	203.56809103	-1.260633E-012	-2.013778E-012	-1	0.000000E+000
3	203.56852804	-2.013778E-012	-1.141123E-012	0	0.000000E+000
3	203.73550593	-1.195323E-012	-1.977194E-012	-1	0.000000E+000
3	203.73590102	-1.977194E-012	-1.234867E-012	0	0.000000E+000
3	203.73657126	-1.234867E-012	-1.865088E-012	-1	0.000000E+000
3	203.73791252	-1.865088E-012	-1.234867E-012	0	0.000000E+000
3	204.08500505	-1.161570E-012	-1.852737E-012	-1	0.000000E+000
3	204.08601383	-1.852737E-012	-1.219356E-012	0	0.000000E+000
3	205.43077581	-1.309298E-012	-1.977353E-012	-1	0.000000E+000
3	205.43308869	-1.977353E-012	-1.245000E-012	0	0.000000E+000
3	205.48596063	-1.195809E-012	-2.214957E-012	-1	0.000000E+000
3	205.48685602	-2.214957E-012	-1.209250E-012	0	0.000000E+000
3	206.17081154	-1.251785E-012	-2.106162E-012	-1	0.000000E+000
3	206.17126082	-2.106162E-012	-1.184114E-012	0	0.000000E+000
3	207.19562300	-1.174401E-012	-1.776108E-012	-1	0.000000E+000
3	207.19593626	-1.776108E-012	-1.222655E-012	0	0.000000E+000
3	208.01532567	-1.199216E-012	-2.056787E-012	-1	0.000000E+000
3	208.01597418	-2.056787E-012	-1.180283E-012	0	0.000000E+000
3	210.91435692	-1.133823E-012	-1.851521E-012	-1	0.000000E+000
3	210.91472378	-1.851521E-012	-1.162026E-012	0	0.000000E+000
3	212.01661882	-1.196333E-012	-1.798594E-012	-1	0.000000E+000
3	212.01708281	-1.798594E-012	-1.187484E-012	0	0.000000E+000
3	216.10924373	-1.138491E-012	-1.689109E-012	-1	0.000000E+000
3	216.11163005	-1.689109E-012	-1.192270E-012	0	0.000000E+000
3	216.11207769	-1.192270E-012	-1.618361E-012	-1	0.000000E+000
3	216.12205463	-1.893749E-012	-1.130849E-012	0	0.000000E+000
3	218.12930102	-1.142201E-012	-2.104187E-012	-1	0.000000E+000
3	218.13237425	-2.104187E-012	-1.219657E-012	0	0.000000E+000
3	219.85068475	-1.208858E-012	-2.021553E-012	-1	0.000000E+000
3	219.85399670	-2.021553E-012	-1.261715E-012	0	0.000000E+000
3	220.08107645	-1.190416E-012	-1.933647E-012	-1	0.000000E+000
3	220.08147575	-1.933647E-012	-1.188839E-012	0	0.000000E+000
3	220.69427373	-1.224647E-012	-2.091897E-012	-1	0.000000E+000
3	220.69546686	-2.091897E-012	-1.147013E-012	0	0.000000E+000
3	221.06035328	-1.204808E-012	-2.103810E-012	-1	0.000000E+000
3	221.06212826	-2.103810E-012	-1.189329E-012	0	0.000000E+000
3	221.29420911	-1.159690E-012	-1.767047E-012	-1	0.000000E+000
3	221.29824525	-1.767047E-012	-1.158255E-012	0	0.000000E+000
3	222.32650110	-1.177518E-012	-1.927750E-012	-1	0.000000E+000
3	222.32736771	-1.927750E-012	-1.181844E-012	0	0.000000E+000
3	222.76737572	-1.181844E-012	-2.222841E-012	-1	0.000000E+000
3	222.77533085	-2.086370E-012	-1.217449E-012	0	0.000000E+000
3	222.78032114	-1.217449E-012	-2.340537E-012	-1	0.000000E+000
3	222.78127645	-2.340537E-012	-1.240470E-012	0	0.000000E+000
3	222.78180000	-1.240470E-012	-2.080440E-012	-1	0.000000E+000
3	222.78258401	-2.080440E-012	-1.240470E-012	0	0.000000E+000
3	222.80537756	-1.193980E-012	-1.844843E-012	-1	0.000000E+000
3	222.80570215	-1.844843E-012	-1.195721E-012	0	0.000000E+000
3	222.89040627	-1.260018E-012	-1.942098E-012	-1	0.000000E+000
3	222.89084419	-1.942098E-012	-1.267510E-012	0	0.000000E+000
3	223.73775647	-1.259311E-012	-1.898190E-012	-1	0.000000E+000
3	223.73817060	-1.898190E-012	-1.273363E-012	0	0.000000E+000
3	223.76244467	-1.212642E-012	-1.885289E-012	-1	0.000000E+000
3	223.76284097	-1.885289E-012	-1.202941E-012	0	0.000000E+000
3	224.42224204	-1.123171E-012	-2.211540E-012	-1	0.000000E+000
3	224.42285924	-2.211540E-012	-1.180229E-012	0	0.000000E+000
3	224.65281300	-1.222555E-012	-1.908451E-012	-1	0.000000E+000
3	224.65315975	-1.908451E-012	-1.221807E-012	0	0.000000E+000
3	224.74295314	-1.209300E-012	-2.168595E-012	-1	0.000000E+000
3	224.74393268	-2.168595E-012	-1.178366E-012	0	0.000000E+000
3	224.79668663	-1.148466E-012	-1.845061E-012	-1	0.000000E+000
3	224.79709396	-1.845061E-012	-1.197930E-012	0	0.000000E+000
3	224.92664052	-1.141272E-012	-2.045536E-012	-1	0.000000E+000
3	224.94145318	-2.095374E-012	-1.193403E-012	0	0.000000E+000
3	224.94195000	-1.193403E-012	-2.004882E-012	-1	0.000000E+000
3	224.94312627	-2.004882E-012	-1.192330E-012	0	0.000000E+000
3	224.94362500	-1.192330E-012	-2.100788E-012	-1	0.000000E+000
3	224.94456568	-2.100788E-012	-1.192330E-012	0	0.000000E+000
3	224.94730316	-1.192330E-012	-2.143905E-012	-1	0.000000E+000
3	224.95625221	-2.143905E-012	-1.156403E-012	0	0.000000E+000
3	224.95850468	-1.156403E-012	-2.049202E-012	-1	0.000000E+000
3	224.96589647	-2.065130E-012	-1.124164E-012	0	0.000000E+000
3	224.97281524	-1.214986E-012	-2.098599E-012	-1	0.000000E+000
3	224.97405796	-2.098599E-012	-1.158113E-012	0	0.000000E+000
3	224.97803139	-1.158113E-012	-2.003235E-012	-1	0.000000E+000
3	224.98393590	-2.151211E-012	-1.108139E-012	0	0.000000E+000
3	224.98442500	-1.108139E-012	-2.038851E-012	-1	0.000000E+000
3	224.98483401	-2.038851E-012	-1.226422E-012	0	0.000000E+000
3	225.16143482	-1.182534E-012	-1.728320E-012	-1	0.000000E+000
3	225.16180714	-1.728320E-012	-1.202569E-012	0	0.000000E+000
3	225.22981245	-1.219847E-012	-2.068109E-012	-1	0.000000E+000
3	225.23101350	-2.068109E-012	-1.247773E-012	0	0.000000E+000
3	225.25380215	-1.145643E-012	-1.757679E-012	-1	0.000000E+000
3	225.25408372	-1.757679E-012	-1.157171E-012	0	0.000000E+000
3	225.46563727	-1.206538E-012	-2.105812E-012	-1	0.000000E+000
3	225.46647132	-2.105812E-012	-1.175684E-012	0	0.000000E+000
3	225.53815318	-1.138820E-012	-1.897291E-012	-1	0.000000E+000
3	225.53851230	-1.897291E-012	-1.170837E-012	0	0.000000E+000
3	225.86131015	-1.215822E-012	-2.170737E-012	-1	0.000000E+000
3	225.86335204	-2.170737E-012	-1.211452E-012	0	0.000000E+000
3	225.91064034	-1.192305E-012	-1.970002E-012	-1	0.000000E+000
3	225.91139036	-1.970002E-012	-1.170203E-012	0	0.000000E+000
3	225.92494526	-1.245495E-012	-2.198287E-012	-1	0.000000E+000
3	225.92611198	-2.198287E-012	-1.164025E-012	0	0.000000E+000
3	225.93752836	-1.200386E-012	-2.019235E-012	-1	0.000000E+000
3	225.93941974	-2.019235E-012	-1.144042E-012	0	0.000000E+000
3	226.11348556	-1.208491E-012	-1.795745E-012	-1	0.000000E+000
3	226.11388169	-1.795745E-012	-1.206888E-012	0	0.000000E+000
3	226.23384071	-1.226308E-012	-1.757345E-012	-1	0.000000E+000
3	226.23421872	-1.757345E-012	-1.197074E-012	0	0.000000E+000
3	226.27337994	-1.221602E-012	-2.167794E-012	-1	0.000000E+000
3	226.27421017	-2.167794E-012	-1.180465E-012	0	0.000000E+000
3	226.28981128	-1.130351E-012	-1.882130E-012	-1	0.000000E+000
3	226.29061613	-1.882130E-012	-1.169676E-012	0	0.000000E+000
3	226.34861123	-1.201514E-012	-2.172981E-012	-1	0.000000E+000
3	226.35022497	-2.172981E-012	-1.212151E-012	0	0.000000E+000
3	226.40893453	-1.174685E-012	-1.956159E-012	-1	0.000000E+000
3	226.40932134	-1.956159E-012	-1.185130E-012	0	0.000000E+000
3	226.56132549	-1.191973E-012	-1.889151E-012	-1	0.000000E+000
3	226.56171288	-1.889151E-012	-1.206127E-012	0	0.000000E+000
3	226.85176895	-1.220607E-012	-2.054166E-012	-1	0.000000E+000
3	226.85226860	-2.054166E-012	-1.236625E-012	0	0.000000E+000
3	226.87334777	-1.181245E-012	-2.123561E-012	-1	0.000000E+000
3	226.87383567	-2.123561E-012	-1.198723E-012	0	0.000000E+000
3	226.87436095	-1.198723E-012	-2.178654E-012	-1	0.000000E+000
3	226.87649975	-2.178654E-012	-1.199234E-012	0	0.000000E+000
3	226.92822669	-1.226879E-012	-2.002876E-012	-1	0.000000E+000
3	226.92877696	-2.002876E-012	-1.217518E-012	0	0.000000E+000
3	227.02880095	-1.173113E-012	-2.123807E-012	-1	0.000000E+000
3	227.02944639	-2.123807E-012	-1.171949E-012	0	0.000000E+000
3	227.04606587	-1.258032E-012	-1.964331E-012	-1	0.000000E+000
3	227.04664905	-1.964331E-012	-1.259783E-012	0	0.000000E+000
3	227.04790470	-1.259783E-012	-2.078853E-012	-1	0.000000E+000
3	227.04951592	-2.090103E-012	-1.406189E-012	0	0.000000E+000
3	227.04986263	-1.254726E-012	-2.081866E-012	-1	0.000000E+000
3	227.05275633	-2.081866E-012	-1.222246E-012	0	0.000000E+000
3	227.33843152	-1.222429E-012	-2.091621E-012	-1	0.000000E+000
3	227.33892843	-2.091621E-012	-1.245465E-012	0	0.000000E+000
3	227.34037222	-1.245465E-012	-1.909268E-012	-1	0.000000E+000
3	227.34338628	-1.716497E-012	-1.254495E-012	0	0.000000E+000
3	227.50682474	-1.187749E-012	-1.719895E-012	-1	0.000000E+000
3	227.50732500	-1.719895E-012	-1.128950E-012	0	0.000000E+000
3	227.50822263	-1.128950E-012	-1.795204E-012	-1	0.000000E+000
3	227.51343001	-1.660672E-012	-1.152151E-012	0	0.000000E+000
3	227.51583904	-1.152151E-012	-1.851203E-012	-1	0.000000E+000
3	227.52019584	-1.851203E-012	-1.183437E-012	0	0.000000E+000
3	227.56620058	-1.165109E-012	-2.146125E-012	-1	0.000000E+000
3	227.56680380	-2.146125E-012	-1.202718E-012	0	0.000000E+000
3	227.68851246	-1.257289E-012	-2.353990E-012	-1	0.000000E+000
3	227.68961575	-2.353990E-012	-1.328138E-012	0	0.000000E+000
3	227.77858026	-1.194328E-012	-1.992410E-012	-1	0.000000E+000
3	227.77942813	-1.992410E-012	-1.193780E-012	0	0.000000E+000
3	227.79252243	-1.140872E-012	-2.147216E-012	-1	0.000000E+000
3	227.79363409	-2.147216E-012	-1.162808E-012	0	0.000000E+000
3	227.80759261	-1.198953E-012	-1.814934E-012	-1	0.000000E+000
3	227.80792961	-1.814934E-012	-1.185024E-012	0	0.000000E+000
3	228.02415006	-1.164942E-012	-2.185697E-012	-1	0.000000E+000
3	228.02478970	-2.185697E-012	-1.156658E-012	0	0.000000E+000
3	228.51548640	-1.205326E-012	-2.135576E-012	-1	0.000000E+000
3	228.51602302	-2.135576E-012	-1.192983E-012	0	0.000000E+000
3	228.53005446	-1.184348E-012	-2.160431E-012	-1	0.000000E+000
3	228.53332920	-2.160431E-012	-1.191040E-012	0	0.000000E+000
3	228.61792688	-1.167248E-012	-2.111899E-012	-1	0.000000E+000
3	228.61952989	-2.111899E-012	-1.198117E-012	0	0.000000E+000
3	228.76980594	-1.163483E-012	-1.948330E-012	-1	0.000000E+000
3	228.77022698	-1.948330E-012	-1.150683E-012	0	0.000000E+000
3	228.83138519	-1.134559E-012	-2.181853E-012	-1	0.000000E+000
3	228.83230225	-2.181853E-012	-1.144074E-012	0	0.000000E+000
3	228.86493675	-1.142993E-012	-2.121228E-012	-1	0.000000E+000
3	228.86778286	-2.121228E-012	-1.183047E-012	0	0.000000E+000
3	228.88409526	-1.177768E-012	-2.059174E-012	-1	0.000000E+000
3	228.88503279	-2.059174E-012	-1.152829E-012	0	0.000000E+000
3	228.88622857	-1.205760E-012	-2.056512E-012	-1	0.000000E+000
3	228.88707118	-2.056512E-012	-1.161976E-012	0	0.000000E+000
3	228.89314865	-1.180757E-012	-1.998023E-012	-1	0.000000E+000
3	228.89391715	-1.998023E-012	-1.072124E-012	0	0.000000E+000
3	228.89538844	-1.072124E-012	-2.044492E-012	-1	0.000000E+000
3	228.89674911	-2.044492E-012	-1.170242E-012	0	0.000000E+000
3	228.90054350	-1.170242E-012	-2.021537E-012	-1	0.000000E+000
3	228.90135238	-2.021537E-012	-1.175401E-012	0	0.000000E+000
3	228.90185000	-1.175401E-012	-1.964086E-012	-1	0.000000E+000
3	228.90231305	-1.964086E-012	-1.175401E-012	0	0.000000E+000
3	228.90620429	-1.175401E-012	-2.017964E-012	-1	0.000000E+000
3	228.90673067	-2.017964E-012	-1.187818E-012	0	0.000000E+000
3	229.44890762	-1.205005E-012	-2.120529E-012	-1	0.000000E+000
3	229.44957331	-2.120529E-012	-1.136109E-012	0	0.000000E+000
3	229.45041516	-1.136109E-012	-2.111278E-012	-1	0.000000E+000
3	229.45120926	-2.111278E-012	-1.146760E-012	0	0.000000E+000
3	229.46448021	-1.183497E-012	-2.084084E-012	-1	0.000000E+000
3	229.46708121	-2.084084E-012	-1.124026E-012	0	0.000000E+000
3	229.55712989	-1.110474E-012	-2.129381E-012	-1	0.000000E+000
3	229.55767700	-2.129381E-012	-1.160468E-012	0	0.000000E+000
3	229.67968048	-1.121165E-012	-2.101693E-012	-1	0.000000E+000
3	229.68028084	-2.101693E-012	-1.134498E-012	0	0.000000E+000
3	229.70540445	-1.130630E-012	-1.877878E-012	-1	0.000000E+000
3	229.70575117	-1.877878E-012	-1.171026E-012	0	0.000000E+000
3	229.91000686	-1.191578E-012	-1.748478E-012	-1	0.000000E+000
3	229.91034863	-1.748478E-012	-1.173195E-012	0	0.000000E+000
3	229.94152628	-1.140902E-012	-2.257292E-012	-1	0.000000E+000
3	229.94280961	-2.257292E-012	-1.142588E-012	0	0.000000E+000
3	229.96976475	-1.165664E-012	-2.042876E-012	-1	0.000000E+000
3	229.97045861	-2.042876E-012	-1.199960E-012	0	0.000000E+000
3	229.97129142	-1.199960E-012	-2.278090E-012	-1	0.000000E+000
3	229.97427550	-2.278090E-012	-1.168747E-012	0	0.000000E+000
3	229.97604275	-1.168747E-012	-2.121584E-012	-1	0.000000E+000
3	229.98308010	-2.121584E-012	-1.201484E-012	0	0.000000E+000
3	230.13680076	-1.201484E-012	-2.048904E-012	-1	0.000000E+000
3	230.13726966	-2.048904E-012	-1.177655E-012	0	0.000000E+000
3	230.18054050	-1.231984E-012	-2.042862E-012	-1	0.000000E+000
3	230.18117872	-2.042862E-012	-1.254116E-012	0	0.000000E+000
3	230.18705827	-1.195440E-012	-1.998630E-012	-1	0.000000E+000
3	230.18750248	-1.998630E-012	-1.228399E-012	0	0.000000E+000
3	230.52833690	-1.200526E-012	-2.105708E-012	-1	0.000000E+000
3	230.52934401	-2.105708E-012	-1.206768E-012	0	0.000000E+000
3	230.54172808	-1.220523E-012	-2.210959E-012	-1	0.000000E+000
3	230.54305082	-2.210959E-012	-1.208489E-012	0	0.000000E+000
3	230.55626890	-1.203752E-012	-2.082168E-012	-1	0.000000E+000
3	230.55693931	-2.082168E-012	-1.307685E-012	0	0.000000E+000
3	230.55735657	-1.307685E-012	-2.082168E-012	-1	0.000000E+000
3	230.56313980	-2.088924E-012	-1.189768E-012	0	0.000000E+000
3	230.56596892	-1.189768E-012	-2.102466E-012	-1	0.000000E+000
3	230.56799691	-2.102466E-012	-1.303042E-012	0	0.000000E+000
3	230.56842186	-1.303042E-012	-2.149046E-012	-1	0.000000E+000
3	230.57062851	-2.149046E-012	-1.248305E-012	0	0.000000E+000
3	230.57249141	-1.248305E-012	-2.168532E-012	-1	0.000000E+000
3	230.57871516	-2.167348E-012	-1.309344E-012	0	0.000000E+000
3	230.58309172	-1.309344E-012	-2.090304E-012	-1	0.000000E+000
3	230.59311033	-2.173075E-012	-1.178900E-012	0	0.000000E+000
3	230.59413340	-1.178900E-012	-2.194921E-012	-1	0.000000E+000
3	230.59641482	-2.194921E-012	-1.248338E-012	0	0.000000E+000
3	230.59708135	-1.248338E-012	-2.186102E-012	-1	0.000000E+000
3	230.59843928	-2.186102E-012	-1.248338E-012	0	0.000000E+000
3	230.60002293	-1.248338E-012	-2.041398E-012	-1	0.000000E+000
3	230.60686613	-2.211554E-012	-1.256848E-012	0	0.000000E+000
3	230.60901067	-1.256848E-012	-2.018310E-012	-1	0.000000E+000
3	230.61156699	-2.018310E-012	-1.351951E-012	0	0.000000E+000
3	230.61210000	-1.351951E-012	-2.117401E-012	-1	0.000000E+000
3	230.61389143	-2.117401E-012	-1.202096E-012	0	0.000000E+000
3	230.61648281	-1.202096E-012	-2.125802E-012	-1	0.000000E+000
3	230.61735080	-2.125802E-012	-1.205952E-012	0	0.000000E+000
3	230.61838456	-1.205952E-012	-2.149002E-012	-1	0.000000E+000
3	230.62668700	-2.198076E-012	-1.165634E-012	0	0.000000E+000
3	230.67018922	-1.208283E-012	-2.046910E-012	-1	0.000000E+000
3	230.67071647	-2.046910E-012	-1.194538E-012	0	0.000000E+000
3	230.68173240	-1.236088E-012	-2.151738E-012	-1	0.000000E+000
3	230.68357355	-2.151738E-012	-1.232625E-012	0	0.000000E+000
3	230.68668841	-1.232625E-012	-2.001457E-012	-1	0.000000E+000
3	230.70122255	-2.154664E-012	-1.258499E-012	0	0.000000E+000
3	230.71289505	-1.252018E-012	-2.105879E-012	-1	0.000000E+000
3	230.71991382	-2.098965E-012	-1.218726E-012	0	0.000000E+000
3	230.72976900	-1.234955E-012	-2.060204E-012	-1	0.000000E+000
3	230.73925067	-2.060204E-012	-1.186596E-012	0	0.000000E+000
3	230.73992635	-1.186596E-012	-2.217194E-012	-1	0.000000E+000
3	230.74723529	-2.103826E-012	-1.296896E-012	0	0.000000E+000
3	230.82652881	-1.190966E-012	-2.057045E-012	-1	0.000000E+000
3	230.82838513	-2.057045E-012	-1.207913E-012	0	0.000000E+000
3	230.83928000	-1.258294E-012	-1.920547E-012	-1	0.000000E+000
3	230.85518078	-1.920547E-012	-1.155956E-012	0	0.000000E+000
3	230.91422409	-1.176580E-012	-1.989058E-012	-1	0.000000E+000
3	230.91483745	-1.989058E-012	-1.221709E-012	0	0.000000E+000
3	231.12137735	-1.267774E-012	-2.390700E-012	-1	0.000000E+000
3	231.12235788	-2.390700E-012	-1.217471E-012	0	0.000000E+000
3	231.13437302	-1.241840E-012	-2.129228E-012	-1	0.000000E+000
3	231.13651687	-2.129228E-012	-1.151506E-012	0	0.000000E+000
3	231.16759982	-1.227674E-012	-1.945536E-012	-1	0.000000E+000
3	231.17587884	-1.937452E-012	-1.223506E-012	0	0.000000E+000
3	231.21042255	-1.250433E-012	-2.092415E-012	-1	0.000000E+000
3	231.21525722	-2.142854E-012	-1.207982E-012	0	0.000000E+000
3	231.21706121	-1.207982E-012	-2.254498E-012	-1	0.000000E+000
3	231.21765815	-2.254498E-012	-1.230586E-012	0	0.000000E+000
3	231.23913933	-1.195789E-012	-2.010838E-012	-1	0.000000E+000
3	231.24079961	-2.010838E-012	-1.248774E-012	0	0.000000E+000
3	231.24714961	-1.248774E-012	-2.168587E-012	-1	0.000000E+000
3	231.25239519	-2.210604E-012	-1.191415E-012	0	0.000000E+000
3	231.26009969	-1.210761E-012	-2.034331E-012	-1	0.000000E+000
3	231.26191916	-2.034331E-012	-1.185499E-012	0	0.000000E+000
3	231.26290619	-1.185499E-012	-1.938953E-012	-1	0.000000E+000
3	231.26332300	-1.938953E-012	-1.185499E-012	0	0.000000E+000
3	231.27447002	-1.215276E-012	-1.989441E-012	-1	0.000000E+000
3	231.27503409	-1.989441E-012	-1.216635E-012	0	0.000000E+000
3	231.43502646	-1.217496E-012	-1.868898E-012	-1	0.000000E+000
3	231.43537834	-1.868898E-012	-1.246063E-012	0	0.000000E+000
3	231.48000664	-1.247389E-012	-2.349096E-012	-1	0.000000E+000
3	231.48209420	-2.349096E-012	-1.279359E-012	0	0.000000E+000
3	231.56255546	-1.211330E-012	-2.161325E-012	-1	0.000000E+000
3	231.56306467	-2.161325E-012	-1.235696E-012	0	0.000000E+000
3	231.56586767	-1.235696E-012	-2.028033E-012	-1	0.000000E+000
3	231.56625309	-2.028033E-012	-1.256417E-012	0	0.000000E+000
3	231.59068118	-1.211480E-012	-2.214217E-012	-1	0.000000E+000
3	231.59123503	-2.214217E-012	-1.252904E-012	0	0.000000E+000
3	231.66336791	-1.205716E-012	-2.179157E-012	-1	0.000000E+000
3	231.66581365	-2.179157E-012	-1.231755E-012	0	0.000000E+000
3	231.69537757	-1.172130E-012	-2.073135E-012	-1	0.000000E+000
3	231.69626909	-2.073135E-012	-1.157307E-012	0	0.000000E+000
3	231.83885955	-1.200326E-012	-2.092327E-012	-1	0.000000E+000
3	231.83944434	-2.092327E-012	-1.180421E-012	0	0.000000E+000
3	231.85535554	-1.239448E-012	-2.127514E-012	-1	0.000000E+000
3	231.85645704	-1.923858E-012	-1.324754E-012	0	0.000000E+000
3	231.85732910	-1.324754E-012	-2.251438E-012	-1	0.000000E+000
3	231.85777338	-2.251438E-012	-1.390911E-012	0	0.000000E+000
3	231.87022418	-1.320289E-012	-2.192442E-012	-1	0.000000E+000
3	231.87077204	-2.192442E-012	-1.274813E-012	0	0.000000E+000
3	231.87222741	-1.274813E-012	-2.372872E-012	-1	0.000000E+000
3	231.87535070	-2.372872E-012	-1.313336E-012	0	0.000000E+000
3	231.87740438	-1.311314E-012	-2.090730E-012	-1	0.000000E+000
3	231.87792500	-2.090730E-012	-1.217073E-012	0	0.000000E+000
3	231.87911481	-1.217073E-012	-2.159508E-012	-1	0.000000E+000
3	231.88323776	-2.159508E-012	-1.212979E-012	0	0.000000E+000
3	231.90614287	-1.257300E-012	-2.116829E-012	-1	0.000000E+000
3	231.90924359	-2.116829E-012	-1.253012E-012	0	0.000000E+000
3	232.16498145	-1.241233E-012	-2.136081E-012	-1	0.000000E+000
3	232.16552248	-2.136081E-012	-1.277075E-012	0	0.000000E+000
3	232.37578102	-1.232649E-012	-2.177743E-012	-1	0.000000E+000
3	232.37823439	-2.177743E-012	-1.238060E-012	0	0.000000E+000
3	232.39614042	-1.264512E-012	-2.105188E-012	-1	0.000000E+000
3	232.39687863	-2.105188E-012	-1.245555E-012	0	0.000000E+000
3	232.39843243	-1.245555E-012	-2.329324E-012	-1	0.000000E+000
3	232.39892801	-2.329324E-012	-1.251718E-012	0	0.000000E+000
3	232.49575531	-1.134374E-012	-2.015023E-012	-1	0.000000E+000
3	232.49720585	-1.816729E-012	-1.164038E-012	0	0.000000E+000
3	232.49772996	-1.164038E-012	-2.153916E-012	-1	0.000000E+000
3	232.49906178	-2.153916E-012	-1.318331E-012	0	0.000000E+000
3	232.78673725	-1.447803E-012	-2.349912E-012	-1	0.000000E+000
3	232.78747077	-2.349912E-012	-1.437997E-012	0	0.000000E+000
3	232.79179855	-1.437997E-012	-2.405086E-012	-1	0.000000E+000
3	232.79293532	-2.405086E-012	-1.411108E-012	0	0.000000E+000
3	232.79976674	-1.360311E-012	-2.446728E-012	-1	0.000000E+000
3	232.80208262	-2.446728E-012	-1.419772E-012	0	0.000000E+000
3	232.80341897	-1.419772E-012	-2.300786E-012	-1	0.000000E+000
3	232.81264575	-2.300786E-012	-1.449158E-012	0	0.000000E+000
3	232.81576161	-1.449158E-012	-2.396590E-012	-1	0.000000E+000
3	232.82699906	-2.311663E-012	-1.465447E-012	0	0.000000E+000
3	232.87126627	-1.407204E-012	-2.429245E-012	-1	0.000000E+000
3	232.87280718	-2.429245E-012	-1.446968E-012	0	0.000000E+000
3	232.88926275	-1.524833E-012	-2.524089E-012	-1	0.000000E+000
3	232.89085082	-2.524089E-012	-1.436538E-012	0	0.000000E+000
3	232.89436884	-1.436538E-012	-2.132323E-012	-1	0.000000E+000
3	232.89765685	-2.132323E-012	-1.487635E-012	0	0.000000E+000
3	232.95689884	-1.462689E-012	-2.397461E-012	-1	0.000000E+000
3	232.95825015	-2.397461E-012	-1.486481E-012	0	0.000000E+000
3	232.96044576	-1.486481E-012	-2.389380E-012	-1	0.000000E+000
3	232.96326500	-2.389380E-012	-1.459098E-012	0	0.000000E+000
3	232.96939756	-1.451996E-012	-2.248945E-012	-1	0.000000E+000
3	232.96982863	-2.248945E-012	-1.429110E-012	0	0.000000E+000
3	232.97918350	-1.454028E-012	-2.120266E-012	-1	0.000000E+000
3	232.97959124	-2.120266E-012	-1.475590E-012	0	0.000000E+000
3	232.98096385	-1.475590E-012	-2.180640E-012	-1	0.000000E+000
3	232.98322298	-2.180640E-012	-1.409093E-012	0	0.000000E+000
3	232.98776576	-1.409093E-012	-2.358942E-012	-1	0.000000E+000
3	232.99358793	-2.267246E-012	-1.350754E-012	0	0.000000E+000
3	232.99467610	-1.350754E-012	-2.446493E-012	-1	0.000000E+000
3	232.99656427	-2.446493E-012	-1.507406E-012	0	0.000000E+000
3	233.00296990	-1.494171E-012	-2.575195E-012	-1	0.000000E+000
3	233.00452219	-2.575195E-012	-1.462618E-012	0	0.000000E+000
3	233.07668012	-1.376466E-012	-2.078150E-012	-1	0.000000E+000
3	233.07694528	-2.078150E-012	-1.389510E-012	0	0.000000E+000
3	233.10042907	-1.395067E-012	-2.229259E-012	-1	0.000000E+000
3	233.10300497	-2.229259E-012	-1.430632E-012	0	0.000000E+000
3	233.11949271	-1.415121E-012	-2.199841E-012	-1	0.000000E+000
3	233.11986391	-2.199841E-012	-1.458574E-012	0	0.000000E+000
3	233.12130712	-1.458574E-012	-2.477160E-012	-1	0.000000E+000
3	233.12248921	-2.477160E-012	-1.462589E-012	0	0.000000E+000
3	233.14181788	-1.395450E-012	-2.257471E-012	-1	0.000000E+000
3	233.14238651	-2.257471E-012	-1.454696E-012	0	0.000000E+000
3	233.18478160	-1.350380E-012	-2.358274E-012	-1	0.000000E+000
3	233.19102115	-2.261692E-012	-1.384367E-012	0	0.000000E+000
3	233.19150867	-1.384367E-012	-2.200315E-012	-1	0.000000E+000
3	233.19243661	-2.200315E-012	-1.384367E-012	0	0.000000E+000
3	233.27207090	-1.367490E-012	-1.998059E-012	-1	0.000000E+000
3	233.27250770	-1.998059E-012	-1.365575E-012	0	0.000000E+000
3	233.27468257	-1.365575E-012	-2.311723E-012	-1	0.000000E+000
3	233.27570074	-2.311723E-012	-1.337809E-012	0	0.000000E+000
3	233.28965872	-1.372830E-012	-2.282106E-012	-1	0.000000E+000
3	233.29152049	-2.282106E-012	-1.244411E-012	0	0.000000E+000
3	233.30563229	-1.431259E-012	-2.198934E-012	-1	0.000000E+000
3	233.30923093	-2.198934E-012	-1.325665E-012	0	0.000000E+000
3	233.31001272	-1.325665E-012	-2.212031E-012	-1	0.000000E+000
3	233.31163391	-2.212031E-012	-1.328789E-012	0	0.000000E+000
3	233.38201636	-1.358173E-012	-2.184915E-012	-1	0.000000E+000
3	233.38254874	-2.184915E-012	-1.325986E-012	0	0.000000E+000
3	233.48595000	-1.325986E-012	-2.252293E-012	-1	0.000000E+000
3	233.48710504	-2.252293E-012	-1.236945E-012	0	0.000000E+000
3	233.56392687	-1.173879E-012	-2.115783E-012	-1	0.000000E+000
3	233.56450401	-2.115783E-012	-1.132345E-012	0	0.000000E+000
3	233.56911704	-1.132345E-012	-2.049370E-012	-1	0.000000E+000
3	233.56972580	-2.049370E-012	-1.182486E-012	0	0.000000E+000
3	233.57278731	-1.182486E-012	-2.109238E-012	-1	0.000000E+000
3	233.57513574	-2.109238E-012	-1.144713E-012	0	0.000000E+000
3	233.57621275	-1.144713E-012	-2.077959E-012	-1	0.000000E+000
3	233.58882802	-2.089398E-012	-1.214354E-012	0	0.000000E+000
3	233.58935000	-1.214354E-012	-2.134866E-012	-1	0.000000E+000
3	233.60855969	-2.146319E-012	-1.199136E-012	0	0.000000E+000
3	233.63656999	-1.201043E-012	-2.028940E-012	-1	0.000000E+000
3	233.65110705	-2.028940E-012	-1.179611E-012	0	0.000000E+000
3	233.65369189	-1.179611E-012	-2.066342E-012	-1	0.000000E+000
3	233.67406930	-2.164483E-012	-1.150098E-012	0	0.000000E+000
3	233.67496880	-1.150098E-012	-2.099877E-012	-1	0.000000E+000
3	233.68333760	-2.130412E-012	-1.285721E-012	0	0.000000E+000
3	233.68387423	-1.285721E-012	-2.188546E-012	-1	0.000000E+000
3	233.69020000	-2.188546E-012	-1.286443E-012	0	0.000000E+000
3	233.69076791	-1.286443E-012	-2.290988E-012	-1	0.000000E+000
3	233.70065039	-2.168202E-012	-1.185561E-012	0	0.000000E+000
3	233.74809455	-1.161855E-012	-1.981976E-012	-1	0.000000E+000
3	233.74921899	-1.981976E-012	-1.168502E-012	0	0.000000E+000
3	233.75956531	-1.196004E-012	-1.975085E-012	-1	0.000000E+000
3	233.75997585	-1.975085E-012	-1.202078E-012	0	0.000000E+000
3	233.76526868	-1.216233E-012	-2.268469E-012	-1	0.000000E+000
3	233.76607283	-2.268469E-012	-1.154006E-012	0	0.000000E+000
3	233.76766753	-1.154006E-012	-1.984813E-012	-1	0.000000E+000
3	233.76836074	-1.984813E-012	-1.150942E-012	0	0.000000E+000
3	233.82486264	-1.264371E-012	-2.232674E-012	-1	0.000000E+000
3	233.82632096	-2.232674E-012	-1.204252E-012	0	0.000000E+000
3	233.83080897	-1.252045E-012	-2.156507E-012	-1	0.000000E+000
3	233.83140905	-2.156507E-012	-1.172447E-012	0	0.000000E+000
3	233.83373661	-1.172447E-012	-1.985118E-012	-1	0.000000E+000
3	233.83470658	-1.985118E-012	-1.231084E-012	0	0.000000E+000
3	233.83832111	-1.231084E-012	-1.872994E-012	-1	0.000000E+000
3	233.83898665	-1.872994E-012	-1.174369E-012	0	0.000000E+000
3	233.84413645	-1.181125E-012	-1.952159E-012	-1	0.000000E+000
3	233.84791122	-2.092986E-012	-1.220951E-012	0	0.000000E+000
3	233.90881324	-1.221005E-012	-2.170185E-012	-1	0.000000E+000
3	233.90935943	-2.170185E-012	-1.151082E-012	0	0.000000E+000
3	234.03521227	-1.202170E-012	-2.339925E-012	-1	0.000000E+000
3	234.03740958	-2.339925E-012	-1.190172E-012	0	0.000000E+000
3	234.04033090	-1.190172E-012	-1.898900E-012	-1	0.000000E+000
3	234.04063600	-1.898900E-012	-1.205955E-012	0	0.000000E+000
3	234.09054163	-1.171501E-012	-2.299519E-012	-1	0.000000E+000
3	234.09242733	-2.299519E-012	-1.091056E-012	0	0.000000E+000
3	234.09532864	-1.091056E-012	-2.037878E-012	-1	0.000000E+000
3	234.09825590	-2.037878E-012	-1.146743E-012	0	0.000000E+000
3	234.10299088	-1.146743E-012	-2.177292E-012	-1	0.000000E+000
3	234.10389408	-2.177292E-012	-1.195368E-012	0	0.000000E+000
3	234.11589934	-1.197876E-012	-1.971969E-012	-1	0.000000E+000
3	234.11718977	-1.971969E-012	-1.142029E-012	0	0.000000E+000
3	234.11788039	-1.142029E-012	-1.998532E-012	-1	0.000000E+000
3	234.11866105	-1.998532E-012	-1.192563E-012	0	0.000000E+000
3	234.11935574	-1.192563E-012	-2.180098E-012	-1	0.000000E+000
3	234.12044793	-2.180098E-012	-1.151574E-012	0	0.000000E+000
3	234.12613076	-1.151574E-012	-2.184033E-012	-1	0.000000E+000
3	234.12733996	-2.184033E-012	-1.178672E-012	0	0.000000E+000
3	234.19955287	-1.309395E-012	-2.095758E-012	-1	0.000000E+000
3	234.20088020	-2.095758E-012	-1.274116E-012	0	0.000000E+000
3	234.20293403	-1.274116E-012	-2.192589E-012	-1	0.000000E+000
3	234.20342777	-2.192589E-012	-1.330287E-012	0	0.000000E+000
3	234.21011833	-1.286553E-012	-1.956211E-012	-1	0.000000E+000
3	234.21084176	-1.956211E-012	-1.325330E-012	0	0.000000E+000
3	234.21715495	-1.317944E-012	-2.308889E-012	-1	0.000000E+000
3	234.21827938	-2.308889E-012	-1.330843E-012	0	0.000000E+000
3	234.24090173	-1.178510E-012	-2.219533E-012	-1	0.000000E+000
3	234.24196457	-2.219533E-012	-1.182689E-012	0	0.000000E+000
3	234.24439612	-1.182689E-012	-2.032195E-012	-1	0.000000E+000
3	234.24565124	-1.777516E-012	-1.116589E-012	0	0.000000E+000
3	234.24634691	-1.116589E-012	-2.145509E-012	-1	0.000000E+000
3	234.24768880	-2.032195E-012	-1.183936E-012	0	0.000000E+000
3	234.33137493	-1.230718E-012	-2.106721E-012	-1	0.000000E+000
3	234.33241575	-2.106721E-012	-1.216603E-012	0	0.000000E+000
3	234.35191558	-1.204441E-012	-1.864151E-012	-1	0.000000E+000
3	234.35265293	-1.864151E-012	-1.216879E-012	0	0.000000E+000
3	234.36339883	-1.131967E-012	-1.971054E-012	-1	0.000000E+000
3	234.36387543	-1.971054E-012	-1.160190E-012	0	0.000000E+000
3	234.37436282	-1.212160E-012	-2.125201E-012	-1	0.000000E+000
3	234.38392873	-2.078441E-012	-1.214266E-012	0	0.000000E+000
3	234.38454470	-1.214266E-012	-2.075041E-012	-1	0.000000E+000
3	234.38920548	-2.061475E-012	-1.166285E-012	0	0.000000E+000
3	234.39136411	-1.166285E-012	-2.036099E-012	-1	0.000000E+000
3	234.39327500	-2.036099E-012	-1.120694E-012	0	0.000000E+000
3	234.39476012	-1.120694E-012	-2.102551E-012	-1	0.000000E+000
3	234.41161566	-2.037220E-012	-1.072959E-012	0	0.000000E+000
3	234.41233337	-1.072959E-012	-2.090059E-012	-1	0.000000E+000
3	234.41420558	-2.090059E-012	-1.211972E-012	0	0.000000E+000
3	234.41472500	-1.211972E-012	-1.996919E-012	-1	0.000000E+000
3	234.42226886	-2.164141E-012	-1.181027E-012	0	0.000000E+000
3	234.43030405	-1.183409E-012	-2.205716E-012	-1	0.000000E+000
3	234.43884897	-2.168286E-012	-1.224257E-012	0	0.000000E+000
3	234.45243732	-1.146006E-012	-2.208525E-012	-1	0.000000E+000
3	234.45343992	-2.208525E-012	-1.208768E-012	0	0.000000E+000
3	234.45695823	-1.208768E-012	-2.175234E-012	-1	0.000000E+000
3	234.46167820	-2.336123E-012	-1.195548E-012	0	0.000000E+000
3	234.46813434	-1.210154E-012	-2.192091E-012	-1	0.000000E+000
3	234.46925826	-2.192091E-012	-1.158884E-012	0	0.000000E+000
3	234.53500620	-1.210477E-012	-1.946002E-012	-1	0.000000E+000
3	234.53550000	-1.946002E-012	-1.225196E-012	0	0.000000E+000
3	234.53615961	-1.225196E-012	-1.946002E-012	-1	0.000000E+000
3	234.54670218	-2.234141E-012	-1.256106E-012	0	0.000000E+000
3	234.54722500	-1.256106E-012	-2.138100E-012	-1	0.000000E+000
3	234.55368322	-2.189922E-012	-1.282492E-012	0	0.000000E+000
3	234.55659012	-1.282492E-012	-2.173767E-012	-1	0.000000E+000
3	234.55820539	-2.173767E-012	-1.303615E-012	0	0.000000E+000
3	234.56771088	-1.315423E-012	-2.093011E-012	-1	0.000000E+000
3	234.56827044	-2.093011E-012	-1.190859E-012	0	0.000000E+000
3	234.57423016	-1.185885E-012	-2.025662E-012	-1	0.000000E+000
3	234.57466093	-2.025662E-012	-1.123633E-012	0	0.000000E+000
3	234.66390354	-1.123633E-012	-2.059382E-012	-1	0.000000E+000
3	234.66654062	-2.059382E-012	-1.145076E-012	0	0.000000E+000
3	234.67572108	-1.170209E-012	-2.036113E-012	-1	0.000000E+000
3	234.68009938	-2.036113E-012	-1.176549E-012	0	0.000000E+000
3	234.69498026	-1.139343E-012	-2.093982E-012	-1	0.000000E+000
3	234.69649965	-2.093982E-012	-1.241177E-012	0	0.000000E+000
3	234.69732309	-1.241177E-012	-2.030054E-012	-1	0.000000E+000
3	234.69803461	-2.030054E-012	-1.181544E-012	0	0.000000E+000
3	234.71631623	-1.146622E-012	-2.141347E-012	-1	0.000000E+000
3	234.71680700	-2.141347E-012	-1.166239E-012	0	0.000000E+000
3	234.79447713	-1.223470E-012	-1.993703E-012	-1	0.000000E+000
3	234.79700527	-1.993703E-012	-1.154941E-012	0	0.000000E+000
3	234.80187670	-1.248373E-012	-2.255842E-012	-1	0.000000E+000
3	234.80282397	-2.255842E-012	-1.130593E-012	0	0.000000E+000
3	234.82376336	-1.242052E-012	-2.120427E-012	-1	0.000000E+000
3	234.82429313	-2.120427E-012	-1.184319E-012	0	0.000000E+000
3	234.85059840	-1.157515E-012	-2.076293E-012	-1	0.000000E+000
3	234.85099985	-2.076293E-012	-1.158157E-012	0	0.000000E+000
3	234.87916943	-1.176410E-012	-2.100312E-012	-1	0.000000E+000
3	234.88385007	-2.159151E-012	-1.271301E-012	0	0.000000E+000
3	234.88865492	-1.231536E-012	-1.919470E-012	-1	0.000000E+000
3	234.88901648	-1.919470E-012	-1.224352E-012	0	0.000000E+000
3	234.89819512	-1.168308E-012	-1.832769E-012	-1	0.000000E+000
3	234.89857223	-1.832769E-012	-1.193934E-012	0	0.000000E+000
3	234.96150067	-1.148755E-012	-1.878596E-012	-1	0.000000E+000
3	234.96190237	-1.878596E-012	-1.259218E-012	0	0.000000E+000
3	234.99752605	-1.232951E-012	-2.005320E-012	-1	0.000000E+000
3	234.99801568	-2.005320E-012	-1.223490E-012	0	0.000000E+000
3	235.01285543	-1.177807E-012	-2.126534E-012	-1	0.000000E+000
3	235.01334713	-2.126534E-012	-1.145722E-012	0	0.000000E+000
3	235.08024632	-1.219106E-012	-2.243883E-012	-1	0.000000E+000
3	235.08179047	-2.243883E-012	-1.197844E-012	0	0.000000E+000
3	235.13710103	-1.140312E-012	-2.131918E-012	-1	0.000000E+000
3	235.13823935	-2.131918E-012	-1.151661E-012	0	0.000000E+000
3	235.14093439	-1.151661E-012	-2.078937E-012	-1	0.000000E+000
3	235.14177417	-2.078937E-012	-1.129338E-012	0	0.000000E+000
3	235.15846844	-1.205410E-012	-2.189463E-012	-1	0.000000E+000
3	235.15931400	-2.189463E-012	-1.190498E-012	0	0.000000E+000
3	235.17139050	-1.201626E-012	-2.241589E-012	-1	0.000000E+000
3	235.17195520	-2.241589E-012	-1.266557E-012	0	0.000000E+000
3	235.19556422	-1.217744E-012	-1.997119E-012	-1	0.000000E+000
3	235.19589667	-1.997119E-012	-1.200487E-012	0	0.000000E+000
3	235.20292331	-1.183564E-012	-2.189113E-012	-1	0.000000E+000
3	235.20385735	-2.189113E-012	-1.170456E-012	0	0.000000E+000
3	235.20707583	-1.170456E-012	-2.042135E-012	-1	0.000000E+000
3	235.21140108	-2.042135E-012	-1.229126E-012	0	0.000000E+000
3	235.21198753	-1.229126E-012	-2.167313E-012	-1	0.000000E+000
3	235.21389884	-2.167313E-012	-1.201318E-012	0	0.000000E+000
3	235.25652477	-1.228423E-012	-2.208211E-012	-1	0.000000E+000
3	235.25739150	-2.208211E-012	-1.225384E-012	0	0.000000E+000
3	235.25895213	-1.225384E-012	-2.218538E-012	-1	0.000000E+000
3	235.26267658	-2.218538E-012	-1.198217E-012	0	0.000000E+000
3	235.26469122	-1.198217E-012	-2.238104E-012	-1	0.000000E+000
3	235.27011012	-2.195994E-012	-1.172344E-012	0	0.000000E+000
3	235.27615776	-1.202463E-012	-2.140938E-012	-1	0.000000E+000
3	235.27727782	-2.149881E-012	-1.241764E-012	0	0.000000E+000
3	235.27815282	-1.241764E-012	-2.140938E-012	-1	0.000000E+000
3	235.27974862	-2.140938E-012	-1.154550E-012	0	0.000000E+000
3	235.28067437	-1.154550E-012	-2.048860E-012	-1	0.000000E+000
3	235.28152949	-2.048860E-012	-1.154550E-012	0	0.000000E+000
3	235.28872021	-1.167350E-012	-2.041734E-012	-1	0.000000E+000
3	235.28967952	-2.041734E-012	-1.183645E-012	0	0.000000E+000
3	235.30642753	-1.168163E-012	-2.114870E-012	-1	0.000000E+000
3	235.30724105	-2.114870E-012	-1.090672E-012	0	0.000000E+000
3	235.30838596	-1.090672E-012	-2.114870E-012	-1	0.000000E+000
3	235.31025876	-2.114870E-012	-1.136312E-012	0	0.000000E+000
3	235.31356225	-1.136312E-012	-2.216952E-012	-1	0.000000E+000
3	235.31589387	-2.216952E-012	-1.180158E-012	0	0.000000E+000
3	235.31661440	-1.180158E-012	-2.267613E-012	-1	0.000000E+000
3	235.31761713	-2.267613E-012	-1.170814E-012	0	0.000000E+000
3	235.31835822	-1.170814E-012	-2.267613E-012	-1	0.000000E+000
3	235.32076347	-2.267613E-012	-1.177262E-012	0	0.000000E+000
3	235.33886789	-1.148620E-012	-1.945417E-012	-1	0.000000E+000
3	235.33921636	-1.945417E-012	-1.156762E-012	0	0.000000E+000
3	235.34448538	-1.211608E-012	-2.198764E-012	-1	0.000000E+000
3	235.34551586	-2.198764E-012	-1.170129E-012	0	0.000000E+000
3	235.38930016	-1.174289E-012	-2.085309E-012	-1	0.000000E+000
3	235.39137721	-2.085309E-012	-1.206411E-012	0	0.000000E+000
3	235.41545029	-1.184229E-012	-2.213697E-012	-1	0.000000E+000
3	235.42614077	-2.145495E-012	-1.186091E-012	0	0.000000E+000
3	235.43103295	-1.186091E-012	-2.047800E-012	-1	0.000000E+000
3	235.43284107	-2.047800E-012	-1.177744E-012	0	0.000000E+000
3	235.49022863	-1.259692E-012	-2.351148E-012	-1	0.000000E+000
3	235.49111560	-2.351148E-012	-1.225210E-012	0	0.000000E+000
3	235.49217823	-1.312795E-012	-2.055173E-012	-1	0.000000E+000
3	235.49262429	-2.055173E-012	-1.225210E-012	0	0.000000E+000
3	235.49595328	-1.225210E-012	-2.328037E-012	-1	0.000000E+000
3	235.49783402	-2.328037E-012	-1.239565E-012	0	0.000000E+000
3	235.53059974	-1.188562E-012	-2.104013E-012	-1	0.000000E+000
3	235.53505523	-2.104013E-012	-1.265620E-012	0	0.000000E+000
3	235.55164950	-1.159079E-012	-2.015544E-012	-1	0.000000E+000
3	235.55201523	-2.015544E-012	-1.237224E-012	0	0.000000E+000
3	235.61039962	-1.222320E-012	-2.280439E-012	-1	0.000000E+000
3	235.61103343	-2.280439E-012	-1.162741E-012	0	0.000000E+000
3	235.61482728	-1.162741E-012	-2.141641E-012	-1	0.000000E+000
3	235.61725867	-2.141641E-012	-1.146674E-012	0	0.000000E+000
3	235.62469107	-1.146674E-012	-2.075034E-012	-1	0.000000E+000
3	235.62550068	-2.075034E-012	-1.194896E-012	0	0.000000E+000
3	235.63103715	-1.181310E-012	-2.005639E-012	-1	0.000000E+000
3	235.63565000	-2.005639E-012	-1.236142E-012	0	0.000000E+000
3	235.64051163	-1.236142E-012	-2.327368E-012	-1	0.000000E+000
3	235.64158693	-2.327368E-012	-1.259533E-012	0	0.000000E+000
3	235.64452229	-1.259533E-012	-2.356216E-012	-1	0.000000E+000
3	235.64568382	-2.356216E-012	-1.202204E-012	0	0.000000E+000
3	235.65234226	-1.260742E-012	-2.159912E-012	-1	0.000000E+000
3	235.65309507	-2.159912E-012	-1.216720E-012	0	0.000000E+000
3	235.65385352	-1.216720E-012	-2.154105E-012	-1	0.000000E+000
3	235.65781464	-2.154105E-012	-1.233167E-012	0	0.000000E+000
3	235.67867478	-1.149098E-012	-2.211929E-012	-1	0.000000E+000
3	235.68067674	-2.211929E-012	-1.230013E-012	0	0.000000E+000
3	235.68224002	-1.210114E-012	-1.967423E-012	-1	0.000000E+000
3	235.68268606	-1.967423E-012	-1.230013E-012	0	0.000000E+000
3	235.70335724	-1.186217E-012	-2.323287E-012	-1	0.000000E+000
3	235.70576747	-2.323287E-012	-1.231117E-012	0	0.000000E+000
3	235.71788381	-1.214116E-012	-2.175596E-012	-1	0.000000E+000
3	235.72092377	-2.175596E-012	-1.256898E-012	0	0.000000E+000
3	235.73619156	-1.240935E-012	-2.143005E-012	-1	0.000000E+000
3	235.73704360	-2.143005E-012	-1.174272E-012	0	0.000000E+000
3	235.77220695	-1.228425E-012	-2.178262E-012	-1	0.000000E+000
3	235.77373838	-2.178262E-012	-1.170008E-012	0	0.000000E+000
3	235.77893813	-1.205924E-012	-2.312164E-012	-1	0.000000E+000
3	235.78511121	-2.196951E-012	-1.172773E-012	0	0.000000E+000
3	235.80116662	-1.139854E-012	-2.147539E-012	-1	0.000000E+000
3	235.81058694	-2.147539E-012	-1.184784E-012	0	0.000000E+000
3	235.82848350	-1.259365E-012	-2.047294E-012	-1	0.000000E+000
3	235.82890092	-2.047294E-012	-1.146018E-012	0	0.000000E+000
3	235.83311610	-1.146018E-012	-2.123896E-012	-1	0.000000E+000
3	235.83433419	-2.123896E-012	-1.244424E-012	0	0.000000E+000
3	235.85794617	-1.136800E-012	-1.958048E-012	-1	0.000000E+000
3	235.85842202	-1.958048E-012	-1.204218E-012	0	0.000000E+000
3	235.85933697	-1.204218E-012	-2.164589E-012	-1	0.000000E+000
3	235.86013547	-2.164589E-012	-1.173882E-012	0	0.000000E+000
3	235.97386442	-1.284792E-012	-1.923041E-012	-1	0.000000E+000
3	235.97433076	-1.923041E-012	-1.221847E-012	0	0.000000E+000
3	235.98671279	-1.223700E-012	-2.281165E-012	-1	0.000000E+000
3	235.98728352	-2.281165E-012	-1.201316E-012	0	0.000000E+000
3	235.98917802	-1.201316E-012	-2.036074E-012	-1	0.000000E+000
3	235.98971456	-2.036074E-012	-1.247971E-012	0	0.000000E+000
3	235.99240000	-1.247971E-012	-2.236552E-012	-1	0.000000E+000
3	235.99386469	-2.236552E-012	-1.256864E-012	0	0.000000E+000
3	236.02427307	-1.218215E-012	-2.045078E-012	-1	0.000000E+000
3	236.02517266	-2.045078E-012	-1.192739E-012	0	0.000000E+000
3	236.03653455	-1.258395E-012	-2.239976E-012	-1	0.000000E+000
3	236.03795849	-2.239976E-012	-1.239215E-012	0	0.000000E+000
3	236.05094073	-1.267315E-012	-2.124955E-012	-1	0.000000E+000
3	236.05143798	-2.124955E-012	-1.236797E-012	0	0.000000E+000
3	236.05245612	-1.354679E-012	-2.152494E-012	-1	0.000000E+000
3	236.05334926	-2.152494E-012	-1.236797E-012	0	0.000000E+000
3	236.07752669	-1.236797E-012	-2.231365E-012	-1	0.000000E+000
3	236.07803329	-2.231365E-012	-1.323346E-012	0	0.000000E+000
3	236.07943722	-1.323346E-012	-2.231895E-012	-1	0.000000E+000
3	236.10146128	-2.325777E-012	-1.269770E-012	0	0.000000E+000
3	236.10219358	-1.269770E-012	-1.960324E-012	-1	0.000000E+000
3	236.10439449	-1.960324E-012	-1.192089E-012	0	0.000000E+000
3	236.10975644	-1.208079E-012	-2.102923E-012	-1	0.000000E+000
3	236.11030709	-2.102923E-012	-1.164656E-012	0	0.000000E+000
3	236.11451212	-1.244244E-012	-2.038069E-012	-1	0.000000E+000
3	236.11562061	-2.065223E-012	-1.174696E-012	0	0.000000E+000
3	236.11683021	-1.174696E-012	-2.185161E-012	-1	0.000000E+000
3	236.15084764	-2.018629E-012	-1.188741E-012	0	0.000000E+000
3	236.22888828	-1.188741E-012	-2.120914E-012	-1	0.000000E+000
3	236.23116074	-2.120914E-012	-1.228881E-012	0	0.000000E+000
3	236.24211218	-1.215166E-012	-2.286734E-012	-1	0.000000E+000
3	236.24380441	-2.286734E-012	-1.310336E-012	0	0.000000E+000
3	236.24900892	-1.229518E-012	-2.092730E-012	-1	0.000000E+000
3	236.24972923	-2.092730E-012	-1.335542E-012	0	0.000000E+000
3	236.25054776	-1.335542E-012	-2.092730E-012	-1	0.000000E+000
3	236.25370817	-2.064826E-012	-1.232375E-012	0	0.000000E+000
3	236.25748845	-1.232375E-012	-2.219607E-012	-1	0.000000E+000
3	236.26432615	-2.219607E-012	-1.226489E-012	0	0.000000E+000
3	236.30521837	-1.189002E-012	-1.941236E-012	-1	0.000000E+000
3	236.33093107	-1.851039E-012	-1.152684E-012	0	0.000000E+000
3	236.34442190	-1.248102E-012	-1.944334E-012	-1	0.000000E+000
3	236.34490000	-1.944334E-012	-1.194383E-012	0	0.000000E+000
3	236.34560933	-1.194383E-012	-1.944334E-012	-1	0.000000E+000
3	236.36197474	-1.798956E-012	-1.184641E-012	0	0.000000E+000
3	236.36245000	-1.184641E-012	-1.801098E-012	-1	0.000000E+000
3	236.36320011	-1.801098E-012	-1.184641E-012	0	0.000000E+000
3	236.50360955	-1.295673E-012	-2.386813E-012	-1	0.000000E+000
3	236.50443341	-2.386813E-012	-1.326173E-012	0	0.000000E+000
3	236.50705211	-1.326173E-012	-1.977694E-012	-1	0.000000E+000
3	236.50735845	-1.977694E-012	-1.208625E-012	0	0.000000E+000
3	236.50910870	-1.208625E-012	-2.089505E-012	-1	0.000000E+000
3	236.50961153	-2.089505E-012	-1.204105E-012	0	0.000000E+000
3	236.52507155	-1.388242E-012	-2.386618E-012	-1	0.000000E+000
3	236.52703016	-2.386618E-012	-1.245966E-012	0	0.000000E+000
3	236.55880587	-1.215569E-012	-2.138021E-012	-1	0.000000E+000
3	236.56224376	-2.138021E-012	-1.119983E-012	0	0.000000E+000
3	236.56768451	-1.224233E-012	-2.373705E-012	-1	0.000000E+000
3	236.56965236	-2.373705E-012	-1.158388E-012	0	0.000000E+000
3	236.57536470	-1.187111E-012	-1.958682E-012	-1	0.000000E+000
3	236.57578075	-1.958682E-012	-1.217725E-012	0	0.000000E+000
3	236.57804107	-1.217725E-012	-2.048339E-012	-1	0.000000E+000
3	236.57857434	-2.048339E-012	-1.153700E-012	0	0.000000E+000
3	236.58329029	-1.111614E-012	-2.120135E-012	-1	0.000000E+000
3	236.58722043	-2.120135E-012	-1.196255E-012	0	0.000000E+000
3	236.58788222	-1.196255E-012	-2.057965E-012	-1	0.000000E+000
3	236.59052176	-2.057965E-012	-1.273249E-012	0	0.000000E+000
3	236.59866545	-1.374019E-012	-2.142629E-012	-1	0.000000E+000
3	236.60172500	-2.142629E-012	-1.363180E-012	0	0.000000E+000
3	236.68894424	-1.214072E-012	-2.002124E-012	-1	0.000000E+000
3	236.68949690	-2.002124E-012	-1.181323E-012	0	0.000000E+000
3	236.70027869	-1.199551E-012	-1.993537E-012	-1	0.000000E+000
3	236.70080000	-1.993537E-012	-1.200384E-012	0	0.000000E+000
3	236.70172986	-1.200384E-012	-1.993537E-012	-1	0.000000E+000
3	236.70600000	-1.993537E-012	-1.270550E-012	0	0.000000E+000
3	236.71571602	-1.261345E-012	-2.225112E-012	-1	0.000000E+000
3	236.71728403	-2.225112E-012	-1.202378E-012	0	0.000000E+000
3	236.71780000	-1.202378E-012	-2.128044E-012	-1	0.000000E+000
3	236.71801893	-2.128044E-012	-1.211748E-012	0	0.000000E+000
3	236.73751064	-1.274631E-012	-1.987669E-012	-1	0.000000E+000
3	236.73823146	-1.987669E-012	-1.229883E-012	0	0.000000E+000
3	236.74078571	-1.229883E-012	-2.018232E-012	-1	0.000000E+000
3	236.74161920	-2.018232E-012	-1.203712E-012	0	0.000000E+000
3	236.74309121	-1.203712E-012	-2.021162E-012	-1	0.000000E+000
3	236.74349016	-2.021162E-012	-1.229577E-012	0	0.000000E+000
3	236.75146847	-1.292686E-012	-2.170283E-012	-1	0.000000E+000
3	236.75342676	-2.170283E-012	-1.220730E-012	0	0.000000E+000
3	236.76432306	-1.231897E-012	-2.038711E-012	-1	0.000000E+000
3	236.76477319	-2.038711E-012	-1.231625E-012	0	0.000000E+000
3	236.76657183	-1.272933E-012	-2.117605E-012	-1	0.000000E+000
3	236.76847531	-2.117605E-012	-1.302402E-012	0	0.000000E+000
3	236.76892494	-1.302402E-012	-2.245570E-012	-1	0.000000E+000
3	236.77502137	-2.286849E-012	-1.209290E-012	0	0.000000E+000
3	236.77608888	-1.209290E-012	-2.265676E-012	-1	0.000000E+000
3	236.80340540	-2.265676E-012	-1.295274E-012	0	0.000000E+000
3	236.81682704	-1.360409E-012	-1.928942E-012	-1	0.000000E+000
3	236.82823389	-1.974722E-012	-1.341861E-012	0	0.000000E+000
3	236.83638175	-1.317791E-012	-1.972859E-012	-1	0.000000E+000
3	236.84562942	-2.112423E-012	-1.399222E-012	0	0.000000E+000
3	236.85493460	-1.302262E-012	-2.036309E-012	-1	0.000000E+000
3	236.85567113	-2.036309E-012	-1.432683E-012	0	0.000000E+000
3	236.85903163	-1.432683E-012	-2.447283E-012	-1	0.000000E+000
3	236.85988542	-2.447283E-012	-1.328885E-012	0	0.000000E+000
3	236.92507427	-1.253143E-012	-1.997661E-012	-1	0.000000E+000
3	236.93137124	-1.997661E-012	-1.221813E-012	0	0.000000E+000
3	236.93239675	-1.290867E-012	-2.036945E-012	-1	0.000000E+000
3	236.93357161	-2.036945E-012	-1.240663E-012	0	0.000000E+000
3	236.94224104	-1.300182E-012	-2.135893E-012	-1	0.000000E+000
3	236.95077301	-2.135893E-012	-1.307318E-012	0	0.000000E+000
3	236.96114260	-1.318580E-012	-2.183323E-012	-1	0.000000E+000
3	236.96162500	-2.183323E-012	-1.166620E-012	0	0.000000E+000
3	236.96268000	-1.166620E-012	-2.183323E-012	-1	0.000000E+000
3	236.96715657	-2.267897E-012	-1.266850E-012	0	0.000000E+000
3	236.96765000	-1.266850E-012	-2.105009E-012	-1	0.000000E+000
3	236.98220052	-2.105009E-012	-1.176195E-012	0	0.000000E+000
3	236.98415840	-1.176195E-012	-2.039819E-012	-1	0.000000E+000
3	236.98798590	-2.039819E-012	-1.208609E-012	0	0.000000E+000
3	236.99046881	-1.208609E-012	-2.225622E-012	-1	0.000000E+000
3	236.99177862	-2.225622E-012	-1.294183E-012	0	0.000000E+000
3	236.99255498	-1.294183E-012	-2.013219E-012	-1	0.000000E+000
3	236.99457500	-2.013219E-012	-1.319875E-012	0	0.000000E+000
3	236.99480568	-1.319875E-012	-2.069207E-012	-1	0.000000E+000
3	237.00523738	-2.107222E-012	-1.209065E-012	0	0.000000E+000
3	237.00567613	-1.209065E-012	-1.947766E-012	-1	0.000000E+000
3	237.00805511	-1.947766E-012	-1.196621E-012	0	0.000000E+000
3	237.00861298	-1.196621E-012	-2.117347E-012	-1	0.000000E+000
3	237.00932019	-2.117347E-012	-1.196621E-012	0	0.000000E+000
3	237.01199399	-1.196621E-012	-2.055078E-012	-1	0.000000E+000
3	237.01389948	-2.055078E-012	-1.163068E-012	0	0.000000E+000
3	237.01531939	-1.163068E-012	-2.088598E-012	-1	0.000000E+000
3	237.01715899	-2.088598E-012	-1.198193E-012	0	0.000000E+000
3	237.01765768	-1.198193E-012	-2.370329E-012	-1	0.000000E+000
3	237.02406931	-2.370329E-012	-1.235801E-012	0	0.000000E+000
3	237.02626271	-1.235801E-012	-2.112384E-012	-1	0.000000E+000
3	237.02700300	-2.112384E-012	-1.189792E-012	0	0.000000E+000
3	237.03284099	-1.167408E-012	-2.182032E-012	-1	0.000000E+000
3	237.03518149	-2.182032E-012	-1.257351E-012	0	0.000000E+000
3	237.03570000	-1.257351E-012	-2.104995E-012	-1	0.000000E+000
3	237.04190747	-2.061109E-012	-1.238597E-012	0	0.000000E+000
3	237.04240000	-1.238597E-012	-2.079897E-012	-1	0.000000E+000
3	237.04550012	-2.079897E-012	-1.178893E-012	0	0.000000E+000
3	237.04621065	-1.178893E-012	-2.080048E-012	-1	0.000000E+000
3	237.04839841	-2.080048E-012	-1.270596E-012	0	0.000000E+000
3	237.04896586	-1.270596E-012	-2.195272E-012	-1	0.000000E+000
3	237.06039125	-2.195272E-012	-1.244481E-012	0	0.000000E+000
3	237.06090000	-1.244481E-012	-2.090817E-012	-1	0.000000E+000
3	237.06140000	-2.090817E-012	-1.184587E-012	0	0.000000E+000
3	237.06233125	-1.184587E-012	-2.090817E-012	-1	0.000000E+000
3	237.08369197	-2.140534E-012	-1.218031E-012	0	0.000000E+000
3	237.09239717	-1.303236E-012	-2.080817E-012	-1	0.000000E+000
3	237.09318493	-2.080817E-012	-1.186298E-012	0	0.000000E+000
3	237.10267006	-1.270898E-012	-2.255002E-012	-1	0.000000E+000
3	237.10406881	-2.255002E-012	-1.335415E-012	0	0.000000E+000
3	237.14333058	-1.168579E-012	-2.362686E-012	-1	0.000000E+000
3	237.14658397	-2.362686E-012	-1.344129E-012	0	0.000000E+000
