1	9.33280222	-2.249582E-013	-1.016168E-012	-1	0.000000E+000
1	9.33411621	-9.559528E-013	-2.329236E-013	0	0.000000E+000
1	13.36304937	-3.339183E-013	-7.964467E-013	-1	0.000000E+000
1	13.36430000	-7.964467E-013	-2.634380E-013	0	0.000000E+000
1	13.54359933	-3.358354E-013	-9.997298E-013	-1	0.000000E+000
1	13.54450960	-9.997298E-013	-3.102090E-013	0	0.000000E+000
1	15.04965088	-3.820467E-013	-9.165407E-013	-1	0.000000E+000
1	15.05056118	-9.057760E-013	-4.155219E-013	0	0.000000E+000
1	19.83067268	-2.680283E-013	-1.074229E-012	-1	0.000000E+000
1	19.83190956	-1.074229E-012	-3.499190E-013	0	0.000000E+000
1	25.44122232	-3.196667E-013	-8.495116E-013	-1	0.000000E+000
1	25.44223220	-8.377338E-013	-3.602473E-013	0	0.000000E+000
1	26.11333441	-2.790721E-013	-7.855024E-013	-1	0.000000E+000
1	26.11941168	-8.109934E-013	-2.644837E-013	0	0.000000E+000
1	26.49439694	-2.784477E-013	-7.353343E-013	-1	0.000000E+000
1	26.49512808	-7.353343E-013	-2.764218E-013	0	0.000000E+000
1	26.83789434	-2.657998E-013	-7.643562E-013	-1	0.000000E+000
1	26.83832210	-7.643562E-013	-2.651038E-013	0	0.000000E+000
1	26.98322866	-2.820332E-013	-6.994282E-013	-1	0.000000E+000
1	26.98416338	-6.449012E-013	-2.584385E-013	0	0.000000E+000
1	27.72573418	-2.869614E-013	-7.786194E-013	-1	0.000000E+000
1	27.72678212	-7.786194E-013	-2.642421E-013	0	0.000000E+000
1	32.81303381	-4.820025E-013	-8.791086E-013	-1	0.000000E+000
1	32.81403232	-8.791086E-013	-4.872595E-013	0	0.000000E+000
1	34.76444781	-5.142192E-013	-8.981407E-013	-1	0.000000E+000
1	34.76534175	-8.579893E-013	-4.748006E-013	0	0.000000E+000
1	35.66974021	-4.851311E-013	-1.064307E-012	-1	0.000000E+000
1	35.67249978	-1.011307E-012	-4.276866E-013	0	0.000000E+000
1	36.72441906	-4.529275E-013	-9.162792E-013	-1	0.000000E+000
1	36.72586101	-8.485801E-013	-4.155640E-013	0	0.000000E+000
1	39.16443913	-5.054165E-013	-9.517282E-013	-1	0.000000E+000
1	39.16533964	-9.517282E-013	-5.289151E-013	0	0.000000E+000
1	41.87826221	-4.825677E-013	-1.084670E-012	-1	0.000000E+000
1	41.88460774	-1.084670E-012	-4.277082E-013	0	0.000000E+000
1	42.64371990	-5.350607E-013	-1.623931E-012	-1	0.000000E+000
1	42.64425619	-1.580920E-012	-4.516719E-013	0	0.000000E+000
1	42.85264606	-4.451270E-013	-9.047571E-013	-1	0.000000E+000
1	42.85359308	-9.047571E-013	-4.194476E-013	0	0.000000E+000
1	43.45857870	-4.111992E-013	-1.049327E-012	-1	0.000000E+000
1	43.45919514	-1.049327E-012	-4.365635E-013	0	0.000000E+000
1	44.41579492	-3.922828E-013	-8.623628E-013	-1	0.000000E+000
1	44.41699512	-8.469919E-013	-3.357829E-013	0	0.000000E+000
1	47.99611630	-4.962659E-013	-1.606413E-012	-1	0.000000E+000
1	47.99664681	-1.606413E-012	-4.713843E-013	0	0.000000E+000
1	58.94145144	-4.122540E-013	-9.842669E-013	-1	0.000000E+000
1	58.96394717	-9.926787E-013	-4.656658E-013	0	0.000000E+000
1	59.30021620	-4.514697E-013	-8.953169E-013	-1	0.000000E+000
1	59.30561935	-8.244695E-013	-3.866521E-013	0	0.000000E+000
1	59.68498298	-4.579032E-013	-8.822116E-013	-1	0.000000E+000
1	59.68568266	-8.305987E-013	-4.242269E-013	0	0.000000E+000
1	60.14863674	-4.722468E-013	-9.653945E-013	-1	0.000000E+000
1	60.14920611	-9.653945E-013	-4.908526E-013	0	0.000000E+000
1	61.35953242	-4.786124E-013	-1.078858E-012	-1	0.000000E+000
1	61.36043589	-1.078858E-012	-5.162964E-013	0	0.000000E+000
1	62.18815507	-5.014413E-013	-9.544971E-013	-1	0.000000E+000
1	62.19743577	-9.264822E-013	-5.259686E-013	0	0.000000E+000
1	62.20846959	-5.380457E-013	-1.079078E-012	-1	0.000000E+000
1	62.20964383	-1.079078E-012	-5.325284E-013	0	0.000000E+000
1	62.21069121	-5.325284E-013	-9.418932E-013	-1	0.000000E+000
1	62.21751960	-8.891497E-013	-4.545730E-013	0	0.000000E+000
1	62.24713440	-4.557975E-013	-9.957260E-013	-1	0.000000E+000
1	62.24820007	-9.367386E-013	-4.857769E-013	0	0.000000E+000
1	63.94710477	-4.411592E-013	-1.155932E-012	-1	0.000000E+000
1	63.95024663	-1.130126E-012	-4.550025E-013	0	0.000000E+000
1	63.99028279	-4.443457E-013	-9.428481E-013	-1	0.000000E+000
1	64.00782193	-8.849632E-013	-4.326640E-013	0	0.000000E+000
1	64.01263163	-4.455015E-013	-9.584891E-013	-1	0.000000E+000
1	64.02501754	-9.149536E-013	-4.817920E-013	0	0.000000E+000
1	64.86877088	-4.536402E-013	-1.052923E-012	-1	0.000000E+000
1	64.87013265	-9.526067E-013	-4.745063E-013	0	0.000000E+000
1	65.65745505	-4.153926E-013	-9.504268E-013	-1	0.000000E+000
1	65.65878154	-9.322698E-013	-4.269624E-013	0	0.000000E+000
1	66.42293054	-4.479623E-013	-9.913176E-013	-1	0.000000E+000
1	66.42585175	-9.913176E-013	-3.937182E-013	0	0.000000E+000
1	66.43960281	-3.891120E-013	-1.089517E-012	-1	0.000000E+000
1	66.44095536	-1.089517E-012	-4.092558E-013	0	0.000000E+000
1	66.44197819	-4.725793E-013	-1.101451E-012	-1	0.000000E+000
1	66.44302826	-1.017426E-012	-3.900927E-013	0	0.000000E+000
1	66.45088717	-4.364674E-013	-1.044187E-012	-1	0.000000E+000
1	66.45840315	-9.285976E-013	-3.808845E-013	0	0.000000E+000
1	66.58363549	-4.558421E-013	-8.052756E-013	-1	0.000000E+000
1	66.58463827	-8.242180E-013	-3.859769E-013	0	0.000000E+000
1	67.75050371	-3.509797E-013	-1.033039E-012	-1	0.000000E+000
1	67.75140597	-9.407220E-013	-3.724174E-013	0	0.000000E+000
1	67.83024933	-4.002672E-013	-8.032791E-013	-1	0.000000E+000
1	67.83304288	-8.289512E-013	-3.558684E-013	0	0.000000E+000
1	71.36794908	-4.478032E-013	-1.073331E-012	-1	0.000000E+000
1	71.36936541	-1.073331E-012	-4.404907E-013	0	0.000000E+000
1	71.79613297	-4.921562E-013	-1.039700E-012	-1	0.000000E+000
1	71.80949326	-1.023531E-012	-4.897112E-013	0	0.000000E+000
1	71.81445485	-4.827692E-013	-1.061646E-012	-1	0.000000E+000
1	71.81574055	-1.061646E-012	-4.986408E-013	0	0.000000E+000
1	71.96409158	-5.226200E-013	-1.089604E-012	-1	0.000000E+000
1	71.96555764	-1.089604E-012	-5.073138E-013	0	0.000000E+000
1	72.47512993	-4.914382E-013	-9.815487E-013	-1	0.000000E+000
1	72.49234060	-9.455298E-013	-4.188066E-013	0	0.000000E+000
1	72.50384127	-4.336144E-013	-9.010799E-013	-1	0.000000E+000
1	72.50932556	-9.472304E-013	-4.759189E-013	0	0.000000E+000
1	73.10907017	-4.687112E-013	-9.366174E-013	-1	0.000000E+000
1	73.11022102	-8.886448E-013	-4.329990E-013	0	0.000000E+000
1	73.53786185	-5.012795E-013	-8.921010E-013	-1	0.000000E+000
1	73.53891058	-8.719166E-013	-5.176143E-013	0	0.000000E+000
1	73.61134997	-5.196995E-013	-1.057313E-012	-1	0.000000E+000
1	73.61196613	-1.057313E-012	-5.488310E-013	0	0.000000E+000
1	74.93408697	-4.956959E-013	-1.130441E-012	-1	0.000000E+000
1	74.93531967	-1.078641E-012	-5.269506E-013	0	0.000000E+000
1	75.20314180	-4.903815E-013	-1.015599E-012	-1	0.000000E+000
1	75.20507780	-1.015599E-012	-5.041779E-013	0	0.000000E+000
1	76.10966454	-4.751495E-013	-9.862750E-013	-1	0.000000E+000
1	76.11043226	-9.862750E-013	-4.870714E-013	0	0.000000E+000
1	78.68359032	-5.025947E-013	-1.261902E-012	-1	0.000000E+000
1	78.68432083	-1.261902E-012	-5.230119E-013	0	0.000000E+000
1	78.76330641	-5.207050E-013	-9.308102E-013	-1	0.000000E+000
1	78.76425242	-9.113562E-013	-4.981149E-013	0	0.000000E+000
1	78.85645234	-4.749186E-013	-1.046569E-012	-1	0.000000E+000
1	78.85993409	-1.072376E-012	-4.816992E-013	0	0.000000E+000
1	84.60008034	-4.816635E-013	-9.772534E-013	-1	0.000000E+000
1	84.61543622	-8.972298E-013	-5.062331E-013	0	0.000000E+000
1	84.68891592	-5.062331E-013	-1.093665E-012	-1	0.000000E+000
1	84.68988617	-1.032746E-012	-4.613604E-013	0	0.000000E+000
1	85.47108432	-5.127447E-013	-1.092740E-012	-1	0.000000E+000
1	85.47235000	-1.092740E-012	-5.345364E-013	0	0.000000E+000
1	85.49478381	-5.305793E-013	-1.069172E-012	-1	0.000000E+000
1	85.49575899	-1.035387E-012	-4.729554E-013	0	0.000000E+000
1	88.37014924	-5.103223E-013	-1.028805E-012	-1	0.000000E+000
1	88.37114660	-1.028805E-012	-5.515354E-013	0	0.000000E+000
1	90.66829486	-5.263391E-013	-1.119156E-012	-1	0.000000E+000
1	90.66998537	-1.054140E-012	-5.512819E-013	0	0.000000E+000
1	91.08791841	-5.073802E-013	-9.990806E-013	-1	0.000000E+000
1	91.08878825	-9.065894E-013	-5.120495E-013	0	0.000000E+000
1	91.09906923	-5.257956E-013	-1.074052E-012	-1	0.000000E+000
1	91.10023824	-1.051135E-012	-4.980845E-013	0	0.000000E+000
1	91.55268454	-4.980805E-013	-1.048994E-012	-1	0.000000E+000
1	91.55369899	-1.048994E-012	-4.754436E-013	0	0.000000E+000
1	91.55834062	-5.012501E-013	-1.206276E-012	-1	0.000000E+000
1	91.55923342	-1.101469E-012	-4.866800E-013	0	0.000000E+000
1	92.71905985	-4.297228E-013	-9.280045E-013	-1	0.000000E+000
1	92.72070693	-8.840972E-013	-4.230011E-013	0	0.000000E+000
1	93.90409110	-4.812557E-013	-9.492336E-013	-1	0.000000E+000
1	93.90474763	-9.492336E-013	-4.796798E-013	0	0.000000E+000
1	93.98089672	-5.010271E-013	-9.556777E-013	-1	0.000000E+000
1	93.98669147	-9.402985E-013	-4.695917E-013	0	0.000000E+000
1	94.04368711	-5.111201E-013	-9.927581E-013	-1	0.000000E+000
1	94.04499194	-9.927581E-013	-4.728227E-013	0	0.000000E+000
1	94.48062672	-4.496689E-013	-9.389186E-013	-1	0.000000E+000
1	94.48257322	-9.389186E-013	-4.603760E-013	0	0.000000E+000
1	94.65388781	-4.164310E-013	-1.170757E-012	-1	0.000000E+000
1	94.65444636	-1.170757E-012	-4.491828E-013	0	0.000000E+000
1	94.69022570	-3.900694E-013	-9.628595E-013	-1	0.000000E+000
1	94.69422808	-9.628595E-013	-4.509050E-013	0	0.000000E+000
1	95.36014861	-4.793521E-013	-8.839852E-013	-1	0.000000E+000
1	95.36124729	-8.420716E-013	-4.069202E-013	0	0.000000E+000
1	95.77344553	-4.978166E-013	-1.161512E-012	-1	0.000000E+000
1	95.77450352	-1.161512E-012	-5.203360E-013	0	0.000000E+000
1	95.85684761	-4.973015E-013	-1.004120E-012	-1	0.000000E+000
1	95.85799554	-9.693811E-013	-4.737932E-013	0	0.000000E+000
1	95.86946441	-5.222930E-013	-1.041565E-012	-1	0.000000E+000
1	95.87051259	-1.041565E-012	-4.765218E-013	0	0.000000E+000
1	96.01049312	-5.099810E-013	-1.129759E-012	-1	0.000000E+000
1	96.01164749	-1.129759E-012	-5.105050E-013	0	0.000000E+000
1	96.11177112	-4.652874E-013	-1.016578E-012	-1	0.000000E+000
1	96.11596165	-1.119804E-012	-5.044288E-013	0	0.000000E+000
1	96.13781145	-4.717637E-013	-1.036946E-012	-1	0.000000E+000
1	96.15690695	-1.071977E-012	-5.259177E-013	0	0.000000E+000
1	96.98928586	-4.901530E-013	-1.168410E-012	-1	0.000000E+000
1	96.99078102	-1.168410E-012	-5.041608E-013	0	0.000000E+000
1	97.49820526	-5.254388E-013	-1.124073E-012	-1	0.000000E+000
1	97.50064830	-1.124073E-012	-5.069096E-013	0	0.000000E+000
1	97.54001354	-4.604303E-013	-1.170196E-012	-1	0.000000E+000
1	97.54488627	-1.092601E-012	-4.870581E-013	0	0.000000E+000
1	99.67134777	-4.551646E-013	-1.087645E-012	-1	0.000000E+000
1	99.67339437	-9.809055E-013	-4.480851E-013	0	0.000000E+000
1	102.29254294	-4.913370E-013	-9.437350E-013	-1	0.000000E+000
1	102.29364532	-9.242548E-013	-5.045724E-013	0	0.000000E+000
1	106.04955283	-4.106909E-013	-8.160613E-013	-1	0.000000E+000
1	106.05073787	-8.119208E-013	-3.667929E-013	0	0.000000E+000
1	106.07615529	-4.106909E-013	-1.039717E-012	-1	0.000000E+000
1	106.07714270	-1.039717E-012	-3.757618E-013	0	0.000000E+000
1	106.24970408	-4.062165E-013	-9.855087E-013	-1	0.000000E+000
1	106.25031014	-9.855087E-013	-4.068075E-013	0	0.000000E+000
1	106.25517001	-3.985066E-013	-1.018858E-012	-1	0.000000E+000
1	106.25686411	-1.018858E-012	-3.605498E-013	0	0.000000E+000
1	106.62930417	-4.492221E-013	-9.215510E-013	-1	0.000000E+000
1	106.63749697	-8.490631E-013	-4.031487E-013	0	0.000000E+000
1	106.64986308	-4.454541E-013	-8.546838E-013	-1	0.000000E+000
1	106.67236202	-8.393100E-013	-3.895223E-013	0	0.000000E+000
1	106.98277643	-4.795457E-013	-8.996252E-013	-1	0.000000E+000
1	106.98450044	-8.686623E-013	-4.726056E-013	0	0.000000E+000
1	106.98555198	-4.638472E-013	-8.996252E-013	-1	0.000000E+000
1	106.98809491	-8.145120E-013	-4.186391E-013	0	0.000000E+000
1	108.00951722	-4.186391E-013	-8.273445E-013	-1	0.000000E+000
1	108.01141722	-8.173544E-013	-3.893849E-013	0	0.000000E+000
1	108.01329939	-4.100730E-013	-9.313298E-013	-1	0.000000E+000
1	108.01433202	-9.003410E-013	-3.730729E-013	0	0.000000E+000
1	108.23133074	-4.240027E-013	-8.365219E-013	-1	0.000000E+000
1	108.23276970	-8.372152E-013	-4.133754E-013	0	0.000000E+000
1	109.11763786	-4.791669E-013	-1.159795E-012	-1	0.000000E+000
1	109.11868422	-1.159795E-012	-4.789171E-013	0	0.000000E+000
1	110.20989253	-4.507470E-013	-9.376752E-013	-1	0.000000E+000
1	110.21135999	-9.120264E-013	-4.237554E-013	0	0.000000E+000
1	110.23852828	-4.340971E-013	-8.841059E-013	-1	0.000000E+000
1	110.24024538	-8.841059E-013	-4.615804E-013	0	0.000000E+000
1	110.24112811	-4.419494E-013	-9.779057E-013	-1	0.000000E+000
1	110.24254751	-9.201816E-013	-4.615804E-013	0	0.000000E+000
1	110.25497472	-4.193678E-013	-9.079391E-013	-1	0.000000E+000
1	110.25671402	-9.738920E-013	-3.998297E-013	0	0.000000E+000
1	110.25749053	-4.366836E-013	-1.005922E-012	-1	0.000000E+000
1	110.25844877	-9.707932E-013	-4.019147E-013	0	0.000000E+000
1	110.25993881	-4.785878E-013	-1.040061E-012	-1	0.000000E+000
1	110.26399691	-9.712442E-013	-4.671914E-013	0	0.000000E+000
1	110.27210085	-4.518671E-013	-9.695364E-013	-1	0.000000E+000
1	110.27538845	-8.852990E-013	-4.506530E-013	0	0.000000E+000
1	110.27946270	-4.506530E-013	-1.020367E-012	-1	0.000000E+000
1	110.28179226	-9.615747E-013	-4.372140E-013	0	0.000000E+000
1	111.34425016	-4.947032E-013	-1.065108E-012	-1	0.000000E+000
1	111.34891800	-1.065108E-012	-4.645108E-013	0	0.000000E+000
1	111.38194002	-4.850502E-013	-1.116913E-012	-1	0.000000E+000
1	111.38404728	-1.116913E-012	-5.362799E-013	0	0.000000E+000
1	111.38494814	-5.277824E-013	-1.099867E-012	-1	0.000000E+000
1	111.41291776	-1.068457E-012	-5.298448E-013	0	0.000000E+000
1	111.41413433	-5.340481E-013	-1.098049E-012	-1	0.000000E+000
1	111.41542538	-1.033393E-012	-5.091446E-013	0	0.000000E+000
1	112.38205683	-5.329780E-013	-1.092570E-012	-1	0.000000E+000
1	112.38395778	-1.092570E-012	-4.906084E-013	0	0.000000E+000
1	113.94413328	-4.555236E-013	-9.345697E-013	-1	0.000000E+000
1	113.94529028	-9.345697E-013	-4.799435E-013	0	0.000000E+000
1	114.38351481	-4.563842E-013	-9.934567E-013	-1	0.000000E+000
1	114.38509374	-9.428823E-013	-4.183531E-013	0	0.000000E+000
1	114.38637335	-4.222509E-013	-8.222539E-013	-1	0.000000E+000
1	114.38862464	-7.706729E-013	-4.194724E-013	0	0.000000E+000
1	114.40437589	-4.228926E-013	-8.514607E-013	-1	0.000000E+000
1	114.40558757	-7.986992E-013	-4.195657E-013	0	0.000000E+000
1	114.67385226	-4.469652E-013	-9.380408E-013	-1	0.000000E+000
1	114.67626782	-8.853056E-013	-4.453501E-013	0	0.000000E+000
1	114.70094008	-4.444840E-013	-9.367901E-013	-1	0.000000E+000
1	114.70247075	-8.818073E-013	-4.562338E-013	0	0.000000E+000
1	117.68791411	-4.964113E-013	-1.026961E-012	-1	0.000000E+000
1	117.68924653	-1.010933E-012	-4.453928E-013	0	0.000000E+000
1	118.79407494	-4.341287E-013	-1.135467E-012	-1	0.000000E+000
1	118.79536979	-1.135467E-012	-4.737123E-013	0	0.000000E+000
1	118.81716123	-4.513948E-013	-9.071997E-013	-1	0.000000E+000
1	118.81825091	-8.710213E-013	-3.970987E-013	0	0.000000E+000
1	118.83227076	-4.252118E-013	-9.733862E-013	-1	0.000000E+000
1	118.83344082	-9.733862E-013	-4.478905E-013	0	0.000000E+000
1	118.83773780	-4.660723E-013	-1.013831E-012	-1	0.000000E+000
1	118.83911649	-9.262153E-013	-4.445605E-013	0	0.000000E+000
1	118.86558880	-4.382836E-013	-1.179182E-012	-1	0.000000E+000
1	118.86720252	-1.085764E-012	-4.427851E-013	0	0.000000E+000
1	120.58128468	-4.662729E-013	-8.830526E-013	-1	0.000000E+000
1	120.60459067	-8.734079E-013	-4.828485E-013	0	0.000000E+000
1	120.61648990	-4.568557E-013	-1.086603E-012	-1	0.000000E+000
1	120.62603135	-9.714185E-013	-5.033380E-013	0	0.000000E+000
1	120.62734314	-4.861337E-013	-1.008525E-012	-1	0.000000E+000
1	120.63080169	-8.642348E-013	-4.358432E-013	0	0.000000E+000
1	120.65464450	-5.007790E-013	-9.823864E-013	-1	0.000000E+000
1	120.66467299	-9.242824E-013	-4.802685E-013	0	0.000000E+000
1	120.69304723	-4.649524E-013	-8.367884E-013	-1	0.000000E+000
1	120.69470038	-8.157161E-013	-4.292811E-013	0	0.000000E+000
1	122.78261157	-4.305438E-013	-9.400142E-013	-1	0.000000E+000
1	122.78541966	-9.400142E-013	-4.783958E-013	0	0.000000E+000
1	123.03718422	-4.797989E-013	-7.978891E-013	-1	0.000000E+000
1	123.03959927	-8.216506E-013	-4.294979E-013	0	0.000000E+000
1	123.06449689	-4.797989E-013	-1.021545E-012	-1	0.000000E+000
1	123.06547074	-1.023232E-012	-4.836828E-013	0	0.000000E+000
1	123.76737172	-4.847373E-013	-9.730078E-013	-1	0.000000E+000
1	123.76872639	-9.506982E-013	-4.464441E-013	0	0.000000E+000
1	123.93970458	-4.970401E-013	-9.723624E-013	-1	0.000000E+000
1	123.94068263	-9.740920E-013	-4.732032E-013	0	0.000000E+000
1	124.00588717	-4.401956E-013	-9.833716E-013	-1	0.000000E+000
1	124.01022156	-9.833716E-013	-4.518693E-013	0	0.000000E+000
1	124.01509108	-4.641541E-013	-9.367548E-013	-1	0.000000E+000
1	124.02030516	-1.053724E-012	-4.879978E-013	0	0.000000E+000
1	124.02822935	-4.784635E-013	-1.067127E-012	-1	0.000000E+000
1	124.03083202	-1.002439E-012	-4.932732E-013	0	0.000000E+000
1	124.29587497	-4.754067E-013	-9.316460E-013	-1	0.000000E+000
1	124.29709530	-8.885767E-013	-4.309668E-013	0	0.000000E+000
1	124.62248930	-4.792160E-013	-9.063634E-013	-1	0.000000E+000
1	124.62881378	-1.021874E-012	-5.647950E-013	0	0.000000E+000
1	124.63004621	-5.820755E-013	-1.107824E-012	-1	0.000000E+000
1	124.78105518	-1.021874E-012	-4.873757E-013	0	0.000000E+000
1	124.78187372	-4.873757E-013	-1.053117E-012	-1	0.000000E+000
1	124.78344918	-1.053117E-012	-5.972809E-013	0	0.000000E+000
1	124.78534993	-6.402916E-013	-1.148957E-012	-1	0.000000E+000
1	124.79497280	-1.019925E-012	-4.959576E-013	0	0.000000E+000
1	124.80152405	-4.658962E-013	-1.016937E-012	-1	0.000000E+000
1	124.81594184	-9.683577E-013	-4.794004E-013	0	0.000000E+000
1	124.81702552	-4.892462E-013	-1.038249E-012	-1	0.000000E+000
1	124.83374650	-9.314513E-013	-5.301464E-013	0	0.000000E+000
1	124.85482108	-5.364959E-013	-1.065051E-012	-1	0.000000E+000
1	124.85609386	-1.019943E-012	-5.078483E-013	0	0.000000E+000
1	124.86744744	-5.023621E-013	-8.758637E-013	-1	0.000000E+000
1	124.87204188	-8.820964E-013	-4.637255E-013	0	0.000000E+000
1	125.87146138	-4.937600E-013	-8.586593E-013	-1	0.000000E+000
1	125.87425210	-8.613979E-013	-4.985890E-013	0	0.000000E+000
1	125.88790536	-5.367707E-013	-1.047907E-012	-1	0.000000E+000
1	125.88918732	-9.906391E-013	-5.062356E-013	0	0.000000E+000
1	125.89886883	-4.833133E-013	-7.984942E-013	-1	0.000000E+000
1	125.90264073	-7.872665E-013	-4.729922E-013	0	0.000000E+000
1	125.90401316	-4.747112E-013	-8.415050E-013	-1	0.000000E+000
1	125.91122167	-8.044708E-013	-3.869707E-013	0	0.000000E+000
1	125.91747378	-4.840146E-013	-8.482409E-013	-1	0.000000E+000
1	125.92087957	-7.936072E-013	-4.764870E-013	0	0.000000E+000
1	126.00768949	-4.760812E-013	-8.118576E-013	-1	0.000000E+000
1	126.02255135	-8.467173E-013	-4.842177E-013	0	0.000000E+000
1	126.02395238	-4.411774E-013	-8.861255E-013	-1	0.000000E+000
1	126.02655271	-8.097126E-013	-4.559189E-013	0	0.000000E+000
1	126.36063257	-4.903275E-013	-1.082418E-012	-1	0.000000E+000
1	126.36179754	-1.060444E-012	-5.221613E-013	0	0.000000E+000
1	126.67413000	-4.834389E-013	-9.551543E-013	-1	0.000000E+000
1	126.67717261	-9.762338E-013	-5.083074E-013	0	0.000000E+000
1	128.63994851	-5.188800E-013	-1.118006E-012	-1	0.000000E+000
1	128.64248077	-1.043589E-012	-5.016418E-013	0	0.000000E+000
1	128.67232622	-5.264953E-013	-9.962242E-013	-1	0.000000E+000
1	128.67381015	-9.962242E-013	-5.337340E-013	0	0.000000E+000
1	129.25695445	-5.104432E-013	-9.408388E-013	-1	0.000000E+000
1	129.26145556	-9.291554E-013	-5.031079E-013	0	0.000000E+000
1	130.44648697	-5.320084E-013	-9.908930E-013	-1	0.000000E+000
1	130.44803800	-9.517025E-013	-4.572945E-013	0	0.000000E+000
1	130.78443966	-5.324016E-013	-1.156220E-012	-1	0.000000E+000
1	130.78548248	-1.129488E-012	-5.305604E-013	0	0.000000E+000
1	131.01755193	-5.187440E-013	-1.160053E-012	-1	0.000000E+000
1	131.01842160	-1.120878E-012	-5.218736E-013	0	0.000000E+000
1	131.02670169	-5.125465E-013	-1.132029E-012	-1	0.000000E+000
1	131.02825507	-1.103032E-012	-4.680531E-013	0	0.000000E+000
1	131.03356039	-4.775512E-013	-8.838212E-013	-1	0.000000E+000
1	131.03833259	-9.308497E-013	-4.591942E-013	0	0.000000E+000
1	131.81412027	-5.051530E-013	-9.332741E-013	-1	0.000000E+000
1	131.82035013	-9.730554E-013	-4.851705E-013	0	0.000000E+000
1	131.83397084	-5.394331E-013	-1.036422E-012	-1	0.000000E+000
1	131.83580058	-1.036422E-012	-5.263886E-013	0	0.000000E+000
1	131.83913504	-5.435929E-013	-9.688817E-013	-1	0.000000E+000
1	131.84029808	-9.073482E-013	-5.303158E-013	0	0.000000E+000
1	131.93000150	-5.373598E-013	-1.125653E-012	-1	0.000000E+000
1	131.93108034	-1.093366E-012	-4.965133E-013	0	0.000000E+000
1	132.13515203	-5.528486E-013	-9.197421E-013	-1	0.000000E+000
1	132.22817062	-7.961069E-013	-5.127249E-013	0	0.000000E+000
1	132.22966804	-5.047558E-013	-8.440491E-013	-1	0.000000E+000
1	132.31331019	-8.754467E-013	-5.313679E-013	0	0.000000E+000
1	132.31673142	-5.210117E-013	-8.791409E-013	-1	0.000000E+000
1	132.34954139	-7.378123E-013	-4.281421E-013	0	0.000000E+000
1	132.37789297	-5.204653E-013	-8.328455E-013	-1	0.000000E+000
1	132.42921043	-8.087693E-013	-4.491411E-013	0	0.000000E+000
1	132.43059415	-4.640862E-013	-8.264280E-013	-1	0.000000E+000
1	132.49772942	-8.087693E-013	-4.577433E-013	0	0.000000E+000
1	132.56993543	-4.986897E-013	-8.760840E-013	-1	0.000000E+000
1	132.59812207	-7.190791E-013	-4.167484E-013	0	0.000000E+000
1	132.60024376	-4.552579E-013	-8.928428E-013	-1	0.000000E+000
1	132.61270972	-7.696060E-013	-4.824418E-013	0	0.000000E+000
1	132.61485183	-5.054000E-013	-8.405040E-013	-1	0.000000E+000
1	132.62309932	-8.590951E-013	-5.323444E-013	0	0.000000E+000
1	132.63345094	-5.898289E-013	-9.135495E-013	-1	0.000000E+000
1	132.63760561	-9.168548E-013	-5.768786E-013	0	0.000000E+000
1	132.64903138	-7.304507E-013	-1.318593E-012	-1	0.000000E+000
1	132.64985346	-1.318593E-012	-6.938906E-013	0	0.000000E+000
1	132.69575624	-5.529524E-013	-1.110961E-012	-1	0.000000E+000
1	132.69719291	-1.110961E-012	-5.541376E-013	0	0.000000E+000
1	132.71178120	-5.442220E-013	-1.158222E-012	-1	0.000000E+000
1	132.71306111	-1.163040E-012	-5.468988E-013	0	0.000000E+000
1	132.81315894	-6.105696E-013	-1.150318E-012	-1	0.000000E+000
1	132.81430970	-1.158964E-012	-5.927093E-013	0	0.000000E+000
1	132.82079565	-5.926506E-013	-1.096817E-012	-1	0.000000E+000
1	132.82195276	-1.065547E-012	-5.565567E-013	0	0.000000E+000
1	132.94293989	-5.058256E-013	-1.120420E-012	-1	0.000000E+000
1	132.95111857	-1.118959E-012	-5.795251E-013	0	0.000000E+000
1	132.95336262	-5.795251E-013	-1.264479E-012	-1	0.000000E+000
1	132.95487020	-1.264479E-012	-5.432435E-013	0	0.000000E+000
1	132.95589450	-5.077864E-013	-1.053672E-012	-1	0.000000E+000
1	132.95634323	-1.053672E-012	-5.432435E-013	0	0.000000E+000
1	132.95817826	-5.432435E-013	-1.155218E-012	-1	0.000000E+000
1	132.95958089	-1.155218E-012	-5.586098E-013	0	0.000000E+000
1	133.23636825	-5.795937E-013	-1.017119E-012	-1	0.000000E+000
1	133.23732989	-9.600040E-013	-5.527356E-013	0	0.000000E+000
1	133.38803323	-5.115875E-013	-9.079519E-013	-1	0.000000E+000
1	133.39067825	-8.869958E-013	-4.788347E-013	0	0.000000E+000
1	133.39249119	-5.115875E-013	-1.054188E-012	-1	0.000000E+000
1	133.39527019	-1.097199E-012	-5.674034E-013	0	0.000000E+000
1	133.39648705	-5.762866E-013	-1.041333E-012	-1	0.000000E+000
1	133.39706412	-1.041333E-012	-5.674034E-013	0	0.000000E+000
1	133.49674228	-5.304857E-013	-9.366715E-013	-1	0.000000E+000
1	133.50547374	-9.676531E-013	-5.490804E-013	0	0.000000E+000
1	133.50716319	-5.843540E-013	-9.809091E-013	-1	0.000000E+000
1	133.51007556	-9.809091E-013	-4.544568E-013	0	0.000000E+000
1	133.52076993	-5.057224E-013	-9.449031E-013	-1	0.000000E+000
1	133.52587471	-1.022322E-012	-5.163347E-013	0	0.000000E+000
1	133.85432233	-5.028288E-013	-9.265768E-013	-1	0.000000E+000
1	133.85690252	-8.741201E-013	-4.969044E-013	0	0.000000E+000
1	134.64939672	-4.870463E-013	-9.615919E-013	-1	0.000000E+000
1	134.65223010	-8.995496E-013	-4.534244E-013	0	0.000000E+000
1	134.65788359	-4.993719E-013	-8.506011E-013	-1	0.000000E+000
1	134.67172658	-8.068523E-013	-4.034680E-013	0	0.000000E+000
1	134.67329910	-4.341688E-013	-8.787723E-013	-1	0.000000E+000
1	134.68076104	-7.865922E-013	-4.429802E-013	0	0.000000E+000
1	134.68302243	-4.463395E-013	-9.228749E-013	-1	0.000000E+000
1	134.68756275	-8.349435E-013	-4.484105E-013	0	0.000000E+000
1	135.28002167	-5.297596E-013	-1.140374E-012	-1	0.000000E+000
1	135.28135556	-1.140374E-012	-5.333035E-013	0	0.000000E+000
1	135.40039558	-5.331193E-013	-9.353191E-013	-1	0.000000E+000
1	135.40697704	-9.353191E-013	-5.152594E-013	0	0.000000E+000
1	135.40876686	-5.603500E-013	-9.394004E-013	-1	0.000000E+000
1	135.40954114	-9.394004E-013	-5.152594E-013	0	0.000000E+000
1	135.41058573	-5.152594E-013	-9.435410E-013	-1	0.000000E+000
1	135.41151032	-9.458651E-013	-5.043066E-013	0	0.000000E+000
1	135.42494994	-5.192121E-013	-9.965368E-013	-1	0.000000E+000
1	135.42723301	-9.865518E-013	-4.920596E-013	0	0.000000E+000
1	135.43059854	-4.920596E-013	-1.041097E-012	-1	0.000000E+000
1	135.43403696	-1.041097E-012	-5.027567E-013	0	0.000000E+000
1	135.43682066	-4.724198E-013	-8.389422E-013	-1	0.000000E+000
1	135.43843977	-8.659585E-013	-5.103712E-013	0	0.000000E+000
1	135.44190534	-4.724198E-013	-1.079802E-012	-1	0.000000E+000
1	135.44447558	-9.933533E-013	-5.050155E-013	0	0.000000E+000
1	135.45120212	-5.050183E-013	-1.096528E-012	-1	0.000000E+000
1	135.45258302	-1.077937E-012	-5.113427E-013	0	0.000000E+000
1	135.45528688	-5.457513E-013	-1.059087E-012	-1	0.000000E+000
1	135.45935471	-9.399468E-013	-4.977146E-013	0	0.000000E+000
1	135.46077554	-4.977146E-013	-1.042453E-012	-1	0.000000E+000
1	135.46975261	-1.030317E-012	-5.076217E-013	0	0.000000E+000
1	135.47027799	-5.076217E-013	-1.040098E-012	-1	0.000000E+000
1	135.64337902	-1.036936E-012	-6.095604E-013	0	0.000000E+000
1	135.64462128	-6.218676E-013	-1.086141E-012	-1	0.000000E+000
1	135.67329286	-1.063808E-012	-5.103712E-013	0	0.000000E+000
1	135.67846807	-5.204129E-013	-9.729501E-013	-1	0.000000E+000
1	135.70812287	-1.077296E-012	-5.536983E-013	0	0.000000E+000
1	135.70935954	-5.677076E-013	-1.038745E-012	-1	0.000000E+000
1	135.72090327	-9.697253E-013	-5.323920E-013	0	0.000000E+000
1	136.74292869	-5.667048E-013	-1.191200E-012	-1	0.000000E+000
1	136.74387089	-1.154734E-012	-5.324942E-013	0	0.000000E+000
1	137.16061797	-5.318688E-013	-1.115596E-012	-1	0.000000E+000
1	137.16176300	-1.034886E-012	-5.203581E-013	0	0.000000E+000
1	137.16277830	-5.203581E-013	-1.128744E-012	-1	0.000000E+000
1	137.16464770	-1.128744E-012	-5.271666E-013	0	0.000000E+000
1	137.16837093	-5.873817E-013	-1.238920E-012	-1	0.000000E+000
1	137.17222559	-1.238920E-012	-5.926309E-013	0	0.000000E+000
1	137.17290312	-5.926309E-013	-1.057603E-012	-1	0.000000E+000
1	137.22747938	-1.076859E-012	-5.511992E-013	0	0.000000E+000
1	137.68209389	-5.359051E-013	-9.738066E-013	-1	0.000000E+000
1	137.68386835	-9.392317E-013	-4.909749E-013	0	0.000000E+000
1	137.89414395	-5.596380E-013	-1.113555E-012	-1	0.000000E+000
1	137.89523748	-1.113555E-012	-5.286150E-013	0	0.000000E+000
1	138.94162159	-5.177830E-013	-9.935455E-013	-1	0.000000E+000
1	138.94340951	-9.935455E-013	-5.167607E-013	0	0.000000E+000
1	138.94542831	-5.450444E-013	-9.377447E-013	-1	0.000000E+000
1	138.94694076	-8.989054E-013	-4.820775E-013	0	0.000000E+000
1	138.99390476	-5.164861E-013	-1.018416E-012	-1	0.000000E+000
1	138.99566040	-9.715912E-013	-5.147622E-013	0	0.000000E+000
1	138.99839765	-5.577729E-013	-9.843316E-013	-1	0.000000E+000
1	139.00094621	-9.843316E-013	-5.454962E-013	0	0.000000E+000
1	140.40162885	-5.813764E-013	-1.075565E-012	-1	0.000000E+000
1	140.40261992	-1.011652E-012	-5.650139E-013	0	0.000000E+000
1	140.72335920	-5.655498E-013	-9.099873E-013	-1	0.000000E+000
1	140.72426777	-9.238394E-013	-5.605354E-013	0	0.000000E+000
1	140.82324827	-5.655498E-013	-1.030417E-012	-1	0.000000E+000
1	140.82388656	-1.030417E-012	-5.552758E-013	0	0.000000E+000
1	140.83031204	-5.225382E-013	-9.343557E-013	-1	0.000000E+000
1	140.83101038	-9.343557E-013	-4.965812E-013	0	0.000000E+000
1	140.85928873	-5.225382E-013	-9.343557E-013	-1	0.000000E+000
1	140.86640490	-9.809894E-013	-5.359959E-013	0	0.000000E+000
1	140.86843336	-5.497444E-013	-9.437754E-013	-1	0.000000E+000
1	140.86929382	-9.487922E-013	-5.164395E-013	0	0.000000E+000
1	140.87159710	-5.406152E-013	-9.719754E-013	-1	0.000000E+000
1	140.87370225	-9.719754E-013	-5.237078E-013	0	0.000000E+000
1	140.87444007	-5.237078E-013	-9.639743E-013	-1	0.000000E+000
1	140.87520271	-9.346259E-013	-5.483923E-013	0	0.000000E+000
1	140.87638432	-5.672361E-013	-1.136017E-012	-1	0.000000E+000
1	140.91829838	-1.092763E-012	-5.821367E-013	0	0.000000E+000
1	140.93260574	-5.606810E-013	-1.010692E-012	-1	0.000000E+000
1	140.97777316	-1.105316E-012	-5.545375E-013	0	0.000000E+000
1	140.97856983	-5.545375E-013	-1.144616E-012	-1	0.000000E+000
1	140.97963551	-1.144616E-012	-6.171795E-013	0	0.000000E+000
1	140.98107985	-6.171795E-013	-1.033090E-012	-1	0.000000E+000
1	140.98280841	-1.084703E-012	-6.041640E-013	0	0.000000E+000
1	140.98391355	-6.438921E-013	-1.091850E-012	-1	0.000000E+000
1	141.03842429	-1.014904E-012	-5.720528E-013	0	0.000000E+000
1	141.04297850	-5.422399E-013	-1.012475E-012	-1	0.000000E+000
1	141.04495911	-9.545456E-013	-5.035003E-013	0	0.000000E+000
1	141.04933709	-5.093472E-013	-9.447640E-013	-1	0.000000E+000
1	141.05115160	-9.447640E-013	-5.320127E-013	0	0.000000E+000
1	141.37920395	-5.104664E-013	-9.061761E-013	-1	0.000000E+000
1	141.38030795	-9.078560E-013	-4.916719E-013	0	0.000000E+000
1	141.40713770	-5.104664E-013	-1.043811E-012	-1	0.000000E+000
1	141.40802935	-1.043811E-012	-5.126041E-013	0	0.000000E+000
1	141.76416815	-5.901887E-013	-9.961356E-013	-1	0.000000E+000
1	141.76718217	-9.898310E-013	-5.803394E-013	0	0.000000E+000
1	142.58441173	-5.620992E-013	-1.105170E-012	-1	0.000000E+000
1	142.58755158	-9.811358E-013	-4.951459E-013	0	0.000000E+000
1	144.19326788	-4.951459E-013	-9.112942E-013	-1	0.000000E+000
1	144.19482631	-8.984761E-013	-4.576567E-013	0	0.000000E+000
1	144.70346989	-5.621868E-013	-1.124412E-012	-1	0.000000E+000
1	144.70500309	-1.091232E-012	-5.738112E-013	0	0.000000E+000
1	144.72766090	-5.953415E-013	-1.160969E-012	-1	0.000000E+000
1	144.72871371	-1.160969E-012	-5.930195E-013	0	0.000000E+000
1	144.90031335	-5.457267E-013	-1.015284E-012	-1	0.000000E+000
1	144.90309429	-1.015284E-012	-5.617911E-013	0	0.000000E+000
1	144.90636555	-6.134040E-013	-1.048276E-012	-1	0.000000E+000
1	144.90751497	-1.048276E-012	-5.246411E-013	0	0.000000E+000
1	144.90929094	-5.558692E-013	-1.144328E-012	-1	0.000000E+000
1	144.91799652	-1.072466E-012	-5.279875E-013	0	0.000000E+000
1	144.93671941	-5.305358E-013	-1.269120E-012	-1	0.000000E+000
1	144.93826187	-1.212219E-012	-5.228080E-013	0	0.000000E+000
1	144.94491940	-5.515687E-013	-1.029498E-012	-1	0.000000E+000
1	144.94549973	-1.029498E-012	-5.683614E-013	0	0.000000E+000
1	145.07473033	-5.220802E-013	-9.212028E-013	-1	0.000000E+000
1	145.07884864	-8.833705E-013	-5.160037E-013	0	0.000000E+000
1	145.08121639	-5.160037E-013	-1.192110E-012	-1	0.000000E+000
1	145.08423031	-1.055744E-012	-5.565141E-013	0	0.000000E+000
1	145.08736091	-5.763676E-013	-9.815915E-013	-1	0.000000E+000
1	145.08779530	-9.815915E-013	-5.728279E-013	0	0.000000E+000
1	145.48482254	-5.815475E-013	-1.002854E-012	-1	0.000000E+000
1	145.48603757	-9.158231E-013	-5.921238E-013	0	0.000000E+000
1	145.49552615	-5.577152E-013	-9.374474E-013	-1	0.000000E+000
1	145.49644834	-9.774062E-013	-5.559075E-013	0	0.000000E+000
1	145.50829461	-5.975384E-013	-1.152501E-012	-1	0.000000E+000
1	145.51371276	-1.136193E-012	-5.458145E-013	0	0.000000E+000
1	145.51489180	-5.458145E-013	-1.179777E-012	-1	0.000000E+000
1	145.51673210	-1.179777E-012	-5.994336E-013	0	0.000000E+000
1	145.57773310	-6.119470E-013	-1.081678E-012	-1	0.000000E+000
1	145.57903571	-1.081678E-012	-5.925870E-013	0	0.000000E+000
1	145.72898630	-5.625202E-013	-1.108569E-012	-1	0.000000E+000
1	145.73053422	-1.108569E-012	-5.257994E-013	0	0.000000E+000
1	145.73615000	-5.759127E-013	-9.886049E-013	-1	0.000000E+000
1	145.73761550	-9.886049E-013	-5.045716E-013	0	0.000000E+000
1	145.75616247	-6.131536E-013	-1.043974E-012	-1	0.000000E+000
1	145.75720844	-1.009670E-012	-5.222853E-013	0	0.000000E+000
1	146.44166320	-5.719496E-013	-1.227338E-012	-1	0.000000E+000
1	146.44365650	-1.227338E-012	-5.758482E-013	0	0.000000E+000
1	146.44507362	-5.758482E-013	-1.259863E-012	-1	0.000000E+000
1	146.44744052	-1.259863E-012	-6.115216E-013	0	0.000000E+000
1	146.45066604	-5.599087E-013	-1.120740E-012	-1	0.000000E+000
1	146.45542736	-1.120740E-012	-5.679322E-013	0	0.000000E+000
1	146.46401099	-5.832014E-013	-1.283008E-012	-1	0.000000E+000
1	146.46517000	-1.283008E-012	-5.723290E-013	0	0.000000E+000
1	146.53981138	-5.386568E-013	-1.226136E-012	-1	0.000000E+000
1	146.54137217	-1.226136E-012	-5.378824E-013	0	0.000000E+000
1	146.58762300	-5.467389E-013	-1.089199E-012	-1	0.000000E+000
1	146.58852427	-1.086067E-012	-5.475455E-013	0	0.000000E+000
1	147.18362705	-5.599525E-013	-9.956932E-013	-1	0.000000E+000
1	147.18471342	-1.030789E-012	-5.329361E-013	0	0.000000E+000
1	147.19618537	-5.896742E-013	-1.135911E-012	-1	0.000000E+000
1	147.20026038	-1.135911E-012	-5.119795E-013	0	0.000000E+000
1	147.26026208	-5.700995E-013	-1.190398E-012	-1	0.000000E+000
1	147.26166702	-1.162351E-012	-5.767169E-013	0	0.000000E+000
1	147.43850139	-5.586877E-013	-1.104217E-012	-1	0.000000E+000
1	147.43988395	-1.104217E-012	-5.322224E-013	0	0.000000E+000
1	147.83292420	-6.097541E-013	-1.079634E-012	-1	0.000000E+000
1	147.83405519	-1.022102E-012	-5.590024E-013	0	0.000000E+000
1	147.88069418	-5.601977E-013	-1.033849E-012	-1	0.000000E+000
1	147.88413467	-1.033849E-012	-6.011520E-013	0	0.000000E+000
1	147.99797589	-5.491763E-013	-1.012886E-012	-1	0.000000E+000
1	148.00322115	-9.182823E-013	-5.082714E-013	0	0.000000E+000
1	148.01698995	-5.531724E-013	-1.089670E-012	-1	0.000000E+000
1	148.02372196	-9.147772E-013	-4.815771E-013	0	0.000000E+000
1	148.45157082	-4.815771E-013	-9.179504E-013	-1	0.000000E+000
1	148.45326563	-8.778186E-013	-4.853191E-013	0	0.000000E+000
1	148.55829224	-5.725035E-013	-1.106584E-012	-1	0.000000E+000
1	148.55976771	-1.106584E-012	-5.756534E-013	0	0.000000E+000
1	148.56407699	-5.200560E-013	-1.104696E-012	-1	0.000000E+000
1	148.57523722	-1.018674E-012	-5.834591E-013	0	0.000000E+000
1	148.57625523	-5.664948E-013	-1.023795E-012	-1	0.000000E+000
1	148.59002155	-1.012582E-012	-6.073919E-013	0	0.000000E+000
1	148.59211097	-5.990805E-013	-1.046958E-012	-1	0.000000E+000
1	148.60206600	-9.635681E-013	-5.184501E-013	0	0.000000E+000
1	148.62148728	-6.195719E-013	-1.086656E-012	-1	0.000000E+000
1	148.62406762	-1.086656E-012	-5.545429E-013	0	0.000000E+000
1	148.67641579	-6.083400E-013	-1.038464E-012	-1	0.000000E+000
1	148.67792298	-1.038464E-012	-6.145743E-013	0	0.000000E+000
1	148.68275958	-6.145743E-013	-1.157392E-012	-1	0.000000E+000
1	148.68375020	-1.157392E-012	-6.047721E-013	0	0.000000E+000
1	148.68767482	-5.685376E-013	-1.113942E-012	-1	0.000000E+000
1	148.69360348	-1.160663E-012	-5.928004E-013	0	0.000000E+000
1	148.83593163	-5.769000E-013	-9.913492E-013	-1	0.000000E+000
1	148.83681124	-9.649158E-013	-5.405674E-013	0	0.000000E+000
1	148.98189637	-5.411461E-013	-9.516059E-013	-1	0.000000E+000
1	148.98375612	-9.266361E-013	-5.069790E-013	0	0.000000E+000
1	149.49984081	-5.026275E-013	-9.167397E-013	-1	0.000000E+000
1	149.50059930	-9.100327E-013	-4.955331E-013	0	0.000000E+000
1	149.65549118	-5.424914E-013	-1.240812E-012	-1	0.000000E+000
1	149.65653339	-1.188504E-012	-5.360575E-013	0	0.000000E+000
1	150.16140514	-6.129240E-013	-1.322232E-012	-1	0.000000E+000
1	150.16355671	-1.322232E-012	-6.344840E-013	0	0.000000E+000
1	150.63825801	-5.393289E-013	-1.105729E-012	-1	0.000000E+000
1	150.63960887	-1.084113E-012	-5.389911E-013	0	0.000000E+000
1	150.70941946	-4.999331E-013	-1.056941E-012	-1	0.000000E+000
1	150.71703449	-1.006035E-012	-5.189328E-013	0	0.000000E+000
1	150.72242627	-5.295644E-013	-8.730880E-013	-1	0.000000E+000
1	150.72442890	-8.877612E-013	-4.665866E-013	0	0.000000E+000
1	151.37896123	-5.553709E-013	-1.191368E-012	-1	0.000000E+000
1	151.38740790	-1.070637E-012	-5.040735E-013	0	0.000000E+000
1	151.38786941	-5.040735E-013	-9.657886E-013	-1	0.000000E+000
1	151.39086448	-1.034606E-012	-5.479498E-013	0	0.000000E+000
1	151.39332472	-5.479498E-013	-1.098054E-012	-1	0.000000E+000
1	151.39393581	-1.098054E-012	-5.389218E-013	0	0.000000E+000
1	151.40253209	-4.396613E-013	-1.226658E-012	-1	0.000000E+000
1	151.40417970	-1.226658E-012	-5.024722E-013	0	0.000000E+000
1	151.40864299	-4.675544E-013	-1.035469E-012	-1	0.000000E+000
1	151.41031837	-1.087081E-012	-4.812976E-013	0	0.000000E+000
1	151.41958044	-4.187789E-013	-1.083459E-012	-1	0.000000E+000
1	151.42356465	-1.083459E-012	-5.303198E-013	0	0.000000E+000
1	151.42908836	-5.303198E-013	-1.314670E-012	-1	0.000000E+000
1	151.43079652	-1.314670E-012	-4.840072E-013	0	0.000000E+000
1	151.43446418	-4.926094E-013	-9.954886E-013	-1	0.000000E+000
1	151.43560420	-9.454721E-013	-4.121588E-013	0	0.000000E+000
1	151.43731205	-5.302053E-013	-9.747701E-013	-1	0.000000E+000
1	151.43781646	-9.747701E-013	-4.925309E-013	0	0.000000E+000
1	151.43979249	-5.615256E-013	-1.013307E-012	-1	0.000000E+000
1	151.44138363	-1.027949E-012	-4.667244E-013	0	0.000000E+000
1	151.50588626	-4.993357E-013	-1.076473E-012	-1	0.000000E+000
1	151.50755121	-9.894146E-013	-5.168577E-013	0	0.000000E+000
1	151.51153646	-5.002975E-013	-8.790998E-013	-1	0.000000E+000
1	151.51308229	-8.348746E-013	-4.801030E-013	0	0.000000E+000
1	151.99814152	-5.373173E-013	-1.008132E-012	-1	0.000000E+000
1	152.00489375	-9.862573E-013	-5.144005E-013	0	0.000000E+000
1	152.02836188	-4.909391E-013	-9.433567E-013	-1	0.000000E+000
1	152.03025813	-8.640361E-013	-4.802024E-013	0	0.000000E+000
1	152.06967520	-4.802024E-013	-9.474889E-013	-1	0.000000E+000
1	152.07339966	-9.104530E-013	-4.615729E-013	0	0.000000E+000
1	152.07741707	-5.556381E-013	-1.001920E-012	-1	0.000000E+000
1	152.08287058	-1.050208E-012	-5.512225E-013	0	0.000000E+000
1	152.08369874	-5.512225E-013	-1.048714E-012	-1	0.000000E+000
1	152.12128102	-9.109013E-013	-4.934077E-013	0	0.000000E+000
1	152.12221109	-5.168189E-013	-9.872440E-013	-1	0.000000E+000
1	152.12320820	-9.522125E-013	-5.330299E-013	0	0.000000E+000
1	152.12966539	-5.229294E-013	-1.167488E-012	-1	0.000000E+000
1	152.13582916	-1.048663E-012	-6.351699E-013	0	0.000000E+000
1	152.13656521	-6.282702E-013	-1.050388E-012	-1	0.000000E+000
1	152.14242888	-9.960876E-013	-5.249309E-013	0	0.000000E+000
1	153.21667565	-5.023044E-013	-1.000432E-012	-1	0.000000E+000
1	153.21926247	-1.000432E-012	-5.190119E-013	0	0.000000E+000
1	153.23512067	-5.442912E-013	-1.022643E-012	-1	0.000000E+000
1	153.24237025	-1.006820E-012	-5.595079E-013	0	0.000000E+000
1	153.25248049	-5.411932E-013	-9.420535E-013	-1	0.000000E+000
1	153.25609609	-9.858669E-013	-5.008272E-013	0	0.000000E+000
1	153.25994825	-5.213507E-013	-9.883326E-013	-1	0.000000E+000
1	153.26265975	-9.654154E-013	-5.261632E-013	0	0.000000E+000
1	153.26819020	-5.203416E-013	-9.066482E-013	-1	0.000000E+000
1	153.26922994	-9.399878E-013	-5.172669E-013	0	0.000000E+000
1	153.27244552	-5.547502E-013	-1.035680E-012	-1	0.000000E+000
1	153.27754409	-1.035680E-012	-5.093021E-013	0	0.000000E+000
1	153.27971405	-5.093021E-013	-9.756001E-013	-1	0.000000E+000
1	153.28321709	-9.756001E-013	-5.611359E-013	0	0.000000E+000
1	153.28438673	-5.833143E-013	-1.050243E-012	-1	0.000000E+000
1	153.31559283	-9.641424E-013	-5.505433E-013	0	0.000000E+000
1	153.46999564	-5.505433E-013	-9.526789E-013	-1	0.000000E+000
1	153.47161710	-9.196544E-013	-5.472222E-013	0	0.000000E+000
1	153.57015547	-5.472222E-013	-1.211537E-012	-1	0.000000E+000
1	153.57332526	-1.148975E-012	-5.932039E-013	0	0.000000E+000
1	153.57759266	-5.932039E-013	-1.019501E-012	-1	0.000000E+000
1	153.58249647	-1.019501E-012	-5.235260E-013	0	0.000000E+000
1	153.58677786	-5.228468E-013	-1.181824E-012	-1	0.000000E+000
1	153.58815173	-1.181824E-012	-5.548102E-013	0	0.000000E+000
1	153.59001825	-5.548102E-013	-1.166925E-012	-1	0.000000E+000
1	153.59115052	-1.166925E-012	-5.713931E-013	0	0.000000E+000
1	153.59576303	-5.497641E-013	-9.862364E-013	-1	0.000000E+000
1	153.59984610	-9.862364E-013	-4.844809E-013	0	0.000000E+000
1	153.60208159	-4.844809E-013	-1.007652E-012	-1	0.000000E+000
1	153.60935272	-1.040108E-012	-5.081802E-013	0	0.000000E+000
1	153.61041725	-5.810244E-013	-1.034563E-012	-1	0.000000E+000
1	153.61200134	-9.932048E-013	-5.123483E-013	0	0.000000E+000
1	153.61308223	-5.308999E-013	-1.061306E-012	-1	0.000000E+000
1	153.74043198	-9.709317E-013	-5.323620E-013	0	0.000000E+000
1	153.74176104	-5.226601E-013	-9.976484E-013	-1	0.000000E+000
1	153.74402497	-9.817089E-013	-5.823588E-013	0	0.000000E+000
1	153.74496668	-5.749358E-013	-1.036834E-012	-1	0.000000E+000
1	153.75684399	-1.018271E-012	-5.504427E-013	0	0.000000E+000
1	153.76013982	-5.504427E-013	-1.050492E-012	-1	0.000000E+000
1	153.76131722	-1.026564E-012	-5.351321E-013	0	0.000000E+000
1	153.81131085	-5.762236E-013	-1.014063E-012	-1	0.000000E+000
1	153.81265061	-9.265329E-013	-5.865489E-013	0	0.000000E+000
1	153.82467093	-5.435381E-013	-1.098110E-012	-1	0.000000E+000
1	153.82569864	-1.081046E-012	-5.065770E-013	0	0.000000E+000
1	153.82633842	-5.065770E-013	-1.326890E-012	-1	0.000000E+000
1	153.82748604	-1.326890E-012	-5.511450E-013	0	0.000000E+000
1	153.87577595	-5.818903E-013	-1.038875E-012	-1	0.000000E+000
1	153.87706593	-1.026931E-012	-5.446048E-013	0	0.000000E+000
1	154.24907881	-5.647064E-013	-1.098344E-012	-1	0.000000E+000
1	154.25053166	-1.098344E-012	-5.697449E-013	0	0.000000E+000
1	154.25397314	-5.611428E-013	-1.164660E-012	-1	0.000000E+000
1	154.25895540	-1.124760E-012	-6.419843E-013	0	0.000000E+000
1	154.26003749	-6.476236E-013	-1.186057E-012	-1	0.000000E+000
1	154.27127684	-9.184996E-013	-4.942714E-013	0	0.000000E+000
1	154.90062727	-5.563523E-013	-9.375879E-013	-1	0.000000E+000
1	154.90161826	-9.373875E-013	-4.825946E-013	0	0.000000E+000
1	155.15179504	-4.956375E-013	-9.744804E-013	-1	0.000000E+000
1	155.15804198	-1.151220E-012	-4.891773E-013	0	0.000000E+000
1	155.21819753	-5.365098E-013	-9.401371E-013	-1	0.000000E+000
1	155.21941703	-9.312015E-013	-4.452681E-013	0	0.000000E+000
1	155.49072274	-5.404557E-013	-1.014450E-012	-1	0.000000E+000
1	155.49295195	-1.014450E-012	-5.175778E-013	0	0.000000E+000
1	155.49874583	-4.920828E-013	-9.046916E-013	-1	0.000000E+000
1	155.50222988	-9.004696E-013	-4.572116E-013	0	0.000000E+000
1	155.50496248	-5.474370E-013	-1.025122E-012	-1	0.000000E+000
1	155.50939514	-1.094365E-012	-5.494240E-013	0	0.000000E+000
1	155.51041962	-5.837409E-013	-1.057703E-012	-1	0.000000E+000
1	155.51107391	-1.057703E-012	-4.720047E-013	0	0.000000E+000
1	155.51403527	-4.720047E-013	-1.081171E-012	-1	0.000000E+000
1	155.51532602	-1.081171E-012	-5.353489E-013	0	0.000000E+000
1	155.53111457	-5.309876E-013	-9.990809E-013	-1	0.000000E+000
1	155.53216681	-9.983521E-013	-5.017577E-013	0	0.000000E+000
1	155.53410869	-5.842347E-013	-1.192084E-012	-1	0.000000E+000
1	155.53528456	-1.192084E-012	-5.879491E-013	0	0.000000E+000
1	155.54098408	-5.411625E-013	-1.089609E-012	-1	0.000000E+000
1	155.54226246	-1.089609E-012	-4.953689E-013	0	0.000000E+000
1	155.79572146	-5.880611E-013	-1.249295E-012	-1	0.000000E+000
1	155.79876755	-1.249295E-012	-5.377815E-013	0	0.000000E+000
1	156.54933890	-5.538949E-013	-1.209305E-012	-1	0.000000E+000
1	156.55161368	-1.209305E-012	-5.155414E-013	0	0.000000E+000
1	157.80196593	-5.730574E-013	-1.132068E-012	-1	0.000000E+000
1	157.80360295	-1.115810E-012	-5.388858E-013	0	0.000000E+000
1	158.27234730	-6.005172E-013	-1.168954E-012	-1	0.000000E+000
1	158.27380930	-1.169780E-012	-5.456550E-013	0	0.000000E+000
1	158.37884281	-6.004000E-013	-9.720088E-013	-1	0.000000E+000
1	158.38097059	-9.356248E-013	-5.430793E-013	0	0.000000E+000
1	158.38224180	-5.589439E-013	-1.083749E-012	-1	0.000000E+000
1	158.38469805	-1.100879E-012	-5.753429E-013	0	0.000000E+000
1	158.39937177	-6.089334E-013	-1.145873E-012	-1	0.000000E+000
1	158.40119386	-1.151743E-012	-5.748225E-013	0	0.000000E+000
1	158.48044173	-5.568441E-013	-1.042803E-012	-1	0.000000E+000
1	158.48763024	-1.042803E-012	-5.586516E-013	0	0.000000E+000
1	158.49710400	-5.307886E-013	-1.499598E-012	-1	0.000000E+000
1	158.49794947	-1.482393E-012	-6.040017E-013	0	0.000000E+000
1	158.50060796	-5.867974E-013	-1.010146E-012	-1	0.000000E+000
1	158.50194645	-1.023525E-012	-5.316681E-013	0	0.000000E+000
1	158.53095875	-5.575881E-013	-1.016421E-012	-1	0.000000E+000
1	158.53213655	-9.082332E-013	-5.403483E-013	0	0.000000E+000
1	158.65234827	-6.005989E-013	-1.016421E-012	-1	0.000000E+000
1	158.65278247	-1.016421E-012	-5.796838E-013	0	0.000000E+000
1	158.67989315	-5.470646E-013	-1.026076E-012	-1	0.000000E+000
1	158.68089217	-1.057937E-012	-5.366623E-013	0	0.000000E+000
1	158.68464510	-5.489644E-013	-9.726959E-013	-1	0.000000E+000
1	158.68592352	-9.726959E-013	-4.278836E-013	0	0.000000E+000
1	158.68783970	-5.483137E-013	-1.078080E-012	-1	0.000000E+000
1	158.70042807	-1.040920E-012	-5.666602E-013	0	0.000000E+000
1	158.70254613	-5.304390E-013	-9.116800E-013	-1	0.000000E+000
1	158.70400878	-9.324908E-013	-4.967369E-013	0	0.000000E+000
1	158.70568044	-5.734497E-013	-1.014906E-012	-1	0.000000E+000
1	158.70909850	-1.014906E-012	-5.327735E-013	0	0.000000E+000
1	158.71231427	-5.327735E-013	-1.037166E-012	-1	0.000000E+000
1	158.71681609	-1.037166E-012	-5.393063E-013	0	0.000000E+000
1	158.72564093	-5.532824E-013	-1.012112E-012	-1	0.000000E+000
1	158.72691260	-1.003777E-012	-5.402850E-013	0	0.000000E+000
1	158.73285924	-5.480062E-013	-1.133612E-012	-1	0.000000E+000
1	158.73412530	-1.133612E-012	-5.372774E-013	0	0.000000E+000
1	158.79082201	-5.403318E-013	-9.476607E-013	-1	0.000000E+000
1	158.79215482	-9.732488E-013	-5.273092E-013	0	0.000000E+000
1	158.83082811	-6.104723E-013	-1.020256E-012	-1	0.000000E+000
1	158.83617851	-1.020256E-012	-5.457826E-013	0	0.000000E+000
1	158.83806596	-5.837449E-013	-1.514210E-012	-1	0.000000E+000
1	158.84032270	-1.514210E-012	-5.953613E-013	0	0.000000E+000
1	158.84860709	-6.422970E-013	-1.110359E-012	-1	0.000000E+000
1	158.85567831	-1.085149E-012	-6.061327E-013	0	0.000000E+000
1	158.86080491	-6.223631E-013	-1.033182E-012	-1	0.000000E+000
1	158.86231941	-9.595938E-013	-5.595736E-013	0	0.000000E+000
1	158.87816283	-5.495215E-013	-1.052643E-012	-1	0.000000E+000
1	158.88164795	-1.026022E-012	-5.411739E-013	0	0.000000E+000
1	158.95201551	-6.068922E-013	-9.545144E-013	-1	0.000000E+000
1	158.95528892	-9.418679E-013	-5.634926E-013	0	0.000000E+000
1	158.98246116	-5.482111E-013	-9.734692E-013	-1	0.000000E+000
1	158.98646894	-1.015894E-012	-5.153000E-013	0	0.000000E+000
1	159.07433524	-5.740735E-013	-1.046680E-012	-1	0.000000E+000
1	159.07688888	-1.046680E-012	-5.954463E-013	0	0.000000E+000
1	159.07840494	-5.392759E-013	-9.112290E-013	-1	0.000000E+000
1	159.07976992	-9.394213E-013	-5.638613E-013	0	0.000000E+000
1	159.22875955	-5.392759E-013	-1.066068E-012	-1	0.000000E+000
1	159.27810026	-9.788110E-013	-4.886450E-013	0	0.000000E+000
1	159.27951243	-5.080338E-013	-1.088165E-012	-1	0.000000E+000
1	159.29628550	-9.784939E-013	-5.761978E-013	0	0.000000E+000
1	159.29708645	-5.761978E-013	-1.028787E-012	-1	0.000000E+000
1	159.43404219	-8.999427E-013	-4.896432E-013	0	0.000000E+000
1	159.45266715	-5.867380E-013	-1.048284E-012	-1	0.000000E+000
1	159.45327408	-1.048284E-012	-5.161157E-013	0	0.000000E+000
1	159.96119851	-5.472378E-013	-9.605380E-013	-1	0.000000E+000
1	159.96233329	-9.355302E-013	-4.723236E-013	0	0.000000E+000
1	160.35030591	-5.241214E-013	-9.215752E-013	-1	0.000000E+000
1	160.35304338	-9.211921E-013	-5.197714E-013	0	0.000000E+000
1	160.39037202	-5.115543E-013	-1.023848E-012	-1	0.000000E+000
1	160.39878456	-9.125286E-013	-5.085520E-013	0	0.000000E+000
1	160.40170197	-5.085520E-013	-9.865797E-013	-1	0.000000E+000
1	160.40336788	-9.435690E-013	-5.403853E-013	0	0.000000E+000
1	160.49278191	-5.181748E-013	-9.446625E-013	-1	0.000000E+000
1	160.49723490	-8.706765E-013	-4.664127E-013	0	0.000000E+000
1	160.92406573	-5.755575E-013	-1.019739E-012	-1	0.000000E+000
1	160.92597211	-9.299707E-013	-5.601772E-013	0	0.000000E+000
1	161.50084534	-5.601772E-013	-1.144490E-012	-1	0.000000E+000
1	161.50380506	-1.106967E-012	-5.156546E-013	0	0.000000E+000
1	162.99652675	-5.596948E-013	-9.906300E-013	-1	0.000000E+000
1	163.00030699	-9.906300E-013	-5.166421E-013	0	0.000000E+000
1	163.00835547	-5.357559E-013	-9.367633E-013	-1	0.000000E+000
1	163.00989610	-9.459251E-013	-4.542534E-013	0	0.000000E+000
1	163.01744773	-5.076117E-013	-8.926460E-013	-1	0.000000E+000
1	163.02138224	-8.926460E-013	-4.568366E-013	0	0.000000E+000
1	163.24818996	-5.357559E-013	-1.057193E-012	-1	0.000000E+000
1	163.25022308	-1.057193E-012	-5.002310E-013	0	0.000000E+000
1	163.30935347	-4.826875E-013	-9.441980E-013	-1	0.000000E+000
1	163.31143982	-9.425683E-013	-5.236910E-013	0	0.000000E+000
1	163.31948958	-5.245861E-013	-1.080789E-012	-1	0.000000E+000
1	163.32185000	-1.037779E-012	-5.098205E-013	0	0.000000E+000
1	163.34446149	-5.127746E-013	-9.665727E-013	-1	0.000000E+000
1	163.34651016	-8.646858E-013	-4.525835E-013	0	0.000000E+000
1	163.34940925	-5.112354E-013	-8.707228E-013	-1	0.000000E+000
1	163.35140573	-8.944464E-013	-4.448950E-013	0	0.000000E+000
1	163.35264943	-5.073496E-013	-9.021566E-013	-1	0.000000E+000
1	163.35356578	-9.021566E-013	-4.448950E-013	0	0.000000E+000
1	163.53018076	-5.127746E-013	-9.665727E-013	-1	0.000000E+000
1	163.53131330	-9.665727E-013	-5.022399E-013	0	0.000000E+000
1	163.60605672	-4.673225E-013	-1.026299E-012	-1	0.000000E+000
1	163.60712154	-1.017620E-012	-4.269916E-013	0	0.000000E+000
1	164.31298432	-4.588923E-013	-8.692306E-013	-1	0.000000E+000
1	164.31563372	-8.176306E-013	-4.617653E-013	0	0.000000E+000
1	164.46081637	-5.045170E-013	-9.218961E-013	-1	0.000000E+000
1	164.46176281	-9.329247E-013	-4.567994E-013	0	0.000000E+000
1	164.61465951	-5.280204E-013	-9.663806E-013	-1	0.000000E+000
1	164.61569062	-9.663806E-013	-5.550808E-013	0	0.000000E+000
1	166.13741685	-5.709788E-013	-9.589426E-013	-1	0.000000E+000
1	166.14005604	-9.520134E-013	-5.220443E-013	0	0.000000E+000
1	167.09842554	-5.554638E-013	-9.833126E-013	-1	0.000000E+000
1	167.11950765	-9.833126E-013	-5.286754E-013	0	0.000000E+000
1	167.22076589	-5.742782E-013	-9.611123E-013	-1	0.000000E+000
1	167.22248662	-9.735894E-013	-5.460138E-013	0	0.000000E+000
1	167.45244089	-5.432599E-013	-1.063660E-012	-1	0.000000E+000
1	167.45579896	-9.570840E-013	-5.222911E-013	0	0.000000E+000
1	167.45957335	-5.357955E-013	-1.005121E-012	-1	0.000000E+000
1	167.46206556	-1.005121E-012	-4.595024E-013	0	0.000000E+000
1	167.46328639	-4.595024E-013	-1.037146E-012	-1	0.000000E+000
1	167.50317038	-8.872110E-013	-4.608016E-013	0	0.000000E+000
1	167.50468846	-4.840939E-013	-9.277442E-013	-1	0.000000E+000
1	167.50902280	-9.771235E-013	-5.218253E-013	0	0.000000E+000
1	167.51720777	-5.232202E-013	-1.011198E-012	-1	0.000000E+000
1	167.51841995	-9.281221E-013	-4.556920E-013	0	0.000000E+000
1	167.52035052	-4.556920E-013	-9.272778E-013	-1	0.000000E+000
1	167.56633193	-9.272778E-013	-4.640385E-013	0	0.000000E+000
1	167.63072318	-4.898449E-013	-8.390337E-013	-1	0.000000E+000
1	167.63399818	-8.195375E-013	-4.214075E-013	0	0.000000E+000
1	167.64574535	-5.246333E-013	-9.250552E-013	-1	0.000000E+000
1	167.64732342	-9.571543E-013	-5.464690E-013	0	0.000000E+000
1	168.18694348	-5.712817E-013	-1.308164E-012	-1	0.000000E+000
1	168.19036787	-1.308164E-012	-5.564338E-013	0	0.000000E+000
1	168.34220570	-4.476891E-013	-1.072054E-012	-1	0.000000E+000
1	168.34489385	-1.072054E-012	-5.230241E-013	0	0.000000E+000
1	168.53880995	-5.084895E-013	-9.937123E-013	-1	0.000000E+000
1	168.54847448	-9.791677E-013	-5.496893E-013	0	0.000000E+000
1	168.54992006	-5.710545E-013	-9.693153E-013	-1	0.000000E+000
1	168.55135310	-9.044118E-013	-4.923798E-013	0	0.000000E+000
1	168.62496178	-4.923798E-013	-9.142726E-013	-1	0.000000E+000
1	168.62665027	-9.109356E-013	-4.832058E-013	0	0.000000E+000
1	168.73433627	-4.898255E-013	-1.164377E-012	-1	0.000000E+000
1	168.74210986	-1.110646E-012	-5.460356E-013	0	0.000000E+000
1	168.74299569	-5.460356E-013	-1.013173E-012	-1	0.000000E+000
1	168.74378967	-1.013173E-012	-5.167896E-013	0	0.000000E+000
1	168.74964133	-4.836760E-013	-1.102672E-012	-1	0.000000E+000
1	168.75052078	-1.102672E-012	-5.437670E-013	0	0.000000E+000
1	169.38713307	-4.962997E-013	-9.903691E-013	-1	0.000000E+000
1	169.38947555	-9.866223E-013	-5.199752E-013	0	0.000000E+000
1	169.39114622	-5.183281E-013	-1.015549E-012	-1	0.000000E+000
1	169.39161765	-1.015549E-012	-5.065423E-013	0	0.000000E+000
1	169.53337238	-5.593986E-013	-9.837310E-013	-1	0.000000E+000
1	169.53441326	-9.552017E-013	-5.101930E-013	0	0.000000E+000
1	169.53695842	-5.251441E-013	-1.066244E-012	-1	0.000000E+000
1	169.53905675	-9.664171E-013	-4.632696E-013	0	0.000000E+000
1	169.54220737	-5.234846E-013	-8.755365E-013	-1	0.000000E+000
1	169.54342505	-8.950790E-013	-5.274476E-013	0	0.000000E+000
1	170.53373761	-4.973986E-013	-1.127654E-012	-1	0.000000E+000
1	170.69883903	-9.374564E-013	-5.302848E-013	0	0.000000E+000
1	170.71789066	-4.817890E-013	-9.702210E-013	-1	0.000000E+000
1	170.71915093	-9.947895E-013	-4.935263E-013	0	0.000000E+000
1	170.72118408	-4.633177E-013	-9.714166E-013	-1	0.000000E+000
1	170.72256303	-9.717994E-013	-4.877689E-013	0	0.000000E+000
1	170.81157103	-5.127288E-013	-9.667337E-013	-1	0.000000E+000
1	170.81409908	-9.667337E-013	-5.107106E-013	0	0.000000E+000
1	170.94467300	-5.393135E-013	-9.806187E-013	-1	0.000000E+000
1	170.94642087	-9.806187E-013	-4.944607E-013	0	0.000000E+000
1	170.96778419	-4.980020E-013	-1.058049E-012	-1	0.000000E+000
1	170.96934458	-1.058049E-012	-5.298937E-013	0	0.000000E+000
1	171.16775288	-4.805144E-013	-1.078045E-012	-1	0.000000E+000
1	171.16911400	-1.062371E-012	-5.089328E-013	0	0.000000E+000
1	171.34177014	-4.993499E-013	-9.692602E-013	-1	0.000000E+000
1	171.34597389	-9.692602E-013	-5.025333E-013	0	0.000000E+000
1	171.42436315	-4.983056E-013	-9.443238E-013	-1	0.000000E+000
1	171.42613723	-9.190832E-013	-4.344746E-013	0	0.000000E+000
1	171.71110032	-4.988424E-013	-1.023869E-012	-1	0.000000E+000
1	171.71182254	-1.023869E-012	-5.554622E-013	0	0.000000E+000
1	172.14223874	-5.187892E-013	-9.568528E-013	-1	0.000000E+000
1	172.14412302	-9.176657E-013	-5.006891E-013	0	0.000000E+000
1	172.14758425	-5.006891E-013	-1.207668E-012	-1	0.000000E+000
1	172.14977704	-1.439922E-012	-5.317174E-013	0	0.000000E+000
1	172.16674808	-5.479926E-013	-9.821300E-013	-1	0.000000E+000
1	172.16993003	-1.102560E-012	-5.199632E-013	0	0.000000E+000
1	172.17278255	-5.199632E-013	-9.571042E-013	-1	0.000000E+000
1	172.17591538	-9.976129E-013	-5.555330E-013	0	0.000000E+000
1	172.18550597	-4.775592E-013	-9.326243E-013	-1	0.000000E+000
1	172.18834325	-8.990646E-013	-4.599973E-013	0	0.000000E+000
1	172.18946426	-4.599973E-013	-9.988093E-013	-1	0.000000E+000
1	172.22028288	-1.002193E-012	-4.730388E-013	0	0.000000E+000
1	172.24698517	-5.509102E-013	-1.219478E-012	-1	0.000000E+000
1	172.24836957	-1.219478E-012	-5.341892E-013	0	0.000000E+000
1	172.24981351	-5.427913E-013	-1.003877E-012	-1	0.000000E+000
1	172.25027408	-1.003877E-012	-5.366793E-013	0	0.000000E+000
1	172.32864487	-4.320081E-013	-1.178816E-012	-1	0.000000E+000
1	172.33150996	-1.178816E-012	-5.187313E-013	0	0.000000E+000
1	172.33271487	-5.187313E-013	-1.164251E-012	-1	0.000000E+000
1	172.33675506	-1.164251E-012	-5.809301E-013	0	0.000000E+000
1	172.33962924	-5.809301E-013	-1.161580E-012	-1	0.000000E+000
1	172.35276661	-1.047959E-012	-5.902271E-013	0	0.000000E+000
1	172.35379097	-5.902271E-013	-1.088924E-012	-1	0.000000E+000
1	172.40223302	-1.160771E-012	-5.219495E-013	0	0.000000E+000
1	172.40406377	-5.219495E-013	-1.261603E-012	-1	0.000000E+000
1	172.42524232	-1.200988E-012	-6.308684E-013	0	0.000000E+000
1	172.42581047	-6.308684E-013	-1.224226E-012	-1	0.000000E+000
1	172.43004056	-1.167527E-012	-5.486320E-013	0	0.000000E+000
1	172.43144908	-5.486320E-013	-1.145469E-012	-1	0.000000E+000
1	172.43904210	-1.187147E-012	-4.722374E-013	0	0.000000E+000
1	172.44044925	-4.722374E-013	-1.154894E-012	-1	0.000000E+000
1	172.47730349	-1.136662E-012	-3.317853E-013	0	0.000000E+000
1	172.47855885	-3.317853E-013	-1.182047E-012	-1	0.000000E+000
1	172.53201690	-1.125718E-012	-5.579983E-013	0	0.000000E+000
1	172.53268985	-5.579983E-013	-1.152653E-012	-1	0.000000E+000
1	172.53380000	-1.088421E-012	-5.295309E-013	0	0.000000E+000
1	172.53456618	-5.295309E-013	-1.197850E-012	-1	0.000000E+000
1	172.53580622	-1.197850E-012	-5.295309E-013	0	0.000000E+000
1	172.54034821	-4.688607E-013	-1.222394E-012	-1	0.000000E+000
1	172.54861901	-1.174331E-012	-5.075450E-013	0	0.000000E+000
1	172.60750361	-4.554208E-013	-1.129730E-012	-1	0.000000E+000
1	172.60836906	-1.129730E-012	-5.053497E-013	0	0.000000E+000
1	173.04954873	-4.930132E-013	-9.803028E-013	-1	0.000000E+000
1	173.05075890	-9.843545E-013	-4.626840E-013	0	0.000000E+000
1	173.05724045	-4.930099E-013	-1.202136E-012	-1	0.000000E+000
1	173.05941557	-1.202136E-012	-5.451406E-013	0	0.000000E+000
1	173.21656060	-5.327588E-013	-1.041108E-012	-1	0.000000E+000
1	173.21956964	-9.972749E-013	-5.041142E-013	0	0.000000E+000
1	173.26983704	-5.109870E-013	-1.081631E-012	-1	0.000000E+000
1	173.27108117	-1.081631E-012	-5.122101E-013	0	0.000000E+000
1	173.27153761	-5.122101E-013	-9.145875E-013	-1	0.000000E+000
1	173.27703258	-1.054110E-012	-4.542735E-013	0	0.000000E+000
1	173.28092960	-5.576999E-013	-1.160218E-012	-1	0.000000E+000
1	173.28615784	-1.013982E-012	-5.276202E-013	0	0.000000E+000
1	173.29167585	-5.313347E-013	-9.839335E-013	-1	0.000000E+000
1	173.29361306	-9.479089E-013	-5.329689E-013	0	0.000000E+000
1	173.57021864	-4.832668E-013	-9.450768E-013	-1	0.000000E+000
1	173.57287520	-9.450768E-013	-5.064940E-013	0	0.000000E+000
1	173.62921382	-4.858398E-013	-9.272538E-013	-1	0.000000E+000
1	173.63915547	-9.272538E-013	-4.712973E-013	0	0.000000E+000
1	173.64032701	-4.712973E-013	-9.944595E-013	-1	0.000000E+000
1	173.66854962	-8.617768E-013	-3.965852E-013	0	0.000000E+000
1	173.67062915	-3.965852E-013	-9.558192E-013	-1	0.000000E+000
1	173.67887386	-8.952190E-013	-4.259750E-013	0	0.000000E+000
1	173.71302035	-5.013937E-013	-9.774401E-013	-1	0.000000E+000
1	173.71479766	-9.774401E-013	-5.085459E-013	0	0.000000E+000
1	173.72738110	-5.099990E-013	-9.421725E-013	-1	0.000000E+000
1	173.72980556	-1.034764E-012	-5.100440E-013	0	0.000000E+000
1	174.15674440	-5.250285E-013	-1.141082E-012	-1	0.000000E+000
1	174.15941081	-1.141082E-012	-5.118340E-013	0	0.000000E+000
1	174.16069984	-5.528132E-013	-1.201428E-012	-1	0.000000E+000
1	174.16186492	-1.201428E-012	-5.529925E-013	0	0.000000E+000
1	174.18429161	-4.514677E-013	-1.292149E-012	-1	0.000000E+000
1	174.19326500	-1.068848E-012	-5.388038E-013	0	0.000000E+000
1	174.19862288	-4.987008E-013	-1.107219E-012	-1	0.000000E+000
1	174.23632671	-1.192408E-012	-6.037284E-013	0	0.000000E+000
1	174.23731780	-6.037284E-013	-1.190244E-012	-1	0.000000E+000
1	174.27084435	-1.122764E-012	-6.384457E-013	0	0.000000E+000
1	174.27180287	-6.591160E-013	-1.227927E-012	-1	0.000000E+000
1	174.28461251	-1.143334E-012	-5.302947E-013	0	0.000000E+000
1	174.28549885	-5.302947E-013	-1.187743E-012	-1	0.000000E+000
1	174.29192486	-1.183834E-012	-5.519083E-013	0	0.000000E+000
1	174.29678114	-5.377715E-013	-1.230630E-012	-1	0.000000E+000
1	174.31320404	-1.128343E-012	-5.416781E-013	0	0.000000E+000
1	174.31406519	-5.416781E-013	-1.123571E-012	-1	0.000000E+000
1	174.31699923	-1.123571E-012	-5.502986E-013	0	0.000000E+000
1	174.31782773	-5.502986E-013	-1.182611E-012	-1	0.000000E+000
1	174.62227198	-1.116220E-012	-6.517287E-013	0	0.000000E+000
1	174.62305029	-6.517287E-013	-1.189218E-012	-1	0.000000E+000
1	175.11816390	-9.054318E-013	-4.904097E-013	0	0.000000E+000
1	175.11982593	-5.177323E-013	-9.204922E-013	-1	0.000000E+000
1	175.26676047	-1.086179E-012	-5.407766E-013	0	0.000000E+000
1	175.26905494	-5.407766E-013	-1.051783E-012	-1	0.000000E+000
1	175.29085698	-1.121091E-012	-5.298879E-013	0	0.000000E+000
1	175.29201686	-5.672937E-013	-1.123165E-012	-1	0.000000E+000
1	175.30214798	-1.109935E-012	-5.012932E-013	0	0.000000E+000
1	175.30401080	-5.012932E-013	-1.145893E-012	-1	0.000000E+000
1	175.31041883	-1.099206E-012	-5.302284E-013	0	0.000000E+000
1	175.31138598	-5.506375E-013	-1.159766E-012	-1	0.000000E+000
1	175.34046662	-1.036695E-012	-4.636304E-013	0	0.000000E+000
1	175.34161871	-5.059822E-013	-1.003173E-012	-1	0.000000E+000
1	175.34374336	-9.841196E-013	-4.725672E-013	0	0.000000E+000
1	175.34794095	-5.262125E-013	-1.099936E-012	-1	0.000000E+000
1	175.40847242	-1.009536E-012	-4.654482E-013	0	0.000000E+000
1	175.40981676	-4.794625E-013	-9.795934E-013	-1	0.000000E+000
1	175.49601477	-1.056940E-012	-5.294584E-013	0	0.000000E+000
1	175.49809489	-5.024173E-013	-8.948958E-013	-1	0.000000E+000
1	175.50035674	-8.636309E-013	-4.378661E-013	0	0.000000E+000
1	175.50271503	-4.680087E-013	-1.023928E-012	-1	0.000000E+000
1	175.50663480	-9.737096E-013	-5.652744E-013	0	0.000000E+000
1	175.50799514	-5.992064E-013	-1.022099E-012	-1	0.000000E+000
1	175.51389963	-1.022099E-012	-5.544038E-013	0	0.000000E+000
1	175.51538908	-5.544038E-013	-1.026381E-012	-1	0.000000E+000
1	175.52493886	-1.171318E-012	-5.316105E-013	0	0.000000E+000
1	175.52608848	-5.316105E-013	-1.152272E-012	-1	0.000000E+000
1	175.53024652	-1.152272E-012	-5.565682E-013	0	0.000000E+000
1	175.80316932	-5.316122E-013	-8.653737E-013	-1	0.000000E+000
1	175.80496437	-8.869501E-013	-5.152558E-013	0	0.000000E+000
1	175.96000823	-5.316122E-013	-1.106234E-012	-1	0.000000E+000
1	175.97001147	-1.148551E-012	-5.276898E-013	0	0.000000E+000
1	175.97340200	-5.018833E-013	-9.576005E-013	-1	0.000000E+000
1	175.97579686	-9.576005E-013	-4.665926E-013	0	0.000000E+000
1	176.36282377	-5.324435E-013	-1.117613E-012	-1	0.000000E+000
1	176.36651100	-1.152022E-012	-5.222055E-013	0	0.000000E+000
1	176.39700496	-5.357441E-013	-1.023402E-012	-1	0.000000E+000
1	176.39864671	-1.023402E-012	-5.298974E-013	0	0.000000E+000
1	176.43124058	-5.214724E-013	-1.066929E-012	-1	0.000000E+000
1	176.43472207	-9.551008E-013	-5.511531E-013	0	0.000000E+000
1	176.64508544	-5.306989E-013	-9.303966E-013	-1	0.000000E+000
1	176.64696026	-8.893261E-013	-4.804055E-013	0	0.000000E+000
1	176.65447878	-5.651075E-013	-1.050827E-012	-1	0.000000E+000
1	176.65653258	-1.050827E-012	-5.799990E-013	0	0.000000E+000
1	176.65729393	-5.799990E-013	-9.843889E-013	-1	0.000000E+000
1	176.65995658	-1.003124E-012	-4.792023E-013	0	0.000000E+000
1	176.66679085	-5.244152E-013	-1.012277E-012	-1	0.000000E+000
1	176.67704981	-8.762999E-013	-5.001730E-013	0	0.000000E+000
1	176.67847763	-5.001730E-013	-9.817783E-013	-1	0.000000E+000
1	176.68910165	-9.736352E-013	-4.929700E-013	0	0.000000E+000
1	176.69909021	-5.018119E-013	-9.969364E-013	-1	0.000000E+000
1	176.70453401	-9.553784E-013	-5.505153E-013	0	0.000000E+000
1	176.70614194	-5.505153E-013	-1.002998E-012	-1	0.000000E+000
1	176.71715702	-1.002998E-012	-5.447813E-013	0	0.000000E+000
1	176.72098806	-5.447813E-013	-1.015924E-012	-1	0.000000E+000
1	176.73043261	-9.561697E-013	-4.850799E-013	0	0.000000E+000
1	176.82138515	-5.885197E-013	-1.009636E-012	-1	0.000000E+000
1	176.82282882	-1.011046E-012	-5.092386E-013	0	0.000000E+000
1	177.22900823	-5.186221E-013	-1.262161E-012	-1	0.000000E+000
1	177.23524506	-1.233039E-012	-5.032728E-013	0	0.000000E+000
1	177.23686234	-5.032728E-013	-1.228410E-012	-1	0.000000E+000
1	177.23896353	-1.228410E-012	-5.755997E-013	0	0.000000E+000
1	177.24689930	-5.836017E-013	-1.170171E-012	-1	0.000000E+000
1	177.24767913	-1.170171E-012	-5.625156E-013	0	0.000000E+000
1	177.27184008	-5.297589E-013	-1.183446E-012	-1	0.000000E+000
1	177.27248208	-1.183446E-012	-5.751905E-013	0	0.000000E+000
1	177.27344148	-5.751905E-013	-1.239539E-012	-1	0.000000E+000
1	177.27467942	-1.239539E-012	-5.751905E-013	0	0.000000E+000
1	177.31634641	-5.633622E-013	-1.201553E-012	-1	0.000000E+000
1	177.31698505	-1.201553E-012	-5.810461E-013	0	0.000000E+000
1	177.32205246	-5.546011E-013	-1.326592E-012	-1	0.000000E+000
1	177.32340878	-1.274688E-012	-5.711059E-013	0	0.000000E+000
1	177.34977734	-5.726778E-013	-1.240700E-012	-1	0.000000E+000
1	177.35228945	-1.240700E-012	-5.551736E-013	0	0.000000E+000
1	177.35633476	-5.551736E-013	-1.171467E-012	-1	0.000000E+000
1	177.35811543	-1.171467E-012	-5.658645E-013	0	0.000000E+000
1	177.36096159	-5.916709E-013	-1.095583E-012	-1	0.000000E+000
1	177.36208851	-1.063945E-012	-5.302140E-013	0	0.000000E+000
1	177.36407936	-5.687335E-013	-1.264062E-012	-1	0.000000E+000
1	177.36568238	-1.264062E-012	-5.522747E-013	0	0.000000E+000
1	177.36795516	-5.522747E-013	-1.202462E-012	-1	0.000000E+000
1	177.37374917	-1.166227E-012	-5.691647E-013	0	0.000000E+000
1	177.44426468	-5.336758E-013	-1.206228E-012	-1	0.000000E+000
1	177.44524598	-1.193430E-012	-5.521212E-013	0	0.000000E+000
1	177.46983878	-5.634582E-013	-9.550282E-013	-1	0.000000E+000
1	177.47076636	-9.359702E-013	-5.361256E-013	0	0.000000E+000
1	177.51244068	-5.128603E-013	-9.757208E-013	-1	0.000000E+000
1	177.52202796	-1.088408E-012	-5.144726E-013	0	0.000000E+000
1	177.52323756	-5.281798E-013	-1.070684E-012	-1	0.000000E+000
1	177.52532261	-1.042174E-012	-5.690408E-013	0	0.000000E+000
1	177.52630092	-5.690408E-013	-1.118221E-012	-1	0.000000E+000
1	177.58745731	-1.120153E-012	-5.649914E-013	0	0.000000E+000
1	177.59117023	-5.649914E-013	-1.158943E-012	-1	0.000000E+000
1	177.59230065	-1.158943E-012	-5.533751E-013	0	0.000000E+000
1	177.59899299	-5.225012E-013	-1.064579E-012	-1	0.000000E+000
1	177.59966205	-1.064579E-012	-4.895031E-013	0	0.000000E+000
1	177.93038803	-5.777775E-013	-1.193032E-012	-1	0.000000E+000
1	177.93295917	-1.193032E-012	-5.418628E-013	0	0.000000E+000
1	178.02780093	-5.437841E-013	-1.201833E-012	-1	0.000000E+000
1	178.02894319	-1.159014E-012	-4.879798E-013	0	0.000000E+000
1	178.06072372	-5.136151E-013	-1.115801E-012	-1	0.000000E+000
1	178.06199202	-1.115801E-012	-5.248459E-013	0	0.000000E+000
1	178.07380082	-5.443682E-013	-1.176181E-012	-1	0.000000E+000
1	178.07434950	-1.176181E-012	-5.442933E-013	0	0.000000E+000
1	179.17375236	-5.579512E-013	-9.308914E-013	-1	0.000000E+000
1	179.17557830	-8.678952E-013	-4.961512E-013	0	0.000000E+000
1	179.33179055	-5.305598E-013	-1.016913E-012	-1	0.000000E+000
1	179.33413428	-1.016913E-012	-5.410211E-013	0	0.000000E+000
1	179.35912277	-5.670520E-013	-1.163434E-012	-1	0.000000E+000
1	179.36037219	-1.110544E-012	-5.610423E-013	0	0.000000E+000
1	179.51519201	-5.519479E-013	-1.267386E-012	-1	0.000000E+000
1	179.51826944	-1.267386E-012	-5.989943E-013	0	0.000000E+000
1	179.52863975	-5.423487E-013	-1.035786E-012	-1	0.000000E+000
1	179.53041249	-9.213640E-013	-5.632665E-013	0	0.000000E+000
1	179.70491276	-5.427635E-013	-1.043434E-012	-1	0.000000E+000
1	179.71265638	-1.056109E-012	-5.214450E-013	0	0.000000E+000
1	179.77962387	-5.723009E-013	-1.051489E-012	-1	0.000000E+000
1	179.78116508	-9.963863E-013	-5.390125E-013	0	0.000000E+000
1	179.80873768	-5.408889E-013	-1.096705E-012	-1	0.000000E+000
1	179.80985174	-1.011222E-012	-4.959254E-013	0	0.000000E+000
1	179.87556102	-5.418686E-013	-9.576221E-013	-1	0.000000E+000
1	179.87815024	-1.021645E-012	-5.451129E-013	0	0.000000E+000
1	179.88369802	-5.829357E-013	-1.149637E-012	-1	0.000000E+000
1	179.88595212	-1.123830E-012	-5.292904E-013	0	0.000000E+000
1	179.91621019	-5.464826E-013	-1.130963E-012	-1	0.000000E+000
1	179.91729913	-1.130963E-012	-5.543347E-013	0	0.000000E+000
1	179.92060478	-5.813470E-013	-1.060336E-012	-1	0.000000E+000
1	179.92161538	-1.060336E-012	-5.366829E-013	0	0.000000E+000
1	180.06386811	-5.404631E-013	-1.408403E-012	-1	0.000000E+000
1	180.07171586	-1.227758E-012	-5.777580E-013	0	0.000000E+000
