29	5.08385192	-4.551887E-013	-9.616430E-013	-1	0.000000E+000
29	5.08486838	-8.786491E-013	-4.491668E-013	0	0.000000E+000
29	5.58378376	-4.587515E-013	-8.645976E-013	-1	0.000000E+000
29	5.58431210	-8.645976E-013	-4.608141E-013	0	0.000000E+000
29	5.58724905	-4.350076E-013	-8.207674E-013	-1	0.000000E+000
29	5.58776381	-8.207674E-013	-4.481206E-013	0	0.000000E+000
29	5.59915838	-4.225853E-013	-1.039050E-012	-1	0.000000E+000
29	5.60008940	-1.039050E-012	-4.779198E-013	0	0.000000E+000
29	6.31242127	-4.426829E-013	-9.917958E-013	-1	0.000000E+000
29	6.31622442	-8.283550E-013	-4.297861E-013	0	0.000000E+000
29	6.36505035	-4.011195E-013	-8.504340E-013	-1	0.000000E+000
29	6.36587800	-8.504340E-013	-4.454884E-013	0	0.000000E+000
29	6.37315962	-4.431355E-013	-9.136670E-013	-1	0.000000E+000
29	6.37467500	-8.276455E-013	-4.418461E-013	0	0.000000E+000
29	6.40999867	-4.300271E-013	-8.091277E-013	-1	0.000000E+000
29	6.41136638	-7.579960E-013	-4.065365E-013	0	0.000000E+000
29	6.41316007	-4.412321E-013	-8.232392E-013	-1	0.000000E+000
29	6.41559921	-7.716263E-013	-4.267659E-013	0	0.000000E+000
29	6.47026862	-4.250483E-013	-1.028244E-012	-1	0.000000E+000
29	6.47125764	-1.028244E-012	-4.598631E-013	0	0.000000E+000
29	6.48359434	-3.919555E-013	-7.733633E-013	-1	0.000000E+000
29	6.48443094	-7.733633E-013	-4.169300E-013	0	0.000000E+000
29	6.56373394	-4.309188E-013	-8.303343E-013	-1	0.000000E+000
29	6.56484244	-7.876115E-013	-3.947480E-013	0	0.000000E+000
29	6.64884202	-4.193785E-013	-9.026972E-013	-1	0.000000E+000
29	6.64945151	-9.026972E-013	-4.490264E-013	0	0.000000E+000
29	6.65209853	-4.490264E-013	-8.901264E-013	-1	0.000000E+000
29	6.65253239	-8.901264E-013	-4.347806E-013	0	0.000000E+000
29	6.65401951	-4.347806E-013	-9.109518E-013	-1	0.000000E+000
29	6.65490179	-9.109518E-013	-4.721828E-013	0	0.000000E+000
29	6.65565381	-4.721828E-013	-1.212027E-012	-1	0.000000E+000
29	6.65621784	-1.212027E-012	-5.085425E-013	0	0.000000E+000
29	6.65947771	-5.257468E-013	-1.083505E-012	-1	0.000000E+000
29	6.66052550	-1.038086E-012	-5.017369E-013	0	0.000000E+000
29	6.66744981	-4.813795E-013	-9.265211E-013	-1	0.000000E+000
29	6.66812070	-9.265211E-013	-4.388471E-013	0	0.000000E+000
29	6.67098136	-5.850836E-013	-1.347087E-012	-1	0.000000E+000
29	6.67153859	-1.347087E-012	-4.085042E-013	0	0.000000E+000
29	6.81142708	-4.492328E-013	-7.842129E-013	-1	0.000000E+000
29	6.81234589	-7.842129E-013	-4.069296E-013	0	0.000000E+000
29	6.86837693	-4.114652E-013	-1.162292E-012	-1	0.000000E+000
29	6.86907851	-1.162292E-012	-4.284170E-013	0	0.000000E+000
29	6.88675258	-4.226777E-013	-1.341098E-012	-1	0.000000E+000
29	6.88740567	-1.341098E-012	-4.496188E-013	0	0.000000E+000
29	6.90638147	-4.527637E-013	-1.267283E-012	-1	0.000000E+000
29	6.90701773	-1.267283E-012	-5.100073E-013	0	0.000000E+000
29	6.91456175	-4.160534E-013	-1.031310E-012	-1	0.000000E+000
29	6.91630000	-1.031310E-012	-4.003327E-013	0	0.000000E+000
29	6.91730324	-4.003327E-013	-9.145685E-013	-1	0.000000E+000
29	6.91867887	-9.145685E-013	-3.973953E-013	0	0.000000E+000
29	6.93574125	-4.135465E-013	-7.739450E-013	-1	0.000000E+000
29	6.93726556	-7.366319E-013	-3.327244E-013	0	0.000000E+000
29	6.93777500	-3.327244E-013	-8.951315E-013	-1	0.000000E+000
29	6.93841034	-8.951315E-013	-4.125862E-013	0	0.000000E+000
29	7.51645669	-4.094221E-013	-9.518910E-013	-1	0.000000E+000
29	7.51688554	-9.518910E-013	-4.495364E-013	0	0.000000E+000
29	7.65996495	-3.982801E-013	-8.487231E-013	-1	0.000000E+000
29	7.66056361	-8.487231E-013	-3.770775E-013	0	0.000000E+000
29	7.66106526	-3.770775E-013	-7.484085E-013	-1	0.000000E+000
29	7.66890569	-7.484085E-013	-4.171916E-013	0	0.000000E+000
29	7.69640599	-4.501045E-013	-7.490555E-013	-1	0.000000E+000
29	7.69761161	-7.465103E-013	-3.995557E-013	0	0.000000E+000
29	7.72200718	-4.307325E-013	-8.835327E-013	-1	0.000000E+000
29	7.72269838	-8.835327E-013	-4.286852E-013	0	0.000000E+000
29	7.73894843	-4.434382E-013	-1.231663E-012	-1	0.000000E+000
29	7.73931886	-1.231663E-012	-4.574461E-013	0	0.000000E+000
29	7.80955821	-4.528863E-013	-1.203028E-012	-1	0.000000E+000
29	7.81055324	-1.203028E-012	-4.326790E-013	0	0.000000E+000
29	7.81436455	-4.292404E-013	-1.038660E-012	-1	0.000000E+000
29	7.81595000	-9.784446E-013	-4.057119E-013	0	0.000000E+000
29	7.82016986	-4.057119E-013	-7.782390E-013	-1	0.000000E+000
29	7.82052685	-7.782390E-013	-3.914877E-013	0	0.000000E+000
29	7.95875073	-3.852843E-013	-7.039582E-013	-1	0.000000E+000
29	7.96012184	-6.937131E-013	-3.630862E-013	0	0.000000E+000
29	8.01377268	-4.533251E-013	-8.372398E-013	-1	0.000000E+000
29	8.01559023	-8.372398E-013	-4.457689E-013	0	0.000000E+000
29	8.01834659	-4.457689E-013	-7.612909E-013	-1	0.000000E+000
29	8.01885000	-7.612909E-013	-4.021757E-013	0	0.000000E+000
29	8.18439335	-4.021757E-013	-8.405772E-013	-1	0.000000E+000
29	8.18516832	-8.405772E-013	-4.268101E-013	0	0.000000E+000
29	8.23706036	-4.327193E-013	-8.748122E-013	-1	0.000000E+000
29	8.23757500	-8.748122E-013	-4.159604E-013	0	0.000000E+000
29	8.30148842	-4.184410E-013	-7.004785E-013	-1	0.000000E+000
29	8.30370028	-7.057273E-013	-4.174024E-013	0	0.000000E+000
29	8.30433529	-4.174024E-013	-7.520914E-013	-1	0.000000E+000
29	8.31094819	-7.520914E-013	-4.095343E-013	0	0.000000E+000
29	8.31659670	-4.095343E-013	-7.901702E-013	-1	0.000000E+000
29	8.31785821	-7.901702E-013	-4.397915E-013	0	0.000000E+000
29	8.32899333	-3.539850E-013	-7.064498E-013	-1	0.000000E+000
29	8.33163275	-6.721128E-013	-3.730092E-013	0	0.000000E+000
29	8.33290514	-3.730092E-013	-8.223824E-013	-1	0.000000E+000
29	8.33342708	-8.223824E-013	-3.718756E-013	0	0.000000E+000
29	8.33518927	-3.933679E-013	-8.088726E-013	-1	0.000000E+000
29	8.34122500	-6.540338E-013	-4.084563E-013	0	0.000000E+000
29	8.54608078	-4.187335E-013	-7.670519E-013	-1	0.000000E+000
29	8.54696664	-7.670519E-013	-4.178595E-013	0	0.000000E+000
29	8.59297976	-4.080691E-013	-7.406519E-013	-1	0.000000E+000
29	8.59489201	-6.427498E-013	-3.468885E-013	0	0.000000E+000
29	8.59542500	-3.468885E-013	-7.273457E-013	-1	0.000000E+000
29	8.59837500	-7.273457E-013	-3.331136E-013	0	0.000000E+000
29	8.59890000	-3.331136E-013	-8.351163E-013	-1	0.000000E+000
29	8.60012500	-6.888797E-013	-3.413575E-013	0	0.000000E+000
29	8.60110307	-3.413575E-013	-7.450742E-013	-1	0.000000E+000
29	8.60210471	-7.450742E-013	-3.823272E-013	0	0.000000E+000
29	8.67406164	-3.877146E-013	-7.027787E-013	-1	0.000000E+000
29	8.67703283	-7.027787E-013	-3.827856E-013	0	0.000000E+000
29	8.85749917	-4.231714E-013	-1.150260E-012	-1	0.000000E+000
29	8.85900000	-1.150260E-012	-5.033680E-013	0	0.000000E+000
29	8.86232786	-4.775616E-013	-9.029891E-013	-1	0.000000E+000
29	8.86577132	-6.741505E-013	-4.038042E-013	0	0.000000E+000
29	8.86946273	-3.640235E-013	-6.826201E-013	-1	0.000000E+000
29	8.88323652	-6.534972E-013	-3.460570E-013	0	0.000000E+000
29	8.88392130	-3.460570E-013	-6.616297E-013	-1	0.000000E+000
29	8.88490613	-6.749601E-013	-3.603595E-013	0	0.000000E+000
29	9.09030192	-3.972638E-013	-7.112812E-013	-1	0.000000E+000
29	9.09100864	-7.112812E-013	-3.930956E-013	0	0.000000E+000
29	9.11080717	-4.748098E-013	-9.209310E-013	-1	0.000000E+000
29	9.11116096	-9.209310E-013	-4.608196E-013	0	0.000000E+000
29	9.15953492	-4.432704E-013	-1.692196E-012	-1	0.000000E+000
29	9.16035621	-1.692196E-012	-4.614195E-013	0	0.000000E+000
29	9.18698347	-4.460870E-013	-1.580493E-012	-1	0.000000E+000
29	9.18750664	-1.580493E-012	-4.192636E-013	0	0.000000E+000
29	9.30422984	-4.328875E-013	-7.971779E-013	-1	0.000000E+000
29	9.30496852	-7.971779E-013	-3.963860E-013	0	0.000000E+000
29	9.33442056	-4.348124E-013	-7.204363E-013	-1	0.000000E+000
29	9.33543057	-7.242639E-013	-3.643373E-013	0	0.000000E+000
29	9.33779938	-4.171101E-013	-7.086590E-013	-1	0.000000E+000
29	9.33935722	-6.976737E-013	-3.725569E-013	0	0.000000E+000
29	9.48076846	-4.038557E-013	-7.526784E-013	-1	0.000000E+000
29	9.48386514	-6.941384E-013	-3.390352E-013	0	0.000000E+000
29	9.53223190	-4.149741E-013	-7.987119E-013	-1	0.000000E+000
29	9.53570000	-7.126904E-013	-4.359911E-013	0	0.000000E+000
29	9.74363460	-4.348879E-013	-1.020477E-012	-1	0.000000E+000
29	9.74410030	-1.020477E-012	-4.234735E-013	0	0.000000E+000
29	9.75822500	-4.234735E-013	-1.192160E-012	-1	0.000000E+000
29	9.75872500	-1.192160E-012	-3.959115E-013	0	0.000000E+000
29	9.75922500	-3.959115E-013	-1.355601E-012	-1	0.000000E+000
29	9.76000761	-1.355601E-012	-3.959115E-013	0	0.000000E+000
29	9.77361409	-4.003151E-013	-1.116873E-012	-1	0.000000E+000
29	9.77530000	-1.116873E-012	-3.781056E-013	0	0.000000E+000
29	9.80184041	-4.745080E-013	-1.182952E-012	-1	0.000000E+000
29	9.80303057	-1.182952E-012	-3.698680E-013	0	0.000000E+000
29	9.81381316	-4.221654E-013	-1.609582E-012	-1	0.000000E+000
29	9.81447632	-1.609582E-012	-3.923161E-013	0	0.000000E+000
29	9.82728357	-4.402253E-013	-1.234108E-012	-1	0.000000E+000
29	9.83015000	-1.044860E-012	-4.241969E-013	0	0.000000E+000
29	9.83139707	-4.729751E-013	-7.488506E-013	-1	0.000000E+000
29	9.83480870	-7.945370E-013	-3.750504E-013	0	0.000000E+000
29	9.83567931	-3.750504E-013	-7.491268E-013	-1	0.000000E+000
29	9.83795577	-7.491268E-013	-3.813678E-013	0	0.000000E+000
29	9.84287428	-3.929529E-013	-8.144105E-013	-1	0.000000E+000
29	9.84837500	-7.197868E-013	-4.040011E-013	0	0.000000E+000
29	9.85237190	-4.298076E-013	-7.241299E-013	-1	0.000000E+000
29	9.85302214	-7.241299E-013	-3.819751E-013	0	0.000000E+000
29	9.85385814	-3.819751E-013	-7.770179E-013	-1	0.000000E+000
29	9.85555515	-7.914446E-013	-3.085005E-013	0	0.000000E+000
29	9.86477999	-3.865720E-013	-7.479873E-013	-1	0.000000E+000
29	9.86898308	-7.479873E-013	-3.846410E-013	0	0.000000E+000
29	9.87398900	-3.840010E-013	-7.117753E-013	-1	0.000000E+000
29	9.87450000	-7.117753E-013	-3.778034E-013	0	0.000000E+000
29	9.87792772	-3.837007E-013	-7.179050E-013	-1	0.000000E+000
29	9.88006822	-6.294534E-013	-3.266462E-013	0	0.000000E+000
29	9.88186708	-3.266462E-013	-7.651024E-013	-1	0.000000E+000
29	9.88252982	-7.651024E-013	-3.996423E-013	0	0.000000E+000
29	10.00399717	-4.479083E-013	-8.207320E-013	-1	0.000000E+000
29	10.00441592	-8.207320E-013	-4.284444E-013	0	0.000000E+000
29	10.01641932	-4.284444E-013	-9.153697E-013	-1	0.000000E+000
29	10.01757541	-8.960279E-013	-3.697178E-013	0	0.000000E+000
29	10.02352822	-3.831171E-013	-1.163057E-012	-1	0.000000E+000
29	10.02447885	-1.163057E-012	-4.506948E-013	0	0.000000E+000
29	10.02919165	-4.689968E-013	-1.159040E-012	-1	0.000000E+000
29	10.03084229	-1.159040E-012	-3.886329E-013	0	0.000000E+000
29	10.03854629	-3.946564E-013	-8.509173E-013	-1	0.000000E+000
29	10.03901132	-8.509173E-013	-3.550701E-013	0	0.000000E+000
29	10.04154547	-3.550701E-013	-1.036741E-012	-1	0.000000E+000
29	10.04359778	-1.036741E-012	-4.021645E-013	0	0.000000E+000
29	10.04692064	-4.059345E-013	-7.510191E-013	-1	0.000000E+000
29	10.05118516	-7.719714E-013	-3.698346E-013	0	0.000000E+000
29	10.12633696	-4.608427E-013	-1.196799E-012	-1	0.000000E+000
29	10.12682650	-1.196799E-012	-4.247684E-013	0	0.000000E+000
29	10.17169653	-4.301538E-013	-1.258121E-012	-1	0.000000E+000
29	10.17219642	-1.258121E-012	-5.323436E-013	0	0.000000E+000
29	10.17374582	-5.323436E-013	-1.190484E-012	-1	0.000000E+000
29	10.17420268	-1.190484E-012	-4.957804E-013	0	0.000000E+000
29	10.31189334	-4.662468E-013	-1.341879E-012	-1	0.000000E+000
29	10.31260326	-1.341879E-012	-4.327417E-013	0	0.000000E+000
29	10.38629075	-4.671556E-013	-1.760477E-012	-1	0.000000E+000
29	10.38677888	-1.760477E-012	-4.699026E-013	0	0.000000E+000
29	10.38900720	-4.613004E-013	-9.976219E-013	-1	0.000000E+000
29	10.38950000	-9.976219E-013	-4.176955E-013	0	0.000000E+000
29	10.39114698	-4.176955E-013	-8.240852E-013	-1	0.000000E+000
29	10.39194335	-8.240852E-013	-3.827853E-013	0	0.000000E+000
29	10.39296029	-4.485093E-013	-9.580997E-013	-1	0.000000E+000
29	10.39370897	-9.580997E-013	-3.894814E-013	0	0.000000E+000
29	10.45101737	-3.894814E-013	-7.239667E-013	-1	0.000000E+000
29	10.45269684	-7.013872E-013	-3.554093E-013	0	0.000000E+000
29	10.46191347	-3.554093E-013	-7.202581E-013	-1	0.000000E+000
29	10.46275401	-7.202581E-013	-3.652560E-013	0	0.000000E+000
29	10.49927740	-4.360238E-013	-9.844631E-013	-1	0.000000E+000
29	10.50775000	-7.694093E-013	-4.240877E-013	0	0.000000E+000
29	10.51495921	-4.044452E-013	-7.645914E-013	-1	0.000000E+000
29	10.51605419	-7.393709E-013	-3.866642E-013	0	0.000000E+000
29	10.51851284	-3.180376E-013	-8.298365E-013	-1	0.000000E+000
29	10.51959200	-7.972753E-013	-3.783583E-013	0	0.000000E+000
29	10.52184999	-3.783583E-013	-8.241121E-013	-1	0.000000E+000
29	10.52326239	-8.241121E-013	-4.188108E-013	0	0.000000E+000
29	10.52735514	-4.103435E-013	-7.521342E-013	-1	0.000000E+000
29	10.52951297	-6.919192E-013	-3.533915E-013	0	0.000000E+000
29	10.53527190	-3.986163E-013	-8.271487E-013	-1	0.000000E+000
29	10.53650548	-7.465458E-013	-3.721594E-013	0	0.000000E+000
29	10.56303287	-4.082669E-013	-8.136369E-013	-1	0.000000E+000
29	10.56377427	-8.136369E-013	-4.132940E-013	0	0.000000E+000
29	10.56514183	-4.132940E-013	-1.528822E-012	-1	0.000000E+000
29	10.56581533	-1.528822E-012	-5.556237E-013	0	0.000000E+000
29	10.57042437	-4.625103E-013	-8.615342E-013	-1	0.000000E+000
29	10.57204191	-8.288602E-013	-4.074732E-013	0	0.000000E+000
29	10.57818977	-4.719005E-013	-9.048389E-013	-1	0.000000E+000
29	10.57886066	-9.048389E-013	-3.981678E-013	0	0.000000E+000
29	10.64256144	-3.981678E-013	-1.070554E-012	-1	0.000000E+000
29	10.64327802	-1.070554E-012	-3.890528E-013	0	0.000000E+000
29	10.65818198	-3.885769E-013	-7.858922E-013	-1	0.000000E+000
29	10.66039048	-6.294376E-013	-3.589908E-013	0	0.000000E+000
29	10.66243590	-3.589908E-013	-8.990799E-013	-1	0.000000E+000
29	10.66401047	-8.990799E-013	-3.523045E-013	0	0.000000E+000
29	10.67953872	-4.175738E-013	-1.305325E-012	-1	0.000000E+000
29	10.68169745	-1.305325E-012	-4.362708E-013	0	0.000000E+000
29	10.68994682	-4.075741E-013	-1.058450E-012	-1	0.000000E+000
29	10.69184820	-1.058450E-012	-3.791680E-013	0	0.000000E+000
29	10.69446348	-3.791680E-013	-6.977790E-013	-1	0.000000E+000
29	10.69553003	-6.831860E-013	-3.743478E-013	0	0.000000E+000
29	10.69999254	-4.092235E-013	-9.854718E-013	-1	0.000000E+000
29	10.70124711	-8.806188E-013	-4.454458E-013	0	0.000000E+000
29	10.70808755	-4.546842E-013	-1.553512E-012	-1	0.000000E+000
29	10.70869506	-1.553512E-012	-4.917027E-013	0	0.000000E+000
29	10.72495208	-4.238537E-013	-1.029537E-012	-1	0.000000E+000
29	10.72767339	-1.029537E-012	-4.190565E-013	0	0.000000E+000
29	10.74095311	-4.346167E-013	-1.124333E-012	-1	0.000000E+000
29	10.74147500	-1.124333E-012	-5.306774E-013	0	0.000000E+000
29	10.74251319	-5.220752E-013	-9.921581E-013	-1	0.000000E+000
29	10.74313322	-9.921581E-013	-4.958438E-013	0	0.000000E+000
29	10.74371704	-4.528331E-013	-9.047328E-013	-1	0.000000E+000
29	10.74475377	-8.413687E-013	-3.623857E-013	0	0.000000E+000
29	10.74670833	-4.503842E-013	-9.026599E-013	-1	0.000000E+000
29	10.74774643	-8.213968E-013	-4.041822E-013	0	0.000000E+000
29	10.77755503	-4.319534E-013	-8.201318E-013	-1	0.000000E+000
29	10.77805000	-8.201318E-013	-4.216588E-013	0	0.000000E+000
29	10.78102166	-4.216588E-013	-1.283174E-012	-1	0.000000E+000
29	10.78243417	-1.283174E-012	-3.980902E-013	0	0.000000E+000
29	10.81497699	-4.247257E-013	-1.202957E-012	-1	0.000000E+000
29	10.81550000	-1.202957E-012	-3.974900E-013	0	0.000000E+000
29	10.82171081	-4.572490E-013	-1.422615E-012	-1	0.000000E+000
29	10.82518894	-9.925080E-013	-3.625365E-013	0	0.000000E+000
29	10.82606222	-3.625365E-013	-8.522896E-013	-1	0.000000E+000
29	10.82651176	-8.522896E-013	-4.071607E-013	0	0.000000E+000
29	11.01483657	-4.210345E-013	-9.119605E-013	-1	0.000000E+000
29	11.01578860	-9.119605E-013	-4.004404E-013	0	0.000000E+000
29	11.01643191	-4.004404E-013	-9.119605E-013	-1	0.000000E+000
29	11.01958057	-8.269797E-013	-4.697285E-013	0	0.000000E+000
29	11.02210144	-4.611264E-013	-1.003648E-012	-1	0.000000E+000
29	11.02269228	-1.003648E-012	-4.671982E-013	0	0.000000E+000
29	11.03859176	-3.793082E-013	-7.712156E-013	-1	0.000000E+000
29	11.04017120	-6.452803E-013	-3.753395E-013	0	0.000000E+000
29	11.04250132	-3.915277E-013	-7.726573E-013	-1	0.000000E+000
29	11.04300000	-7.726573E-013	-3.251022E-013	0	0.000000E+000
29	11.10404892	-4.117977E-013	-1.487646E-012	-1	0.000000E+000
29	11.10552587	-1.332807E-012	-3.684883E-013	0	0.000000E+000
29	11.12073983	-4.335977E-013	-7.890473E-013	-1	0.000000E+000
29	11.12125000	-7.890473E-013	-4.291862E-013	0	0.000000E+000
29	11.12959763	-3.720858E-013	-1.084362E-012	-1	0.000000E+000
29	11.13057824	-1.084362E-012	-4.384278E-013	0	0.000000E+000
29	11.13902519	-3.908874E-013	-8.897060E-013	-1	0.000000E+000
29	11.14034149	-8.830569E-013	-4.164783E-013	0	0.000000E+000
29	11.14215071	-4.298725E-013	-8.207541E-013	-1	0.000000E+000
29	11.14317928	-7.743615E-013	-4.294896E-013	0	0.000000E+000
29	11.14529447	-4.107963E-013	-7.591208E-013	-1	0.000000E+000
29	11.14635572	-7.679105E-013	-3.915515E-013	0	0.000000E+000
29	11.15311226	-4.179991E-013	-7.053394E-013	-1	0.000000E+000
29	11.15428652	-6.454036E-013	-3.480330E-013	0	0.000000E+000
29	11.15858988	-4.222766E-013	-8.246948E-013	-1	0.000000E+000
29	11.15985431	-7.476200E-013	-3.959284E-013	0	0.000000E+000
29	11.25324318	-4.260279E-013	-9.627061E-013	-1	0.000000E+000
29	11.25393661	-9.627061E-013	-4.807383E-013	0	0.000000E+000
29	11.25467970	-4.807383E-013	-7.870309E-013	-1	0.000000E+000
29	11.25875369	-7.870309E-013	-4.645930E-013	0	0.000000E+000
29	11.55470770	-4.183993E-013	-8.073672E-013	-1	0.000000E+000
29	11.55534217	-8.073672E-013	-4.423249E-013	0	0.000000E+000
29	11.64175448	-4.429496E-013	-1.374125E-012	-1	0.000000E+000
29	11.64337159	-1.288103E-012	-4.085410E-013	0	0.000000E+000
29	11.64533280	-4.085410E-013	-8.913034E-013	-1	0.000000E+000
29	11.64647031	-8.913034E-013	-4.180787E-013	0	0.000000E+000
29	11.64866932	-4.180787E-013	-9.238856E-013	-1	0.000000E+000
29	11.64940515	-9.238856E-013	-3.753512E-013	0	0.000000E+000
29	11.65409070	-4.202722E-013	-7.737317E-013	-1	0.000000E+000
29	11.65519920	-7.737317E-013	-4.125486E-013	0	0.000000E+000
29	11.68427075	-4.180538E-013	-1.148377E-012	-1	0.000000E+000
29	11.68479638	-1.148377E-012	-4.296952E-013	0	0.000000E+000
29	11.68593754	-4.971679E-013	-1.155722E-012	-1	0.000000E+000
29	11.68672960	-1.155722E-012	-4.385012E-013	0	0.000000E+000
29	11.72794092	-4.486405E-013	-1.041174E-012	-1	0.000000E+000
29	11.72830435	-1.041174E-012	-4.106781E-013	0	0.000000E+000
29	11.89103974	-4.331378E-013	-7.563921E-013	-1	0.000000E+000
29	11.89152213	-7.563921E-013	-3.998823E-013	0	0.000000E+000
29	11.95590931	-4.215348E-013	-1.505122E-012	-1	0.000000E+000
29	11.95667385	-1.505122E-012	-4.828096E-013	0	0.000000E+000
29	11.99116388	-4.204090E-013	-1.023141E-012	-1	0.000000E+000
29	11.99291364	-1.023141E-012	-4.293339E-013	0	0.000000E+000
29	12.10018252	-4.416722E-013	-1.110990E-012	-1	0.000000E+000
29	12.10117679	-1.110990E-012	-4.376404E-013	0	0.000000E+000
29	12.10517417	-4.418041E-013	-7.606754E-013	-1	0.000000E+000
29	12.10593165	-7.606754E-013	-3.880588E-013	0	0.000000E+000
29	12.13093947	-5.115434E-013	-1.600639E-012	-1	0.000000E+000
29	12.13164638	-1.600639E-012	-4.486674E-013	0	0.000000E+000
29	12.37005784	-4.321661E-013	-8.767432E-013	-1	0.000000E+000
29	12.37057500	-8.767432E-013	-4.403436E-013	0	0.000000E+000
29	12.41625189	-4.389242E-013	-1.296509E-012	-1	0.000000E+000
29	12.41677500	-1.296509E-012	-4.224796E-013	0	0.000000E+000
29	12.50803482	-4.368773E-013	-8.723497E-013	-1	0.000000E+000
29	12.50840828	-8.723497E-013	-4.092306E-013	0	0.000000E+000
29	12.53773783	-4.562932E-013	-1.137483E-012	-1	0.000000E+000
29	12.53815637	-1.137483E-012	-4.943080E-013	0	0.000000E+000
29	12.54559545	-5.053537E-013	-1.602603E-012	-1	0.000000E+000
29	12.54609470	-1.602603E-012	-4.255571E-013	0	0.000000E+000
29	12.55159408	-4.169549E-013	-8.490407E-013	-1	0.000000E+000
29	12.55327825	-8.490407E-013	-4.171840E-013	0	0.000000E+000
29	12.65208826	-4.652794E-013	-1.018151E-012	-1	0.000000E+000
29	12.65257610	-1.018151E-012	-4.042023E-013	0	0.000000E+000
29	12.72887211	-4.126995E-013	-7.590930E-013	-1	0.000000E+000
29	12.72998041	-7.447967E-013	-3.862276E-013	0	0.000000E+000
29	12.77322350	-4.390140E-013	-1.279108E-012	-1	0.000000E+000
29	12.77372304	-1.279108E-012	-4.343589E-013	0	0.000000E+000
29	12.86237009	-4.588508E-013	-1.602293E-012	-1	0.000000E+000
29	12.86302781	-1.602293E-012	-4.242065E-013	0	0.000000E+000
29	12.86529312	-4.242065E-013	-1.022858E-012	-1	0.000000E+000
29	12.86582500	-1.022858E-012	-3.139015E-013	0	0.000000E+000
29	12.86658938	-3.139015E-013	-9.037093E-013	-1	0.000000E+000
29	12.86708385	-9.037093E-013	-4.432895E-013	0	0.000000E+000
29	12.86787194	-4.432895E-013	-1.063400E-012	-1	0.000000E+000
29	12.86905691	-1.063400E-012	-4.374513E-013	0	0.000000E+000
29	12.87522329	-4.468516E-013	-8.834563E-013	-1	0.000000E+000
29	12.87785165	-7.160929E-013	-3.991581E-013	0	0.000000E+000
29	12.88504957	-3.991581E-013	-7.797513E-013	-1	0.000000E+000
29	12.88720829	-7.279236E-013	-3.497052E-013	0	0.000000E+000
29	13.00527413	-4.185224E-013	-9.860935E-013	-1	0.000000E+000
29	13.00573219	-9.860935E-013	-4.087940E-013	0	0.000000E+000
29	13.00684753	-4.956084E-013	-9.860935E-013	-1	0.000000E+000
29	13.00744133	-9.860935E-013	-4.087940E-013	0	0.000000E+000
29	13.00954170	-4.087940E-013	-7.940009E-013	-1	0.000000E+000
29	13.01135000	-7.940009E-013	-4.503102E-013	0	0.000000E+000
29	13.02447834	-4.109807E-013	-1.546640E-012	-1	0.000000E+000
29	13.02545452	-1.546640E-012	-3.216482E-013	0	0.000000E+000
29	13.03165734	-3.818633E-013	-8.017975E-013	-1	0.000000E+000
29	13.03293828	-8.362061E-013	-4.211236E-013	0	0.000000E+000
29	13.04708154	-4.633723E-013	-8.019594E-013	-1	0.000000E+000
29	13.05267263	-9.281996E-013	-3.906601E-013	0	0.000000E+000
29	13.07473515	-4.399452E-013	-8.831815E-013	-1	0.000000E+000
29	13.07565331	-8.831815E-013	-3.863667E-013	0	0.000000E+000
29	13.24054166	-4.634845E-013	-9.021020E-013	-1	0.000000E+000
29	13.24112954	-9.021020E-013	-4.348290E-013	0	0.000000E+000
29	13.24598677	-4.846707E-013	-1.166994E-012	-1	0.000000E+000
29	13.24643524	-1.166994E-012	-5.059095E-013	0	0.000000E+000
29	13.24709973	-5.059095E-013	-8.409352E-013	-1	0.000000E+000
29	13.25029031	-7.222489E-013	-4.584586E-013	0	0.000000E+000
29	13.25762707	-4.557701E-013	-7.881842E-013	-1	0.000000E+000
29	13.26115054	-7.111305E-013	-3.842545E-013	0	0.000000E+000
29	13.26735061	-4.100610E-013	-7.977538E-013	-1	0.000000E+000
29	13.26849578	-6.853825E-013	-3.663448E-013	0	0.000000E+000
29	13.28667500	-4.437641E-013	-1.251101E-012	-1	0.000000E+000
29	13.28749443	-1.251101E-012	-4.279820E-013	0	0.000000E+000
29	13.29025614	-4.279820E-013	-8.117086E-013	-1	0.000000E+000
29	13.29077500	-8.117086E-013	-4.003492E-013	0	0.000000E+000
29	13.29302886	-4.003492E-013	-8.177385E-013	-1	0.000000E+000
29	13.29383573	-8.177385E-013	-3.954580E-013	0	0.000000E+000
29	13.30126049	-4.395083E-013	-8.228782E-013	-1	0.000000E+000
29	13.30177500	-8.228782E-013	-4.816687E-013	0	0.000000E+000
29	13.30252230	-4.816687E-013	-7.882673E-013	-1	0.000000E+000
29	13.30274764	-7.882673E-013	-4.235263E-013	0	0.000000E+000
29	13.41957402	-4.646595E-013	-9.461303E-013	-1	0.000000E+000
29	13.41995141	-9.461303E-013	-4.942986E-013	0	0.000000E+000
29	13.44309297	-4.942986E-013	-1.159920E-012	-1	0.000000E+000
29	13.44395509	-1.159920E-012	-4.029645E-013	0	0.000000E+000
29	13.45708555	-4.655062E-013	-1.300093E-012	-1	0.000000E+000
29	13.45814425	-1.300093E-012	-4.400579E-013	0	0.000000E+000
29	13.49206052	-4.032491E-013	-7.257798E-013	-1	0.000000E+000
29	13.49495000	-9.064250E-013	-4.163594E-013	0	0.000000E+000
29	13.51514799	-4.495583E-013	-8.620491E-013	-1	0.000000E+000
29	13.51595218	-8.620491E-013	-4.523018E-013	0	0.000000E+000
29	13.51851350	-4.523018E-013	-8.675740E-013	-1	0.000000E+000
29	13.51882166	-8.675740E-013	-3.866854E-013	0	0.000000E+000
29	13.52581089	-4.427087E-013	-1.061170E-012	-1	0.000000E+000
29	13.52753559	-1.061170E-012	-5.104203E-013	0	0.000000E+000
29	13.53023687	-5.448290E-013	-1.107936E-012	-1	0.000000E+000
29	13.53084319	-1.107936E-012	-4.975387E-013	0	0.000000E+000
29	13.61405842	-4.692805E-013	-1.265091E-012	-1	0.000000E+000
29	13.61569242	-1.265091E-012	-4.422952E-013	0	0.000000E+000
29	13.61876164	-4.520776E-013	-7.532937E-013	-1	0.000000E+000
29	13.62335879	-7.183947E-013	-3.780137E-013	0	0.000000E+000
29	13.91402812	-4.426749E-013	-7.869393E-013	-1	0.000000E+000
29	13.91500588	-7.869393E-013	-4.069992E-013	0	0.000000E+000
29	13.98411777	-4.069992E-013	-1.166560E-012	-1	0.000000E+000
29	13.98581683	-1.166560E-012	-5.025102E-013	0	0.000000E+000
29	13.99001294	-4.005641E-013	-7.333435E-013	-1	0.000000E+000
29	13.99352056	-6.794432E-013	-3.756393E-013	0	0.000000E+000
29	14.06973809	-4.521770E-013	-1.077430E-012	-1	0.000000E+000
29	14.07213863	-1.173943E-012	-4.462550E-013	0	0.000000E+000
29	14.20852558	-5.007732E-013	-1.604027E-012	-1	0.000000E+000
29	14.20990104	-1.440686E-012	-4.565673E-013	0	0.000000E+000
29	14.21733466	-4.716779E-013	-8.229169E-013	-1	0.000000E+000
29	14.21806112	-8.229169E-013	-4.458208E-013	0	0.000000E+000
29	14.27097823	-4.558000E-013	-1.039211E-012	-1	0.000000E+000
29	14.27147500	-1.039211E-012	-4.535108E-013	0	0.000000E+000
29	14.27993925	-4.730043E-013	-1.039211E-012	-1	0.000000E+000
29	14.28058691	-1.039211E-012	-4.523631E-013	0	0.000000E+000
29	14.28130514	-4.523631E-013	-8.545339E-013	-1	0.000000E+000
29	14.28190813	-8.545339E-013	-4.609653E-013	0	0.000000E+000
29	14.30158506	-4.341458E-013	-8.103139E-013	-1	0.000000E+000
29	14.30261775	-8.062623E-013	-4.428894E-013	0	0.000000E+000
29	14.33636932	-4.428894E-013	-1.237796E-012	-1	0.000000E+000
29	14.33713605	-1.237796E-012	-4.675574E-013	0	0.000000E+000
29	14.33797164	-4.335844E-013	-9.553581E-013	-1	0.000000E+000
29	14.33859202	-9.553581E-013	-4.682894E-013	0	0.000000E+000
29	14.35218825	-4.665846E-013	-1.137801E-012	-1	0.000000E+000
29	14.35377500	-1.137801E-012	-4.533278E-013	0	0.000000E+000
29	14.36773323	-4.489345E-013	-1.066687E-012	-1	0.000000E+000
29	14.36834152	-1.066687E-012	-4.625711E-013	0	0.000000E+000
29	14.37259648	-4.443867E-013	-7.187668E-013	-1	0.000000E+000
29	14.37359227	-7.242521E-013	-3.748096E-013	0	0.000000E+000
29	14.37783798	-4.443867E-013	-1.131670E-012	-1	0.000000E+000
29	14.37823675	-1.131670E-012	-4.735562E-013	0	0.000000E+000
29	14.41403859	-4.489625E-013	-8.650256E-013	-1	0.000000E+000
29	14.41479720	-8.650256E-013	-4.699177E-013	0	0.000000E+000
29	14.42985729	-4.666364E-013	-9.707492E-013	-1	0.000000E+000
29	14.43022496	-9.707492E-013	-4.588680E-013	0	0.000000E+000
29	14.43131784	-5.393769E-013	-9.167999E-013	-1	0.000000E+000
29	14.43162125	-9.167999E-013	-4.491581E-013	0	0.000000E+000
29	14.43850406	-4.724667E-013	-8.578995E-013	-1	0.000000E+000
29	14.44109432	-8.578995E-013	-4.530326E-013	0	0.000000E+000
29	14.46656033	-4.222655E-013	-1.084108E-012	-1	0.000000E+000
29	14.46730188	-1.084108E-012	-4.440313E-013	0	0.000000E+000
29	14.57758986	-4.311884E-013	-8.449802E-013	-1	0.000000E+000
29	14.57825824	-8.449802E-013	-4.512402E-013	0	0.000000E+000
29	14.62259049	-4.214327E-013	-8.244220E-013	-1	0.000000E+000
29	14.62310000	-8.244220E-013	-4.379508E-013	0	0.000000E+000
29	14.63025783	-4.536681E-013	-8.025483E-013	-1	0.000000E+000
29	14.63143104	-7.512352E-013	-4.278612E-013	0	0.000000E+000
29	14.73086175	-4.374407E-013	-1.018253E-012	-1	0.000000E+000
29	14.73262784	-1.018253E-012	-4.239662E-013	0	0.000000E+000
29	14.73357482	-4.239662E-013	-8.215693E-013	-1	0.000000E+000
29	14.73424483	-8.215693E-013	-4.362697E-013	0	0.000000E+000
29	14.74846520	-4.362697E-013	-9.041100E-013	-1	0.000000E+000
29	14.74913407	-9.041100E-013	-3.945812E-013	0	0.000000E+000
29	14.75046399	-3.945812E-013	-7.170813E-013	-1	0.000000E+000
29	14.75370640	-7.703100E-013	-4.060248E-013	0	0.000000E+000
29	14.75972950	-4.119727E-013	-7.370251E-013	-1	0.000000E+000
29	14.76096085	-7.198394E-013	-3.590393E-013	0	0.000000E+000
29	14.76172763	-3.590393E-013	-8.068702E-013	-1	0.000000E+000
29	14.76484391	-8.068702E-013	-3.781163E-013	0	0.000000E+000
29	14.76574011	-3.781163E-013	-8.518477E-013	-1	0.000000E+000
29	14.76653751	-8.518477E-013	-4.495783E-013	0	0.000000E+000
29	14.76811542	-4.495783E-013	-1.063380E-012	-1	0.000000E+000
29	14.76878548	-1.063380E-012	-4.488986E-013	0	0.000000E+000
29	14.77069495	-4.252420E-013	-7.091457E-013	-1	0.000000E+000
29	14.77365544	-7.005108E-013	-2.913317E-013	0	0.000000E+000
29	14.77475788	-4.087689E-013	-7.521565E-013	-1	0.000000E+000
29	14.77976566	-7.521565E-013	-3.658556E-013	0	0.000000E+000
29	14.78159423	-4.204067E-013	-7.561381E-013	-1	0.000000E+000
29	14.78815658	-7.561381E-013	-3.782801E-013	0	0.000000E+000
29	14.79143512	-4.038344E-013	-6.991968E-013	-1	0.000000E+000
29	14.80112812	-6.474181E-013	-3.808463E-013	0	0.000000E+000
29	14.80341076	-4.280011E-013	-7.649360E-013	-1	0.000000E+000
29	14.80471166	-6.812205E-013	-4.236336E-013	0	0.000000E+000
29	14.81807177	-4.236336E-013	-7.980321E-013	-1	0.000000E+000
29	14.81888638	-7.980321E-013	-4.149429E-013	0	0.000000E+000
29	14.96333851	-4.531576E-013	-1.092035E-012	-1	0.000000E+000
29	14.96382500	-1.092035E-012	-4.567080E-013	0	0.000000E+000
29	15.02458757	-4.526590E-013	-8.095558E-013	-1	0.000000E+000
29	15.02715444	-6.275692E-013	-3.752322E-013	0	0.000000E+000
29	15.04058029	-4.354472E-013	-8.875328E-013	-1	0.000000E+000
29	15.04110000	-8.875328E-013	-4.333885E-013	0	0.000000E+000
29	15.04212191	-4.333885E-013	-7.559047E-013	-1	0.000000E+000
29	15.04408114	-7.068313E-013	-4.069642E-013	0	0.000000E+000
29	15.30680543	-5.068113E-013	-1.418802E-012	-1	0.000000E+000
29	15.30763972	-1.418802E-012	-4.678084E-013	0	0.000000E+000
29	15.38766019	-4.678084E-013	-1.010674E-012	-1	0.000000E+000
29	15.38808324	-1.010674E-012	-4.847079E-013	0	0.000000E+000
29	15.54522096	-4.860444E-013	-1.089267E-012	-1	0.000000E+000
29	15.54615768	-1.089267E-012	-4.521275E-013	0	0.000000E+000
29	15.55167231	-4.239717E-013	-1.128232E-012	-1	0.000000E+000
29	15.55237233	-1.128232E-012	-3.914690E-013	0	0.000000E+000
29	15.57331806	-4.331245E-013	-1.208438E-012	-1	0.000000E+000
29	15.57386428	-1.208438E-012	-4.608750E-013	0	0.000000E+000
29	15.60624748	-4.550469E-013	-1.105840E-012	-1	0.000000E+000
29	15.60675000	-1.105840E-012	-4.751661E-013	0	0.000000E+000
29	15.65284429	-4.639314E-013	-1.051997E-012	-1	0.000000E+000
29	15.65346862	-1.051997E-012	-4.734962E-013	0	0.000000E+000
29	15.65464092	-5.079048E-013	-1.038424E-012	-1	0.000000E+000
29	15.65506661	-1.038424E-012	-4.921172E-013	0	0.000000E+000
29	15.97856188	-4.016114E-013	-1.304281E-012	-1	0.000000E+000
29	15.97905000	-1.304281E-012	-3.635383E-013	0	0.000000E+000
29	15.98102049	-3.635383E-013	-1.059692E-012	-1	0.000000E+000
29	15.98227579	-1.059692E-012	-4.938856E-013	0	0.000000E+000
29	15.98589566	-4.299692E-013	-8.480015E-013	-1	0.000000E+000
29	15.98645690	-8.480015E-013	-4.472716E-013	0	0.000000E+000
29	16.30020813	-4.640493E-013	-8.905682E-013	-1	0.000000E+000
29	16.30063317	-8.905682E-013	-5.095218E-013	0	0.000000E+000
29	16.30188230	-5.082187E-013	-9.542767E-013	-1	0.000000E+000
29	16.30257066	-9.542767E-013	-4.654467E-013	0	0.000000E+000
29	16.48893260	-4.781529E-013	-1.058559E-012	-1	0.000000E+000
29	16.48986933	-1.058559E-012	-4.695303E-013	0	0.000000E+000
29	16.49107604	-5.297454E-013	-1.050275E-012	-1	0.000000E+000
29	16.49260524	-9.864041E-013	-4.260353E-013	0	0.000000E+000
29	16.49415000	-4.260353E-013	-1.062546E-012	-1	0.000000E+000
29	16.49551332	-1.062546E-012	-4.380591E-013	0	0.000000E+000
29	16.50056715	-3.723193E-013	-7.603245E-013	-1	0.000000E+000
29	16.50419373	-8.694168E-013	-4.026893E-013	0	0.000000E+000
29	16.50519523	-4.026893E-013	-8.506573E-013	-1	0.000000E+000
29	16.50582554	-8.506573E-013	-4.524692E-013	0	0.000000E+000
29	16.52553995	-3.961520E-013	-8.761210E-013	-1	0.000000E+000
29	16.52656482	-8.466842E-013	-3.692579E-013	0	0.000000E+000
29	16.52842717	-4.409491E-013	-9.557100E-013	-1	0.000000E+000
29	16.53040467	-9.557100E-013	-4.214695E-013	0	0.000000E+000
29	16.94410685	-4.461345E-013	-9.996122E-013	-1	0.000000E+000
29	16.94485278	-9.996122E-013	-4.745576E-013	0	0.000000E+000
29	17.06423177	-4.719399E-013	-8.696708E-013	-1	0.000000E+000
29	17.07215897	-7.243748E-013	-3.652914E-013	0	0.000000E+000
29	17.07267500	-3.652914E-013	-6.686791E-013	-1	0.000000E+000
29	17.07434091	-5.884016E-013	-3.524967E-013	0	0.000000E+000
29	17.07498819	-3.524967E-013	-7.235644E-013	-1	0.000000E+000
29	17.07602770	-7.235644E-013	-3.978840E-013	0	0.000000E+000
29	17.13228442	-3.978840E-013	-7.894516E-013	-1	0.000000E+000
29	17.13377842	-7.894516E-013	-4.220080E-013	0	0.000000E+000
29	17.16356044	-4.595056E-013	-7.589178E-013	-1	0.000000E+000
29	17.16510195	-7.252539E-013	-4.373907E-013	0	0.000000E+000
29	17.17033345	-4.451066E-013	-1.249160E-012	-1	0.000000E+000
29	17.17215781	-1.249160E-012	-4.991774E-013	0	0.000000E+000
29	17.17520000	-4.991774E-013	-1.270152E-012	-1	0.000000E+000
29	17.17716626	-1.175528E-012	-4.905741E-013	0	0.000000E+000
29	17.18727380	-4.853650E-013	-8.661551E-013	-1	0.000000E+000
29	17.18831552	-8.410225E-013	-4.094239E-013	0	0.000000E+000
29	17.19351276	-4.503567E-013	-8.136725E-013	-1	0.000000E+000
29	17.19402500	-8.136725E-013	-4.452542E-013	0	0.000000E+000
29	17.55490929	-4.514290E-013	-8.916193E-013	-1	0.000000E+000
29	17.55542500	-8.916193E-013	-4.827282E-013	0	0.000000E+000
29	17.69104411	-4.519635E-013	-7.978135E-013	-1	0.000000E+000
29	17.69205918	-7.504825E-013	-4.106109E-013	0	0.000000E+000
29	17.99803739	-4.356747E-013	-9.142230E-013	-1	0.000000E+000
29	17.99861017	-9.142230E-013	-4.518434E-013	0	0.000000E+000
29	18.08800276	-4.734912E-013	-1.272492E-012	-1	0.000000E+000
29	18.08903753	-1.211765E-012	-4.551195E-013	0	0.000000E+000
29	18.09853149	-4.418127E-013	-9.980505E-013	-1	0.000000E+000
29	18.09905000	-9.980505E-013	-4.563418E-013	0	0.000000E+000
29	18.19243081	-4.591007E-013	-9.980441E-013	-1	0.000000E+000
29	18.19525878	-9.040878E-013	-4.492997E-013	0	0.000000E+000
29	18.29803534	-4.589193E-013	-8.225711E-013	-1	0.000000E+000
29	18.30110000	-8.225711E-013	-4.251099E-013	0	0.000000E+000
29	18.30162500	-4.251099E-013	-7.758880E-013	-1	0.000000E+000
29	18.30582627	-7.758880E-013	-4.137589E-013	0	0.000000E+000
29	18.30663259	-4.137589E-013	-8.236642E-013	-1	0.000000E+000
29	18.30824669	-8.236642E-013	-4.635746E-013	0	0.000000E+000
29	18.31985230	-4.635746E-013	-8.710545E-013	-1	0.000000E+000
29	18.32145000	-8.710545E-013	-4.544755E-013	0	0.000000E+000
29	18.37651737	-4.593382E-013	-9.666813E-013	-1	0.000000E+000
29	18.37961326	-9.666813E-013	-4.645126E-013	0	0.000000E+000
29	18.38513439	-4.645126E-013	-9.928116E-013	-1	0.000000E+000
29	18.38734376	-9.928116E-013	-4.828136E-013	0	0.000000E+000
29	18.39034615	-5.172222E-013	-1.014439E-012	-1	0.000000E+000
29	18.39125042	-1.014439E-012	-4.693699E-013	0	0.000000E+000
29	18.41069892	-4.344599E-013	-8.554945E-013	-1	0.000000E+000
29	18.41114732	-8.554945E-013	-4.333932E-013	0	0.000000E+000
29	18.42152444	-4.445313E-013	-9.309540E-013	-1	0.000000E+000
29	18.42251098	-9.309540E-013	-4.300383E-013	0	0.000000E+000
29	18.45136100	-4.479878E-013	-1.266635E-012	-1	0.000000E+000
29	18.45290000	-1.266635E-012	-4.628047E-013	0	0.000000E+000
29	18.45395370	-4.316982E-013	-8.038285E-013	-1	0.000000E+000
29	18.45464806	-8.038285E-013	-4.628047E-013	0	0.000000E+000
29	18.55367161	-4.509570E-013	-8.218267E-013	-1	0.000000E+000
29	18.55546367	-8.218267E-013	-5.038644E-013	0	0.000000E+000
29	18.55669015	-5.240868E-013	-1.311243E-012	-1	0.000000E+000
29	18.55840335	-1.311243E-012	-4.869796E-013	0	0.000000E+000
29	18.63616622	-4.680659E-013	-1.167635E-012	-1	0.000000E+000
29	18.63665428	-1.167635E-012	-4.328513E-013	0	0.000000E+000
29	18.64263249	-4.328913E-013	-1.122934E-012	-1	0.000000E+000
29	18.64427500	-1.122934E-012	-4.391258E-013	0	0.000000E+000
29	18.65006968	-4.264996E-013	-1.120010E-012	-1	0.000000E+000
29	18.65166337	-1.120010E-012	-4.481163E-013	0	0.000000E+000
29	18.71579934	-4.596214E-013	-1.345415E-012	-1	0.000000E+000
29	18.71852500	-1.345415E-012	-4.763853E-013	0	0.000000E+000
29	18.72034642	-4.849875E-013	-1.023585E-012	-1	0.000000E+000
29	18.72087061	-1.023585E-012	-4.417100E-013	0	0.000000E+000
29	18.73541969	-4.190999E-013	-9.062005E-013	-1	0.000000E+000
29	18.73591916	-9.062005E-013	-4.503994E-013	0	0.000000E+000
29	18.76541536	-4.446918E-013	-8.495706E-013	-1	0.000000E+000
29	18.77264375	-7.636262E-013	-4.303881E-013	0	0.000000E+000
29	18.77570874	-4.303881E-013	-7.584373E-013	-1	0.000000E+000
29	18.77813960	-7.584373E-013	-4.130441E-013	0	0.000000E+000
29	18.78176693	-4.130441E-013	-7.484693E-013	-1	0.000000E+000
29	18.78815386	-6.806591E-013	-4.245131E-013	0	0.000000E+000
29	18.78901217	-4.256839E-013	-7.776646E-013	-1	0.000000E+000
29	18.79501219	-6.493398E-013	-4.221856E-013	0	0.000000E+000
29	18.81867325	-4.211759E-013	-9.112880E-013	-1	0.000000E+000
29	18.81913238	-9.112880E-013	-4.167132E-013	0	0.000000E+000
29	18.82085443	-3.918922E-013	-6.940554E-013	-1	0.000000E+000
29	18.83387348	-6.125223E-013	-3.342149E-013	0	0.000000E+000
29	18.83437500	-3.342149E-013	-6.788178E-013	-1	0.000000E+000
29	18.85629642	-6.955479E-013	-3.832390E-013	0	0.000000E+000
29	18.86164626	-4.383509E-013	-7.597309E-013	-1	0.000000E+000
29	18.86228944	-7.597309E-013	-4.293495E-013	0	0.000000E+000
29	18.89991369	-4.114404E-013	-1.227357E-012	-1	0.000000E+000
29	18.90302566	-9.778944E-013	-4.401654E-013	0	0.000000E+000
29	18.90641056	-4.401654E-013	-8.289919E-013	-1	0.000000E+000
29	18.90677664	-8.289919E-013	-4.217692E-013	0	0.000000E+000
29	18.95719097	-4.133974E-013	-8.502386E-013	-1	0.000000E+000
29	18.96653034	-7.271367E-013	-4.047263E-013	0	0.000000E+000
29	19.02438688	-4.601135E-013	-1.180728E-012	-1	0.000000E+000
29	19.02760272	-1.333664E-012	-5.353579E-013	0	0.000000E+000
29	19.02907886	-5.439600E-013	-1.174023E-012	-1	0.000000E+000
29	19.03110000	-1.174023E-012	-4.859759E-013	0	0.000000E+000
29	19.06125098	-4.384545E-013	-9.737968E-013	-1	0.000000E+000
29	19.06407500	-8.791731E-013	-4.074514E-013	0	0.000000E+000
29	19.08041054	-4.394677E-013	-8.510039E-013	-1	0.000000E+000
29	19.08540209	-7.343142E-013	-3.858858E-013	0	0.000000E+000
29	19.12884639	-4.684616E-013	-1.085892E-012	-1	0.000000E+000
29	19.12926027	-1.085892E-012	-4.437162E-013	0	0.000000E+000
29	19.14310972	-4.368291E-013	-1.086098E-012	-1	0.000000E+000
29	19.14828381	-1.086098E-012	-4.642484E-013	0	0.000000E+000
29	19.24375641	-4.432596E-013	-9.176381E-013	-1	0.000000E+000
29	19.24814705	-8.741971E-013	-4.681030E-013	0	0.000000E+000
29	19.26246573	-4.434692E-013	-7.756613E-013	-1	0.000000E+000
29	19.26334447	-7.756613E-013	-4.251245E-013	0	0.000000E+000
29	19.31563933	-4.429972E-013	-1.098870E-012	-1	0.000000E+000
29	19.31717500	-1.098870E-012	-4.736204E-013	0	0.000000E+000
29	19.32608965	-4.657695E-013	-8.740100E-013	-1	0.000000E+000
29	19.33051716	-9.600315E-013	-4.286144E-013	0	0.000000E+000
29	19.34561027	-3.688190E-013	-7.318619E-013	-1	0.000000E+000
29	19.35035597	-6.645207E-013	-3.497560E-013	0	0.000000E+000
29	19.35114238	-3.497560E-013	-6.620943E-013	-1	0.000000E+000
29	19.36153733	-8.683454E-013	-3.289351E-013	0	0.000000E+000
29	19.37535130	-3.818030E-013	-7.739056E-013	-1	0.000000E+000
29	19.37585584	-7.739056E-013	-4.141742E-013	0	0.000000E+000
29	19.38009407	-3.797656E-013	-7.417591E-013	-1	0.000000E+000
29	19.38339749	-7.088834E-013	-3.485173E-013	0	0.000000E+000
29	19.39168889	-4.306893E-013	-7.981921E-013	-1	0.000000E+000
29	19.39282197	-8.222734E-013	-3.843041E-013	0	0.000000E+000
29	19.39616804	-4.620998E-013	-8.741868E-013	-1	0.000000E+000
29	19.39826272	-8.311761E-013	-3.815175E-013	0	0.000000E+000
29	19.39890306	-3.815175E-013	-8.695812E-013	-1	0.000000E+000
29	19.41187957	-7.147424E-013	-4.532886E-013	0	0.000000E+000
29	19.49205892	-4.589537E-013	-9.237851E-013	-1	0.000000E+000
29	19.49248030	-9.237851E-013	-4.697474E-013	0	0.000000E+000
29	19.50545368	-4.161811E-013	-1.030260E-012	-1	0.000000E+000
29	19.50633474	-1.030260E-012	-4.369858E-013	0	0.000000E+000
29	19.50913104	-4.627922E-013	-8.807371E-013	-1	0.000000E+000
29	19.50952858	-8.807371E-013	-4.585559E-013	0	0.000000E+000
29	19.70543148	-4.725783E-013	-7.863753E-013	-1	0.000000E+000
29	19.71510173	-7.863753E-013	-4.169960E-013	0	0.000000E+000
29	19.72583202	-4.353715E-013	-9.099800E-013	-1	0.000000E+000
29	19.72810551	-9.099800E-013	-4.220564E-013	0	0.000000E+000
29	19.72899977	-4.220564E-013	-7.260803E-013	-1	0.000000E+000
29	19.73069139	-7.416132E-013	-4.110608E-013	0	0.000000E+000
29	19.73231289	-4.377135E-013	-9.803614E-013	-1	0.000000E+000
29	19.73297244	-9.803614E-013	-4.782990E-013	0	0.000000E+000
29	19.87013654	-4.996645E-013	-1.100742E-012	-1	0.000000E+000
29	19.87171568	-1.057731E-012	-4.671208E-013	0	0.000000E+000
29	19.87240561	-4.671208E-013	-8.963512E-013	-1	0.000000E+000
29	19.87340650	-8.963512E-013	-4.619346E-013	0	0.000000E+000
29	19.91181516	-4.619346E-013	-1.202803E-012	-1	0.000000E+000
29	19.91256639	-1.202803E-012	-4.930419E-013	0	0.000000E+000
29	19.92930491	-4.597864E-013	-9.765820E-013	-1	0.000000E+000
29	19.93461768	-9.765820E-013	-4.482099E-013	0	0.000000E+000
29	19.93560617	-4.482099E-013	-9.494389E-013	-1	0.000000E+000
29	19.93719427	-9.494389E-013	-4.819026E-013	0	0.000000E+000
29	19.94790728	-4.606805E-013	-9.518420E-013	-1	0.000000E+000
29	19.94859430	-9.518420E-013	-4.245551E-013	0	0.000000E+000
29	19.97148329	-5.558918E-013	-1.452443E-012	-1	0.000000E+000
29	19.97202248	-1.452443E-012	-6.206423E-013	0	0.000000E+000
29	19.97413759	-4.916100E-013	-1.084331E-012	-1	0.000000E+000
29	19.97967500	-9.725031E-013	-4.789373E-013	0	0.000000E+000
29	19.98802312	-4.742595E-013	-1.086431E-012	-1	0.000000E+000
29	19.98859683	-1.086431E-012	-4.817949E-013	0	0.000000E+000
29	19.98970784	-4.817949E-013	-8.812573E-013	-1	0.000000E+000
29	19.99320712	-9.586767E-013	-4.462226E-013	0	0.000000E+000
29	20.01004827	-4.647131E-013	-1.354316E-012	-1	0.000000E+000
29	20.01103598	-1.354316E-012	-5.003239E-013	0	0.000000E+000
29	20.12358132	-4.964207E-013	-8.488683E-013	-1	0.000000E+000
29	20.12570335	-8.488683E-013	-4.600663E-013	0	0.000000E+000
29	20.12858783	-4.600663E-013	-1.023598E-012	-1	0.000000E+000
29	20.12930871	-1.023598E-012	-4.692901E-013	0	0.000000E+000
29	20.13323798	-4.753820E-013	-1.035697E-012	-1	0.000000E+000
29	20.13468974	-1.022707E-012	-4.939257E-013	0	0.000000E+000
29	20.37614588	-4.870344E-013	-1.081879E-012	-1	0.000000E+000
29	20.37677682	-1.081879E-012	-4.746228E-013	0	0.000000E+000
29	20.37869644	-4.746228E-013	-9.987845E-013	-1	0.000000E+000
29	20.37994770	-9.987845E-013	-4.510435E-013	0	0.000000E+000
29	20.52376905	-5.026701E-013	-1.304225E-012	-1	0.000000E+000
29	20.52501259	-1.304225E-012	-4.683923E-013	0	0.000000E+000
29	20.52758226	-5.114031E-013	-1.237912E-012	-1	0.000000E+000
29	20.52850568	-1.237912E-012	-4.914506E-013	0	0.000000E+000
29	20.54325517	-4.886298E-013	-9.032306E-013	-1	0.000000E+000
29	20.54562216	-9.032306E-013	-4.890358E-013	0	0.000000E+000
