1	44.01556474	-3.77E-013	-9.18E-013	-1	0.00E+000
1	44.05345421	-1.01E-012	-4.16E-013	0	0.00E+000
1	44.06604205	-4.07E-013	-8.81E-013	-1	0.00E+000
1	44.06788420	-8.81E-013	-3.72E-013	0	0.00E+000
1	44.08500947	-4.91E-013	-9.27E-013	-1	0.00E+000
1	44.09843689	-8.67E-013	-3.64E-013	0	0.00E+000
1	44.10654154	-4.28E-013	-8.87E-013	-1	0.00E+000
1	44.10696856	-8.87E-013	-4.60E-013	0	0.00E+000
1	44.10859191	-4.60E-013	-9.61E-013	-1	0.00E+000
1	44.10978940	-9.61E-013	-4.57E-013	0	0.00E+000
1	44.12672098	-5.00E-013	-9.79E-013	-1	0.00E+000
1	44.13527891	-9.79E-013	-4.39E-013	0	0.00E+000
1	44.16962622	-6.04E-013	-1.06E-012	-1	0.00E+000
1	44.17101013	-1.06E-012	-5.70E-013	0	0.00E+000
1	44.17123795	-5.70E-013	-1.08E-012	-1	0.00E+000
1	44.17315657	-1.08E-012	-6.10E-013	0	0.00E+000
1	44.17435587	-6.10E-013	-1.14E-012	-1	0.00E+000
1	44.17509397	-1.14E-012	-6.20E-013	0	0.00E+000
1	44.20330723	-4.47E-013	-9.85E-013	-1	0.00E+000
1	44.20831434	-9.74E-013	-5.15E-013	0	0.00E+000
1	44.21978579	-4.10E-013	-8.76E-013	-1	0.00E+000
1	44.22715979	-8.76E-013	-4.05E-013	0	0.00E+000
1	44.22794255	-4.05E-013	-1.00E-012	-1	0.00E+000
1	44.23881942	-1.00E-012	-4.42E-013	0	0.00E+000
1	44.24062130	-4.32E-013	-1.02E-012	-1	0.00E+000
1	44.24431907	-9.43E-013	-4.56E-013	0	0.00E+000
1	44.29900495	-4.46E-013	-8.88E-013	-1	0.00E+000
1	44.30021178	-8.88E-013	-4.64E-013	0	0.00E+000
1	44.32266732	-4.45E-013	-9.55E-013	-1	0.00E+000
1	44.32431099	-9.49E-013	-4.20E-013	0	0.00E+000
1	44.32712447	-4.17E-013	-9.26E-013	-1	0.00E+000
1	44.32805154	-9.26E-013	-4.61E-013	0	0.00E+000
1	44.33544560	-4.38E-013	-9.00E-013	-1	0.00E+000
1	44.33598071	-8.35E-013	-3.94E-013	0	0.00E+000
1	44.34800486	-4.50E-013	-7.56E-013	-1	0.00E+000
1	44.34841908	-7.56E-013	-3.98E-013	0	0.00E+000
1	44.40938899	-4.27E-013	-9.72E-013	-1	0.00E+000
1	44.41956087	-9.72E-013	-4.68E-013	0	0.00E+000
1	44.42134483	-4.68E-013	-9.97E-013	-1	0.00E+000
1	44.45911161	-9.00E-013	-4.72E-013	0	0.00E+000
1	44.46278247	-4.76E-013	-8.72E-013	-1	0.00E+000
1	44.46629888	-8.72E-013	-4.03E-013	0	0.00E+000
1	44.46851878	-4.32E-013	-8.39E-013	-1	0.00E+000
1	44.46975026	-8.39E-013	-4.27E-013	0	0.00E+000
1	44.50282561	-4.58E-013	-9.35E-013	-1	0.00E+000
1	44.52036196	-9.01E-013	-4.68E-013	0	0.00E+000
1	44.52949270	-4.56E-013	-8.84E-013	-1	0.00E+000
1	44.52990762	-8.84E-013	-4.44E-013	0	0.00E+000
1	44.64615131	-4.44E-013	-9.52E-013	-1	0.00E+000
1	44.66399887	-9.52E-013	-6.26E-013	0	0.00E+000
1	44.74589514	-3.86E-013	-7.97E-013	-1	0.00E+000
1	44.74703809	-7.97E-013	-4.83E-013	0	0.00E+000
1	44.86192185	-5.12E-013	-9.46E-013	-1	0.00E+000
1	44.86277138	-9.46E-013	-4.12E-013	0	0.00E+000
1	44.88465917	-5.04E-013	-9.02E-013	-1	0.00E+000
1	44.89595719	-9.02E-013	-4.81E-013	0	0.00E+000
1	44.89669014	-4.81E-013	-9.81E-013	-1	0.00E+000
1	44.90159572	-9.41E-013	-4.87E-013	0	0.00E+000
1	44.92706846	-4.33E-013	-9.88E-013	-1	0.00E+000
1	44.93055180	-8.13E-013	-4.17E-013	0	0.00E+000
1	44.93226821	-4.17E-013	-8.73E-013	-1	0.00E+000
1	44.93679886	-8.73E-013	-4.48E-013	0	0.00E+000
1	45.00203787	-4.13E-013	-9.78E-013	-1	0.00E+000
1	45.02874832	-8.91E-013	-4.60E-013	0	0.00E+000
1	45.04362765	-4.95E-013	-9.99E-013	-1	0.00E+000
1	45.04781766	-9.24E-013	-4.38E-013	0	0.00E+000
1	45.04855333	-4.38E-013	-1.10E-012	-1	0.00E+000
1	45.05013299	-1.10E-012	-4.52E-013	0	0.00E+000
1	45.05048738	-4.52E-013	-1.09E-012	-1	0.00E+000
1	45.05837387	-9.40E-013	-4.62E-013	0	0.00E+000
1	45.06415347	-4.41E-013	-7.90E-013	-1	0.00E+000
1	45.07604886	-9.28E-013	-4.44E-013	0	0.00E+000
1	45.07643860	-4.44E-013	-9.81E-013	-1	0.00E+000
1	45.08918555	-9.10E-013	-4.38E-013	0	0.00E+000
1	45.08990736	-4.38E-013	-9.00E-013	-1	0.00E+000
1	45.10449886	-9.00E-013	-5.50E-013	0	0.00E+000
1	45.10505405	-5.50E-013	-1.10E-012	-1	0.00E+000
1	45.10589209	-1.10E-012	-5.84E-013	0	0.00E+000
1	45.10741328	-5.84E-013	-1.23E-012	-1	0.00E+000
1	45.11012465	-1.15E-012	-6.57E-013	0	0.00E+000
1	45.14684886	-4.29E-013	-9.11E-013	-1	0.00E+000
1	45.15156729	-9.09E-013	-4.92E-013	0	0.00E+000
1	45.20161106	-4.65E-013	-9.25E-013	-1	0.00E+000
1	45.20225744	-9.25E-013	-4.89E-013	0	0.00E+000
1	45.20768930	-3.50E-013	-8.67E-013	-1	0.00E+000
1	45.20814554	-8.67E-013	-4.73E-013	0	0.00E+000
1	45.21226591	-4.86E-013	-1.03E-012	-1	0.00E+000
1	45.21440195	-9.40E-013	-4.47E-013	0	0.00E+000
1	45.27227486	-5.77E-013	-1.12E-012	-1	0.00E+000
1	45.27495721	-1.10E-012	-5.28E-013	0	0.00E+000
1	45.31986098	-5.71E-013	-1.13E-012	-1	0.00E+000
1	45.32276139	-1.09E-012	-5.97E-013	0	0.00E+000
1	45.32842835	-5.89E-013	-8.81E-013	-1	0.00E+000
1	45.32868527	-8.81E-013	-5.70E-013	0	0.00E+000
1	45.33462152	-5.83E-013	-1.05E-012	-1	0.00E+000
1	45.33838824	-1.15E-012	-6.11E-013	0	0.00E+000
1	45.34408327	-5.34E-013	-1.13E-012	-1	0.00E+000
1	45.35950129	-1.13E-012	-4.17E-013	0	0.00E+000
1	45.36046484	-4.17E-013	-9.39E-013	-1	0.00E+000
1	45.47754885	-9.39E-013	-4.46E-013	0	0.00E+000
1	45.55187485	-4.03E-013	-7.85E-013	-1	0.00E+000
1	45.59084885	-9.29E-013	-5.21E-013	0	0.00E+000
1	45.60449432	-5.68E-013	-1.03E-012	-1	0.00E+000
1	45.61029356	-9.30E-013	-6.27E-013	0	0.00E+000
1	45.61146831	-6.27E-013	-1.15E-012	-1	0.00E+000
1	45.65239885	-8.26E-013	-5.35E-013	0	0.00E+000
1	45.65287497	-5.35E-013	-9.26E-013	-1	0.00E+000
1	45.75120323	-9.26E-013	-4.48E-013	0	0.00E+000
1	45.75226223	-4.45E-013	-7.98E-013	-1	0.00E+000
1	45.75340649	-7.98E-013	-4.03E-013	0	0.00E+000
1	45.75429284	-4.03E-013	-9.63E-013	-1	0.00E+000
1	45.75731638	-9.63E-013	-4.50E-013	0	0.00E+000
1	45.76143624	-4.95E-013	-8.80E-013	-1	0.00E+000
1	45.76765322	-8.53E-013	-3.96E-013	0	0.00E+000
1	45.76809025	-3.96E-013	-9.44E-013	-1	0.00E+000
1	45.80110448	-9.44E-013	-4.36E-013	0	0.00E+000
1	45.80370592	-4.03E-013	-9.64E-013	-1	0.00E+000
1	45.80412276	-9.64E-013	-4.42E-013	0	0.00E+000
1	45.81405183	-3.63E-013	-9.23E-013	-1	0.00E+000
1	45.81463560	-9.23E-013	-3.86E-013	0	0.00E+000
1	45.81556782	-3.86E-013	-1.06E-012	-1	0.00E+000
1	45.83708672	-1.06E-012	-4.06E-013	0	0.00E+000
1	45.83883671	-4.13E-013	-1.12E-012	-1	0.00E+000
1	45.84243130	-1.04E-012	-4.08E-013	0	0.00E+000
1	45.84264884	-4.08E-013	-9.67E-013	-1	0.00E+000
1	45.87325335	-9.67E-013	-3.81E-013	0	0.00E+000
1	45.87450381	-3.81E-013	-9.09E-013	-1	0.00E+000
1	45.90173854	-1.01E-012	-4.10E-013	0	0.00E+000
1	45.90195093	-4.10E-013	-9.77E-013	-1	0.00E+000
1	45.92004884	-9.77E-013	-3.74E-013	0	0.00E+000
1	45.92104701	-5.19E-013	-9.84E-013	-1	0.00E+000
1	45.95515584	-1.14E-012	-4.66E-013	0	0.00E+000
1	45.95876543	-5.60E-013	-1.15E-012	-1	0.00E+000
1	45.96415808	-9.96E-013	-5.18E-013	0	0.00E+000
1	45.96801266	-5.58E-013	-1.10E-012	-1	0.00E+000
1	45.97020621	-1.04E-012	-5.96E-013	0	0.00E+000
1	45.97335094	-5.53E-013	-1.11E-012	-1	0.00E+000
1	46.00109884	-9.31E-013	-4.92E-013	0	0.00E+000
1	46.00127928	-4.92E-013	-1.03E-012	-1	0.00E+000
1	46.00496658	-1.02E-012	-1.42E-012	-2	0.00E+000
1	46.00534898	-1.42E-012	-1.08E-012	-1	0.00E+000
1	46.02587173	-1.05E-012	-5.55E-013	0	0.00E+000
1	46.02694982	-5.55E-013	-1.06E-012	-1	0.00E+000
1	46.04957876	-1.03E-012	-4.38E-013	0	0.00E+000
1	46.05111357	-4.38E-013	-1.01E-012	-1	0.00E+000
1	46.19832196	-1.16E-012	-3.87E-013	0	0.00E+000
1	46.20307357	-5.29E-013	-1.21E-012	-1	0.00E+000
1	46.20998006	-9.14E-013	-5.16E-013	0	0.00E+000
1	46.23152407	-5.23E-013	-1.02E-012	-1	0.00E+000
1	46.23669594	-1.05E-012	-5.60E-013	0	0.00E+000
1	46.24344742	-5.00E-013	-8.78E-013	-1	0.00E+000
1	46.24380444	-8.78E-013	-4.78E-013	0	0.00E+000
1	46.27042220	-4.87E-013	-8.85E-013	-1	0.00E+000
1	46.27265905	-9.78E-013	-4.85E-013	0	0.00E+000
1	46.28872164	-5.54E-013	-7.87E-013	-1	0.00E+000
1	46.28902129	-7.87E-013	-5.33E-013	0	0.00E+000
1	46.31799641	-5.45E-013	-1.08E-012	-1	0.00E+000
1	46.31860019	-1.08E-012	-5.26E-013	0	0.00E+000
1	46.32128540	-4.82E-013	-8.99E-013	-1	0.00E+000
1	46.32225814	-8.99E-013	-5.69E-013	0	0.00E+000
1	46.32267779	-5.69E-013	-9.73E-013	-1	0.00E+000
1	46.33400951	-9.73E-013	-4.42E-013	0	0.00E+000
1	46.34189597	-5.44E-013	-1.13E-012	-1	0.00E+000
1	46.36680729	-9.10E-013	-4.59E-013	0	0.00E+000
1	46.36769794	-4.64E-013	-9.40E-013	-1	0.00E+000
1	46.37348168	-9.05E-013	-4.36E-013	0	0.00E+000
1	46.37738120	-4.10E-013	-9.86E-013	-1	0.00E+000
1	46.38030553	-8.91E-013	-1.71E-012	-2	0.00E+000
1	46.38089228	-1.71E-012	-9.79E-013	-1	0.00E+000
1	46.38556308	-8.09E-013	-1.52E-012	-2	0.00E+000
1	46.38596607	-1.52E-012	-8.90E-013	-1	0.00E+000
1	46.39408523	-8.51E-013	-4.13E-013	0	0.00E+000
1	46.39452033	-4.13E-013	-8.91E-013	-1	0.00E+000
1	46.40888680	-9.55E-013	-4.78E-013	0	0.00E+000
1	46.40925691	-4.78E-013	-1.03E-012	-1	0.00E+000
1	46.43100590	-9.83E-013	-1.47E-012	-2	0.00E+000
1	46.43135503	-1.47E-012	-1.13E-012	-1	0.00E+000
1	46.44039883	-9.39E-013	-5.04E-013	0	0.00E+000
1	46.44059503	-5.04E-013	-9.39E-013	-1	0.00E+000
1	46.44815949	-9.57E-013	-5.05E-013	0	0.00E+000
1	46.44969147	-5.05E-013	-8.74E-013	-1	0.00E+000
1	46.44991126	-8.74E-013	-1.74E-012	-2	0.00E+000
1	46.45046645	-1.74E-012	-1.02E-012	-1	0.00E+000
1	46.50822142	-1.16E-012	-1.42E-012	-2	0.00E+000
1	46.50858754	-1.42E-012	-9.33E-013	-1	0.00E+000
1	46.63358820	-9.84E-013	-1.59E-012	-2	0.00E+000
1	46.63401181	-1.59E-012	-1.06E-012	-1	0.00E+000
1	46.69011403	-1.05E-012	-4.09E-013	0	0.00E+000
1	46.69060927	-4.09E-013	-9.70E-013	-1	0.00E+000
1	46.77224334	-1.01E-012	-5.54E-013	0	0.00E+000
1	46.77360073	-5.54E-013	-9.91E-013	-1	0.00E+000
1	46.77444238	-9.91E-013	-5.35E-013	0	0.00E+000
1	46.77482073	-5.35E-013	-9.88E-013	-1	0.00E+000
1	46.77531348	-9.71E-013	-5.61E-013	0	0.00E+000
1	46.77554882	-5.61E-013	-1.06E-012	-1	0.00E+000
1	46.77595920	-1.06E-012	-5.61E-013	0	0.00E+000
1	46.80513706	-4.97E-013	-9.28E-013	-1	0.00E+000
1	47.04618396	-9.02E-013	-5.68E-013	0	0.00E+000
1	47.04958202	-5.68E-013	-1.02E-012	-1	0.00E+000
1	47.05009714	-1.02E-012	-5.41E-013	0	0.00E+000
1	47.07566688	-5.00E-013	-1.03E-012	-1	0.00E+000
1	47.07942768	-9.72E-013	-5.71E-013	0	0.00E+000
1	47.08022908	-5.71E-013	-1.00E-012	-1	0.00E+000
1	47.10049180	-1.03E-012	-5.48E-013	0	0.00E+000
1	47.10074537	-5.48E-013	-1.01E-012	-1	0.00E+000
1	47.11109881	-1.01E-012	-5.47E-013	0	0.00E+000
1	47.16063304	-5.67E-013	-1.15E-012	-1	0.00E+000
1	47.16449525	-1.00E-012	-4.24E-013	0	0.00E+000
1	47.19398812	-5.35E-013	-9.45E-013	-1	0.00E+000
1	47.20055978	-1.01E-012	-5.54E-013	0	0.00E+000
1	47.21151125	-5.01E-013	-1.11E-012	-1	0.00E+000
1	47.21207015	-1.11E-012	-5.14E-013	0	0.00E+000
1	47.21936416	-3.70E-013	-9.33E-013	-1	0.00E+000
1	47.21984937	-8.07E-013	-4.36E-013	0	0.00E+000
1	47.22005480	-4.36E-013	-1.01E-012	-1	0.00E+000
1	47.22063167	-1.01E-012	-4.92E-013	0	0.00E+000
1	47.24919906	-4.56E-013	-1.09E-012	-1	0.00E+000
1	47.25025715	-1.09E-012	-3.77E-013	0	0.00E+000
1	47.29480538	-5.42E-013	-1.04E-012	-1	0.00E+000
1	47.34113130	-1.01E-012	-5.36E-013	0	0.00E+000
1	47.35041274	-5.52E-013	-1.13E-012	-1	0.00E+000
1	47.36342345	-1.18E-012	-6.18E-013	0	0.00E+000
1	47.36447509	-6.18E-013	-1.06E-012	-1	0.00E+000
1	47.39808387	-1.02E-012	-5.62E-013	0	0.00E+000
1	47.39829580	-5.62E-013	-9.62E-013	-1	0.00E+000
1	47.41624880	-9.62E-013	-5.82E-013	0	0.00E+000
1	47.42385766	-5.04E-013	-1.09E-012	-1	0.00E+000
1	47.43099186	-1.06E-012	-5.59E-013	0	0.00E+000
1	47.43268117	-5.59E-013	-8.89E-013	-1	0.00E+000
1	47.43293400	-8.89E-013	-5.97E-013	0	0.00E+000
1	47.43458240	-5.97E-013	-1.01E-012	-1	0.00E+000
1	47.43674631	-1.01E-012	-4.85E-013	0	0.00E+000
1	47.43700228	-4.85E-013	-9.39E-013	-1	0.00E+000
1	47.44483007	-9.45E-013	-5.63E-013	0	0.00E+000
1	47.44524099	-5.63E-013	-9.32E-013	-1	0.00E+000
1	47.44755712	-9.32E-013	-4.94E-013	0	0.00E+000
1	47.44787986	-4.94E-013	-1.05E-012	-1	0.00E+000
1	47.45361561	-9.79E-013	-4.92E-013	0	0.00E+000
1	47.45457452	-4.92E-013	-8.67E-013	-1	0.00E+000
1	47.45489594	-8.67E-013	-4.47E-013	0	0.00E+000
1	47.45566889	-4.47E-013	-1.00E-012	-1	0.00E+000
1	47.68271178	-9.73E-013	-5.16E-013	0	0.00E+000
1	47.68308218	-5.16E-013	-1.16E-012	-1	0.00E+000
1	47.74800008	-1.05E-012	-1.70E-012	-2	0.00E+000
1	47.74837892	-1.70E-012	-1.01E-012	-1	0.00E+000
1	47.78338240	-1.04E-012	-5.36E-013	0	0.00E+000
1	47.83686034	-5.47E-013	-1.37E-012	-1	0.00E+000
1	47.83762128	-1.37E-012	-5.20E-013	0	0.00E+000
1	47.85394389	-5.43E-013	-9.72E-013	-1	0.00E+000
1	47.85609493	-9.72E-013	-5.72E-013	0	0.00E+000
1	47.86297777	-5.85E-013	-9.72E-013	-1	0.00E+000
1	47.87589879	-9.72E-013	-5.53E-013	0	0.00E+000
1	47.87613359	-5.53E-013	-9.93E-013	-1	0.00E+000
1	47.92255703	-8.41E-013	-4.20E-013	0	0.00E+000
1	47.92298499	-4.20E-013	-9.05E-013	-1	0.00E+000
1	47.94708242	-8.54E-013	-4.02E-013	0	0.00E+000
1	47.94821621	-4.02E-013	-9.07E-013	-1	0.00E+000
1	47.94952248	-9.07E-013	-4.47E-013	0	0.00E+000
1	47.95162927	-4.47E-013	-8.64E-013	-1	0.00E+000
1	47.96384879	-8.64E-013	-3.95E-013	0	0.00E+000
1	47.96425567	-3.95E-013	-1.09E-012	-1	0.00E+000
1	47.96607661	-1.04E-012	-4.12E-013	0	0.00E+000
1	47.96765856	-5.22E-013	-9.87E-013	-1	0.00E+000
1	47.98295603	-1.12E-012	-5.29E-013	0	0.00E+000
1	47.98379899	-5.29E-013	-1.09E-012	-1	0.00E+000
1	48.17108377	-9.81E-013	-4.64E-013	0	0.00E+000
1	48.17144422	-4.64E-013	-9.36E-013	-1	0.00E+000
1	48.24282843	-1.05E-012	-1.78E-012	-2	0.00E+000
1	48.24337573	-1.78E-012	-1.01E-012	-1	0.00E+000
1	48.31367230	-1.06E-012	-5.54E-013	0	0.00E+000
1	48.31593049	-5.98E-013	-9.93E-013	-1	0.00E+000
1	48.43646064	-1.23E-012	-5.28E-013	0	0.00E+000
1	48.43767157	-5.28E-013	-9.95E-013	-1	0.00E+000
1	48.45354878	-1.09E-012	-1.47E-012	-2	0.00E+000
1	48.45373874	-1.47E-012	-1.00E-012	-1	0.00E+000
1	48.48487950	-1.02E-012	-4.43E-013	0	0.00E+000
1	48.48512943	-4.43E-013	-9.86E-013	-1	0.00E+000
1	48.49602420	-8.98E-013	-4.17E-013	0	0.00E+000
1	48.49624877	-4.17E-013	-9.36E-013	-1	0.00E+000
1	48.65700667	-1.05E-012	-1.68E-012	-2	0.00E+000
1	48.65765538	-1.68E-012	-9.43E-013	-1	0.00E+000
1	48.73242753	-1.18E-012	-1.76E-012	-2	0.00E+000
1	48.73459564	-1.79E-012	-9.82E-013	-1	0.00E+000
1	48.74514039	-9.77E-013	-4.13E-013	0	0.00E+000
1	48.74558257	-4.13E-013	-8.99E-013	-1	0.00E+000
1	48.83825682	-9.73E-013	-3.69E-013	0	0.00E+000
1	48.83849877	-3.69E-013	-9.97E-013	-1	0.00E+000
1	48.85894320	-9.56E-013	-1.39E-012	-2	0.00E+000
1	48.85998692	-1.39E-012	-1.01E-012	-1	0.00E+000
1	48.88221350	-9.34E-013	-4.63E-013	0	0.00E+000
1	48.88507781	-5.75E-013	-1.04E-012	-1	0.00E+000
1	48.88903196	-1.04E-012	-5.84E-013	0	0.00E+000
1	48.88987676	-5.84E-013	-1.05E-012	-1	0.00E+000
1	48.99763956	-9.20E-013	-5.18E-013	0	0.00E+000
1	48.99833144	-5.18E-013	-9.95E-013	-1	0.00E+000
1	49.04105413	-9.75E-013	-1.32E-012	-2	0.00E+000
1	49.04161388	-1.32E-012	-9.52E-013	-1	0.00E+000
1	49.14451907	-9.62E-013	-4.09E-013	0	0.00E+000
1	49.14477612	-4.09E-013	-9.48E-013	-1	0.00E+000
1	49.15795820	-1.04E-012	-1.55E-012	-2	0.00E+000
1	49.15835029	-1.55E-012	-1.04E-012	-1	0.00E+000
1	49.17377865	-9.37E-013	-3.88E-013	0	0.00E+000
1	49.17608093	-4.40E-013	-8.89E-013	-1	0.00E+000
1	49.18398712	-9.87E-013	-1.37E-012	-2	0.00E+000
1	49.18465488	-1.37E-012	-1.00E-012	-1	0.00E+000
1	49.21175913	-9.84E-013	-4.23E-013	0	0.00E+000
1	49.21275004	-4.09E-013	-9.98E-013	-1	0.00E+000
1	49.28429420	-1.11E-012	-1.65E-012	-2	0.00E+000
1	49.28478385	-1.65E-012	-1.08E-012	-1	0.00E+000
1	49.35971337	-9.87E-013	-4.64E-013	0	0.00E+000
1	49.36081578	-4.64E-013	-9.58E-013	-1	0.00E+000
1	49.38638566	-1.05E-012	-1.43E-012	-2	0.00E+000
1	49.38676723	-1.43E-012	-8.19E-013	-1	0.00E+000
1	49.64903898	-9.39E-013	-4.44E-013	0	0.00E+000
1	49.64950234	-4.44E-013	-9.16E-013	-1	0.00E+000
1	49.79019830	-9.28E-013	-4.34E-013	0	0.00E+000
1	49.79588197	-4.26E-013	-1.05E-012	-1	0.00E+000
1	49.80039289	-1.00E-012	-4.35E-013	0	0.00E+000
1	49.80082262	-4.90E-013	-9.62E-013	-1	0.00E+000
1	49.87737670	-1.10E-012	-1.44E-012	-2	0.00E+000
1	49.87767969	-1.44E-012	-9.97E-013	-1	0.00E+000
1	49.88289874	-9.97E-013	-5.28E-013	0	0.00E+000
1	49.88312412	-5.28E-013	-9.59E-013	-1	0.00E+000
1	49.93276147	-1.09E-012	-6.44E-013	0	0.00E+000
1	49.93318237	-6.44E-013	-9.60E-013	-1	0.00E+000
1	49.95032166	-9.30E-013	-1.43E-012	-2	0.00E+000
1	49.95074669	-1.43E-012	-1.10E-012	-1	0.00E+000
1	49.97956990	-1.08E-012	-5.69E-013	0	0.00E+000
1	49.98011299	-5.69E-013	-1.06E-012	-1	0.00E+000
1	50.02161959	-9.97E-013	-4.61E-013	0	0.00E+000
1	50.02330060	-5.52E-013	-9.69E-013	-1	0.00E+000
1	50.09873611	-9.60E-013	-4.91E-013	0	0.00E+000
1	50.10005488	-4.91E-013	-9.50E-013	-1	0.00E+000
1	50.13459976	-9.01E-013	-4.34E-013	0	0.00E+000
1	50.13480512	-4.34E-013	-9.00E-013	-1	0.00E+000
1	50.15353801	-1.00E-012	-1.58E-012	-2	0.00E+000
1	50.15469948	-1.58E-012	-1.00E-012	-1	0.00E+000
1	50.15551042	-1.00E-012	-1.86E-012	-2	0.00E+000
1	50.16103877	-1.90E-012	-1.08E-012	-1	0.00E+000
1	50.20986903	-9.49E-013	-4.52E-013	0	0.00E+000
1	50.21244494	-4.52E-013	-1.15E-012	-1	0.00E+000
1	50.25579789	-9.26E-013	-4.17E-013	0	0.00E+000
1	50.25610799	-4.17E-013	-9.54E-013	-1	0.00E+000
1	50.26456348	-9.97E-013	-4.08E-013	0	0.00E+000
1	50.26480612	-4.08E-013	-9.08E-013	-1	0.00E+000
1	50.28507720	-9.08E-013	-4.46E-013	0	0.00E+000
1	50.28660753	-4.88E-013	-9.57E-013	-1	0.00E+000
1	50.29834873	-9.57E-013	-4.20E-013	0	0.00E+000
1	50.29898604	-6.10E-013	-9.23E-013	-1	0.00E+000
1	50.30023670	-9.23E-013	-4.80E-013	0	0.00E+000
1	50.30152712	-4.80E-013	-9.05E-013	-1	0.00E+000
1	50.33856845	-1.02E-012	-4.38E-013	0	0.00E+000
1	50.33890334	-4.38E-013	-9.60E-013	-1	0.00E+000
1	50.34149572	-1.00E-012	-5.03E-013	0	0.00E+000
1	50.34210518	-5.03E-013	-1.06E-012	-1	0.00E+000
1	50.35473309	-1.06E-012	-4.58E-013	0	0.00E+000
1	50.35503096	-4.58E-013	-1.12E-012	-1	0.00E+000
1	50.36005132	-9.98E-013	-4.71E-013	0	0.00E+000
1	50.36035812	-4.71E-013	-9.94E-013	-1	0.00E+000
1	50.36451864	-9.47E-013	-4.53E-013	0	0.00E+000
1	50.36474873	-4.53E-013	-9.05E-013	-1	0.00E+000
1	50.42152120	-9.77E-013	-1.53E-012	-2	0.00E+000
1	50.42251423	-1.53E-012	-9.80E-013	-1	0.00E+000
1	50.44330995	-9.73E-013	-4.66E-013	0	0.00E+000
1	50.44436366	-4.66E-013	-9.76E-013	-1	0.00E+000
1	50.44974936	-9.34E-013	-5.38E-013	0	0.00E+000
1	50.45012387	-5.38E-013	-1.06E-012	-1	0.00E+000
1	50.49188259	-8.76E-013	-3.68E-013	0	0.00E+000
1	50.49211780	-3.68E-013	-9.99E-013	-1	0.00E+000
1	50.59989997	-1.10E-012	-1.82E-012	-2	0.00E+000
1	50.60070665	-1.82E-012	-1.12E-012	-1	0.00E+000
1	50.60392238	-1.10E-012	-5.62E-013	0	0.00E+000
1	50.60470403	-5.62E-013	-9.71E-013	-1	0.00E+000
1	50.63280853	-1.06E-012	-4.40E-013	0	0.00E+000
1	50.63594127	-4.93E-013	-1.04E-012	-1	0.00E+000
1	50.69815873	-9.72E-013	-1.68E-012	-2	0.00E+000
1	50.69952151	-1.68E-012	-9.46E-013	-1	0.00E+000
