4	0.00566646	-1.394484E-012	-2.095161E-012	-1	0.000000E+000
4	0.01007015	-2.087969E-012	-1.374458E-012	0	0.000000E+000
4	0.01196681	-1.423802E-012	-2.066594E-012	-1	0.000000E+000
4	0.01749965	-2.102546E-012	-1.426488E-012	0	0.000000E+000
4	0.01835440	-1.426488E-012	-2.014360E-012	-1	0.000000E+000
4	0.01928529	-2.014360E-012	-1.426488E-012	0	0.000000E+000
4	0.01977492	-1.426488E-012	-2.016798E-012	-1	0.000000E+000
4	0.02538161	-2.113633E-012	-1.429379E-012	0	0.000000E+000
4	0.03873827	-1.433821E-012	-2.126953E-012	-1	0.000000E+000
4	0.04032079	-2.126953E-012	-1.394979E-012	0	0.000000E+000
4	0.04217769	-1.425038E-012	-2.093962E-012	-1	0.000000E+000
4	0.05019985	-2.123877E-012	-1.422230E-012	0	0.000000E+000
4	0.05124826	-1.422230E-012	-2.099905E-012	-1	0.000000E+000
4	0.05319001	-2.099905E-012	-1.380789E-012	0	0.000000E+000
4	0.05393825	-1.380789E-012	-2.088677E-012	-1	0.000000E+000
4	0.05628802	-2.088677E-012	-1.470376E-012	0	0.000000E+000
4	0.05748111	-1.470376E-012	-2.111810E-012	-1	0.000000E+000
4	0.05793734	-2.111810E-012	-1.461459E-012	0	0.000000E+000
4	0.06181822	-1.464652E-012	-2.059683E-012	-1	0.000000E+000
4	0.06232500	-2.059683E-012	-1.362551E-012	0	0.000000E+000
4	0.06342084	-1.437260E-012	-2.123767E-012	-1	0.000000E+000
4	0.06514568	-2.123767E-012	-1.410410E-012	0	0.000000E+000
4	0.07693775	-1.423836E-012	-2.165017E-012	-1	0.000000E+000
4	0.07820425	-2.097553E-012	-1.419494E-012	0	0.000000E+000
4	0.08430593	-1.420531E-012	-1.936809E-012	-1	0.000000E+000
4	0.08473959	-1.936809E-012	-1.359919E-012	0	0.000000E+000
4	0.08813926	-1.359919E-012	-2.121485E-012	-1	0.000000E+000
4	0.08927928	-1.992453E-012	-1.376722E-012	0	0.000000E+000
4	0.08980000	-1.376722E-012	-2.079165E-012	-1	0.000000E+000
4	0.09024172	-2.079165E-012	-1.376722E-012	0	0.000000E+000
4	0.11402918	-1.401600E-012	-1.908835E-012	-1	0.000000E+000
4	0.11455180	-1.908835E-012	-1.364302E-012	0	0.000000E+000
4	0.14156620	-1.375959E-012	-2.167545E-012	-1	0.000000E+000
4	0.14351460	-2.054334E-012	-1.350590E-012	0	0.000000E+000
4	0.14933854	-1.389163E-012	-2.049791E-012	-1	0.000000E+000
4	0.15239888	-1.998178E-012	-1.332411E-012	0	0.000000E+000
4	0.15372269	-1.361371E-012	-1.801284E-012	-1	0.000000E+000
4	0.15422500	-1.801284E-012	-1.332411E-012	0	0.000000E+000
4	0.15701056	-1.332411E-012	-1.993332E-012	-1	0.000000E+000
4	0.16242905	-2.089036E-012	-1.327165E-012	0	0.000000E+000
4	0.16644881	-1.327165E-012	-1.910109E-012	-1	0.000000E+000
4	0.16758563	-1.910109E-012	-1.362996E-012	0	0.000000E+000
4	0.17572557	-1.355591E-012	-1.809553E-012	-1	0.000000E+000
4	0.17622500	-1.809553E-012	-1.323184E-012	0	0.000000E+000
4	0.17785674	-1.323184E-012	-2.092173E-012	-1	0.000000E+000
4	0.17874426	-2.092173E-012	-1.461289E-012	0	0.000000E+000
4	0.17968160	-1.461289E-012	-2.153095E-012	-1	0.000000E+000
4	0.18293940	-2.075675E-012	-1.359259E-012	0	0.000000E+000
4	0.21726581	-1.369810E-012	-1.783144E-012	-1	0.000000E+000
4	0.21758690	-1.783144E-012	-1.377901E-012	0	0.000000E+000
4	0.22398978	-1.373991E-012	-2.030417E-012	-1	0.000000E+000
4	0.22480011	-2.030417E-012	-1.376710E-012	0	0.000000E+000
4	0.25083109	-1.376710E-012	-2.057873E-012	-1	0.000000E+000
4	0.25134357	-2.057873E-012	-1.451751E-012	0	0.000000E+000
4	0.25423935	-1.477558E-012	-2.221449E-012	-1	0.000000E+000
4	0.25563901	-2.221449E-012	-1.429784E-012	0	0.000000E+000
4	0.26131485	-1.454906E-012	-2.132994E-012	-1	0.000000E+000
4	0.26180000	-2.132994E-012	-1.527103E-012	0	0.000000E+000
4	0.26232500	-1.527103E-012	-2.035636E-012	-1	0.000000E+000
4	0.26259302	-2.035636E-012	-1.461993E-012	0	0.000000E+000
4	0.27342592	-1.391960E-012	-2.176659E-012	-1	0.000000E+000
4	0.27410996	-2.176659E-012	-1.359821E-012	0	0.000000E+000
4	0.27873231	-1.354164E-012	-2.151479E-012	-1	0.000000E+000
4	0.28041826	-1.992938E-012	-1.336289E-012	0	0.000000E+000
4	0.28158525	-1.349180E-012	-2.065141E-012	-1	0.000000E+000
4	0.28223810	-2.065141E-012	-1.353590E-012	0	0.000000E+000
4	0.28982760	-1.332969E-012	-2.125098E-012	-1	0.000000E+000
4	0.29269001	-2.125098E-012	-1.346892E-012	0	0.000000E+000
4	0.29353032	-1.346892E-012	-2.128428E-012	-1	0.000000E+000
4	0.29502502	-2.128428E-012	-1.325827E-012	0	0.000000E+000
4	0.29555000	-1.325827E-012	-2.262163E-012	-1	0.000000E+000
4	0.29609709	-2.262163E-012	-1.325827E-012	0	0.000000E+000
4	0.29806421	-1.325827E-012	-2.005625E-012	-1	0.000000E+000
4	0.29876710	-2.005625E-012	-1.378623E-012	0	0.000000E+000
4	0.30068381	-1.404430E-012	-2.027131E-012	-1	0.000000E+000
4	0.30380000	-2.027131E-012	-1.374048E-012	0	0.000000E+000
4	0.30743887	-1.392354E-012	-2.243987E-012	-1	0.000000E+000
4	0.30794248	-2.243987E-012	-1.373666E-012	0	0.000000E+000
4	0.31437420	-1.318584E-012	-2.101483E-012	-1	0.000000E+000
4	0.31518176	-2.101483E-012	-1.377153E-012	0	0.000000E+000
4	0.32113050	-1.390141E-012	-1.841907E-012	-1	0.000000E+000
4	0.32159943	-1.841907E-012	-1.387596E-012	0	0.000000E+000
4	0.32272636	-1.386087E-012	-2.045643E-012	-1	0.000000E+000
4	0.32429698	-2.045643E-012	-1.369260E-012	0	0.000000E+000
4	0.32531802	-1.392392E-012	-2.104962E-012	-1	0.000000E+000
4	0.32606373	-2.104962E-012	-1.348315E-012	0	0.000000E+000
4	0.32874886	-1.348315E-012	-2.248680E-012	-1	0.000000E+000
4	0.32930847	-2.248680E-012	-1.400535E-012	0	0.000000E+000
4	0.32982500	-1.400535E-012	-2.103619E-012	-1	0.000000E+000
4	0.33039989	-2.103619E-012	-1.352514E-012	0	0.000000E+000
4	0.33331637	-1.352514E-012	-2.053903E-012	-1	0.000000E+000
4	0.33480801	-2.053903E-012	-1.388421E-012	0	0.000000E+000
4	0.33647195	-1.388421E-012	-2.126559E-012	-1	0.000000E+000
4	0.33719902	-2.126559E-012	-1.435272E-012	0	0.000000E+000
4	0.33775622	-1.435272E-012	-1.960420E-012	-1	0.000000E+000
4	0.33824007	-1.960420E-012	-1.435736E-012	0	0.000000E+000
4	0.33918026	-1.435736E-012	-1.960420E-012	-1	0.000000E+000
4	0.34045509	-1.960420E-012	-1.348852E-012	0	0.000000E+000
4	0.34098980	-1.348852E-012	-2.205688E-012	-1	0.000000E+000
4	0.34311847	-2.140615E-012	-1.343432E-012	0	0.000000E+000
4	0.34787247	-1.327079E-012	-2.193100E-012	-1	0.000000E+000
4	0.34866860	-2.193100E-012	-1.351574E-012	0	0.000000E+000
4	0.35392466	-1.316151E-012	-2.068555E-012	-1	0.000000E+000
4	0.35484984	-2.068555E-012	-1.454165E-012	0	0.000000E+000
4	0.37494985	-1.359541E-012	-2.113577E-012	-1	0.000000E+000
4	0.37721620	-2.113577E-012	-1.399610E-012	0	0.000000E+000
4	0.37923205	-1.399610E-012	-2.279215E-012	-1	0.000000E+000
4	0.38073724	-2.279215E-012	-1.396137E-012	0	0.000000E+000
4	0.38761071	-1.365612E-012	-2.181049E-012	-1	0.000000E+000
4	0.39055000	-2.077824E-012	-1.370807E-012	0	0.000000E+000
4	0.40221655	-1.353296E-012	-2.202289E-012	-1	0.000000E+000
4	0.40286395	-2.202289E-012	-1.444808E-012	0	0.000000E+000
4	0.41785015	-1.402105E-012	-2.106870E-012	-1	0.000000E+000
4	0.41896539	-2.038377E-012	-1.343389E-012	0	0.000000E+000
4	0.41984820	-1.343389E-012	-2.121706E-012	-1	0.000000E+000
4	0.42218732	-2.121706E-012	-1.367404E-012	0	0.000000E+000
4	0.42762500	-1.367404E-012	-2.189315E-012	-1	0.000000E+000
4	0.42851278	-2.189315E-012	-1.338240E-012	0	0.000000E+000
4	0.42940150	-1.338240E-012	-2.100359E-012	-1	0.000000E+000
4	0.43325700	-2.100359E-012	-1.386157E-012	0	0.000000E+000
4	0.43816710	-1.352423E-012	-2.112677E-012	-1	0.000000E+000
4	0.43899027	-2.181494E-012	-1.547658E-012	0	0.000000E+000
4	0.43959174	-1.547658E-012	-2.109434E-012	-1	0.000000E+000
4	0.44063270	-2.043860E-012	-1.441474E-012	0	0.000000E+000
4	0.44159625	-1.441474E-012	-2.098410E-012	-1	0.000000E+000
4	0.44309011	-2.109434E-012	-1.596772E-012	0	0.000000E+000
4	0.44344198	-1.596772E-012	-2.022480E-012	-1	0.000000E+000
4	0.44452687	-2.055399E-012	-1.431652E-012	0	0.000000E+000
4	0.45142338	-1.431652E-012	-2.091001E-012	-1	0.000000E+000
4	0.45987855	-2.053147E-012	-1.358297E-012	0	0.000000E+000
4	0.46079255	-1.358297E-012	-1.783860E-012	-1	0.000000E+000
4	0.46128226	-1.783860E-012	-1.358423E-012	0	0.000000E+000
4	0.52660307	-1.372888E-012	-2.228600E-012	-1	0.000000E+000
4	0.52904649	-2.179914E-012	-1.762387E-012	0	0.000000E+000
4	0.52955000	-1.762387E-012	-2.222260E-012	-1	0.000000E+000
4	0.53291089	-2.127636E-012	-1.485560E-012	0	0.000000E+000
4	0.53392296	-1.485560E-012	-2.229621E-012	-1	0.000000E+000
4	0.53637598	-2.229621E-012	-1.598649E-012	0	0.000000E+000
4	0.53718474	-1.598649E-012	-2.132466E-012	-1	0.000000E+000
4	0.53981415	-2.132466E-012	-1.440256E-012	0	0.000000E+000
4	0.54937313	-1.452714E-012	-1.919262E-012	-1	0.000000E+000
4	0.54984215	-1.919262E-012	-1.466972E-012	0	0.000000E+000
4	0.55671700	-1.402481E-012	-1.898971E-012	-1	0.000000E+000
4	0.55702925	-1.898971E-012	-1.323637E-012	0	0.000000E+000
4	0.57724971	-1.477651E-012	-2.137194E-012	-1	0.000000E+000
4	0.57970964	-2.137194E-012	-1.426830E-012	0	0.000000E+000
4	0.58383360	-1.470583E-012	-2.113202E-012	-1	0.000000E+000
4	0.58482149	-2.113202E-012	-1.475175E-012	0	0.000000E+000
4	0.58606608	-1.475175E-012	-2.113202E-012	-1	0.000000E+000
4	0.59310420	-2.104789E-012	-1.362579E-012	0	0.000000E+000
4	0.59373860	-1.362579E-012	-2.130851E-012	-1	0.000000E+000
4	0.59492830	-2.084276E-012	-1.382771E-012	0	0.000000E+000
4	0.59718742	-1.382771E-012	-2.014117E-012	-1	0.000000E+000
4	0.60063198	-2.117343E-012	-1.367658E-012	0	0.000000E+000
4	0.60513725	-1.367658E-012	-2.124253E-012	-1	0.000000E+000
4	0.60671590	-2.160144E-012	-1.345067E-012	0	0.000000E+000
4	0.60727630	-1.345067E-012	-2.136507E-012	-1	0.000000E+000
4	0.60998399	-2.162313E-012	-1.344643E-012	0	0.000000E+000
4	0.61378837	-1.344643E-012	-2.141918E-012	-1	0.000000E+000
4	0.61563487	-2.141918E-012	-1.422747E-012	0	0.000000E+000
4	0.61697124	-1.508768E-012	-2.183935E-012	-1	0.000000E+000
4	0.61993962	-2.183935E-012	-1.398189E-012	0	0.000000E+000
4	0.63205639	-1.356309E-012	-1.799182E-012	-1	0.000000E+000
4	0.63244900	-1.799182E-012	-1.390484E-012	0	0.000000E+000
4	0.65976943	-1.456795E-012	-2.048701E-012	-1	0.000000E+000
4	0.66086410	-1.934059E-012	-1.398762E-012	0	0.000000E+000
4	0.66220347	-1.398762E-012	-1.956188E-012	-1	0.000000E+000
4	0.66264654	-1.956188E-012	-1.433015E-012	0	0.000000E+000
4	0.66662356	-1.433015E-012	-1.948014E-012	-1	0.000000E+000
4	0.66708913	-1.948014E-012	-1.412868E-012	0	0.000000E+000
4	0.66832786	-1.487270E-012	-2.094251E-012	-1	0.000000E+000
4	0.66878971	-2.094251E-012	-1.423241E-012	0	0.000000E+000
4	0.68115081	-1.364446E-012	-1.899987E-012	-1	0.000000E+000
4	0.68167500	-1.899987E-012	-1.388590E-012	0	0.000000E+000
4	0.69312312	-1.351706E-012	-2.215238E-012	-1	0.000000E+000
4	0.69441049	-2.215238E-012	-1.401542E-012	0	0.000000E+000
4	0.69929603	-1.409357E-012	-2.155755E-012	-1	0.000000E+000
4	0.70365163	-2.155755E-012	-1.379407E-012	0	0.000000E+000
4	0.70590180	-1.379407E-012	-1.936330E-012	-1	0.000000E+000
4	0.70636439	-1.936330E-012	-1.379407E-012	0	0.000000E+000
4	0.71808765	-1.425079E-012	-2.109567E-012	-1	0.000000E+000
4	0.71875714	-2.109567E-012	-1.385070E-012	0	0.000000E+000
4	0.72006472	-1.385070E-012	-2.095800E-012	-1	0.000000E+000
4	0.72157219	-2.095800E-012	-1.411342E-012	0	0.000000E+000
4	0.73359862	-1.365810E-012	-2.079886E-012	-1	0.000000E+000
4	0.73588761	-2.079886E-012	-1.482827E-012	0	0.000000E+000
4	0.73764660	-1.482827E-012	-2.092579E-012	-1	0.000000E+000
4	0.73912871	-2.092579E-012	-1.523018E-012	0	0.000000E+000
4	0.73957694	-1.523018E-012	-2.045304E-012	-1	0.000000E+000
4	0.74209974	-2.045304E-012	-1.380814E-012	0	0.000000E+000
4	0.74930643	-1.407143E-012	-2.113003E-012	-1	0.000000E+000
4	0.75142546	-2.113003E-012	-1.379116E-012	0	0.000000E+000
4	0.75368914	-1.379116E-012	-1.990927E-012	-1	0.000000E+000
4	0.75410386	-1.990927E-012	-1.373361E-012	0	0.000000E+000
4	0.76077626	-1.397765E-012	-2.037857E-012	-1	0.000000E+000
4	0.76204662	-2.037857E-012	-1.399537E-012	0	0.000000E+000
4	0.76722004	-1.368127E-012	-2.075354E-012	-1	0.000000E+000
4	0.76772500	-2.075354E-012	-1.389786E-012	0	0.000000E+000
4	0.78211813	-1.421334E-012	-2.084499E-012	-1	0.000000E+000
4	0.79103639	-2.000679E-012	-1.376182E-012	0	0.000000E+000
4	0.79749259	-1.399144E-012	-1.950853E-012	-1	0.000000E+000
4	0.79896152	-2.011068E-012	-1.440303E-012	0	0.000000E+000
4	0.79947878	-1.440303E-012	-2.053277E-012	-1	0.000000E+000
4	0.80253535	-2.036376E-012	-1.382915E-012	0	0.000000E+000
4	0.80525065	-1.382915E-012	-2.184870E-012	-1	0.000000E+000
4	0.80584211	-2.184870E-012	-1.390847E-012	0	0.000000E+000
4	0.80642087	-1.390847E-012	-2.079637E-012	-1	0.000000E+000
4	0.80693903	-2.079637E-012	-1.390847E-012	0	0.000000E+000
4	0.80845385	-1.390847E-012	-1.891357E-012	-1	0.000000E+000
4	0.80890931	-1.891357E-012	-1.428425E-012	0	0.000000E+000
4	0.81127864	-1.428425E-012	-2.179741E-012	-1	0.000000E+000
4	0.81205596	-2.179741E-012	-1.391766E-012	0	0.000000E+000
4	0.81617084	-1.478908E-012	-2.091652E-012	-1	0.000000E+000
4	0.81822184	-2.091652E-012	-1.404989E-012	0	0.000000E+000
4	0.82891037	-1.405125E-012	-2.086540E-012	-1	0.000000E+000
4	0.83685851	-2.070206E-012	-1.400953E-012	0	0.000000E+000
4	0.85293695	-1.357942E-012	-2.047475E-012	-1	0.000000E+000
4	0.85659010	-1.984800E-012	-1.389173E-012	0	0.000000E+000
4	0.85965561	-1.389173E-012	-2.045123E-012	-1	0.000000E+000
4	0.86423149	-2.045123E-012	-1.357413E-012	0	0.000000E+000
4	0.88291449	-1.426716E-012	-2.192960E-012	-1	0.000000E+000
4	0.88365727	-2.192960E-012	-1.388765E-012	0	0.000000E+000
4	0.88632088	-1.388765E-012	-2.110858E-012	-1	0.000000E+000
4	0.88873323	-2.110858E-012	-1.366126E-012	0	0.000000E+000
4	0.89890821	-1.454343E-012	-2.211810E-012	-1	0.000000E+000
4	0.90020762	-2.211810E-012	-1.419919E-012	0	0.000000E+000
4	0.92363735	-1.419919E-012	-2.101679E-012	-1	0.000000E+000
4	0.92504702	-2.079720E-012	-1.385337E-012	0	0.000000E+000
4	0.94877144	-1.419745E-012	-2.177869E-012	-1	0.000000E+000
4	0.95167859	-2.092528E-012	-1.464393E-012	0	0.000000E+000
4	0.95400962	-1.464393E-012	-2.299472E-012	-1	0.000000E+000
4	0.95553128	-2.299472E-012	-1.503352E-012	0	0.000000E+000
4	0.95891987	-1.503352E-012	-2.195010E-012	-1	0.000000E+000
4	0.96008528	-2.195010E-012	-1.358416E-012	0	0.000000E+000
4	0.97370411	-1.440355E-012	-2.245774E-012	-1	0.000000E+000
4	0.97446329	-2.245774E-012	-1.596999E-012	0	0.000000E+000
4	0.97495217	-1.596999E-012	-2.245774E-012	-1	0.000000E+000
4	0.97633546	-2.245774E-012	-1.616241E-012	0	0.000000E+000
4	1.00160727	-1.444198E-012	-2.151297E-012	-1	0.000000E+000
4	1.00548462	-2.135400E-012	-1.458693E-012	0	0.000000E+000
4	1.00706075	-1.458693E-012	-2.238821E-012	-1	0.000000E+000
4	1.00974044	-2.238821E-012	-1.474679E-012	0	0.000000E+000
4	1.01760858	-1.445035E-012	-2.257100E-012	-1	0.000000E+000
4	1.01816605	-2.257100E-012	-1.458441E-012	0	0.000000E+000
4	1.02083728	-1.458441E-012	-1.979414E-012	-1	0.000000E+000
4	1.02120209	-1.979414E-012	-1.453321E-012	0	0.000000E+000
4	1.03511382	-1.453321E-012	-2.107687E-012	-1	0.000000E+000
4	1.03990636	-2.098278E-012	-1.469978E-012	0	0.000000E+000
4	1.04036840	-1.469978E-012	-2.108826E-012	-1	0.000000E+000
4	1.04398089	-2.108826E-012	-1.479616E-012	0	0.000000E+000
4	1.04443855	-1.479616E-012	-2.093721E-012	-1	0.000000E+000
4	1.04578777	-2.093721E-012	-1.375793E-012	0	0.000000E+000
4	1.04941889	-1.384395E-012	-2.149052E-012	-1	0.000000E+000
4	1.05024895	-2.149052E-012	-1.427045E-012	0	0.000000E+000
4	1.05095240	-1.427045E-012	-2.149052E-012	-1	0.000000E+000
4	1.05442934	-2.149052E-012	-1.440605E-012	0	0.000000E+000
4	1.05550701	-1.406196E-012	-2.008365E-012	-1	0.000000E+000
4	1.05647560	-2.008365E-012	-1.461831E-012	0	0.000000E+000
4	1.05704857	-1.461831E-012	-2.008365E-012	-1	0.000000E+000
4	1.05818550	-2.008365E-012	-1.425360E-012	0	0.000000E+000
4	1.05891397	-1.425360E-012	-2.033919E-012	-1	0.000000E+000
4	1.06028366	-2.033919E-012	-1.376648E-012	0	0.000000E+000
4	1.06118791	-1.376648E-012	-2.076766E-012	-1	0.000000E+000
4	1.06214234	-2.076766E-012	-1.385158E-012	0	0.000000E+000
4	1.07594727	-1.401515E-012	-1.958365E-012	-1	0.000000E+000
4	1.07642500	-1.958365E-012	-1.390629E-012	0	0.000000E+000
4	1.09204599	-1.404735E-012	-2.242312E-012	-1	0.000000E+000
4	1.09287817	-2.242312E-012	-1.492394E-012	0	0.000000E+000
4	1.09372347	-1.423576E-012	-2.111883E-012	-1	0.000000E+000
4	1.09441609	-2.111883E-012	-1.410255E-012	0	0.000000E+000
4	1.11731474	-1.418857E-012	-2.200674E-012	-1	0.000000E+000
4	1.11903979	-2.193960E-012	-1.523441E-012	0	0.000000E+000
4	1.11952683	-1.523441E-012	-2.237273E-012	-1	0.000000E+000
4	1.12604182	-2.229423E-012	-1.424790E-012	0	0.000000E+000
4	1.14150262	-1.493209E-012	-2.378477E-012	-1	0.000000E+000
4	1.14219924	-2.378477E-012	-1.454813E-012	0	0.000000E+000
4	1.15644516	-1.390821E-012	-2.232816E-012	-1	0.000000E+000
4	1.15757968	-2.232816E-012	-1.393861E-012	0	0.000000E+000
4	1.15981033	-1.393861E-012	-2.123694E-012	-1	0.000000E+000
4	1.16044148	-2.123694E-012	-1.414227E-012	0	0.000000E+000
4	1.19455743	-1.377601E-012	-2.139609E-012	-1	0.000000E+000
4	1.19557682	-2.139609E-012	-1.405551E-012	0	0.000000E+000
4	1.25800025	-1.369728E-012	-2.028727E-012	-1	0.000000E+000
4	1.25865076	-2.028727E-012	-1.385191E-012	0	0.000000E+000
4	1.26222813	-1.385191E-012	-2.046982E-012	-1	0.000000E+000
4	1.26469407	-2.046982E-012	-1.417802E-012	0	0.000000E+000
4	1.26623391	-1.417802E-012	-2.151949E-012	-1	0.000000E+000
4	1.26684810	-2.151949E-012	-1.361609E-012	0	0.000000E+000
4	1.26861450	-1.361609E-012	-1.956156E-012	-1	0.000000E+000
4	1.27030587	-1.956156E-012	-1.340900E-012	0	0.000000E+000
4	1.27226928	-1.340900E-012	-1.739402E-012	-1	0.000000E+000
4	1.27295524	-1.739402E-012	-1.390602E-012	0	0.000000E+000
4	1.27874261	-1.395848E-012	-1.899225E-012	-1	0.000000E+000
4	1.28177634	-1.976747E-012	-1.482506E-012	0	0.000000E+000
4	1.29102033	-1.493513E-012	-2.255866E-012	-1	0.000000E+000
4	1.29183965	-2.255866E-012	-1.524296E-012	0	0.000000E+000
4	1.30614768	-1.419760E-012	-2.163040E-012	-1	0.000000E+000
4	1.30666517	-2.163040E-012	-1.359259E-012	0	0.000000E+000
4	1.32067714	-1.408496E-012	-2.129506E-012	-1	0.000000E+000
4	1.32170719	-2.129506E-012	-1.450584E-012	0	0.000000E+000
4	1.32728413	-1.391237E-012	-2.088041E-012	-1	0.000000E+000
4	1.33298213	-2.162600E-012	-1.423916E-012	0	0.000000E+000
4	1.34439601	-1.516421E-012	-2.151816E-012	-1	0.000000E+000
4	1.34497023	-2.151816E-012	-1.385845E-012	0	0.000000E+000
4	1.34591549	-1.420254E-012	-2.218256E-012	-1	0.000000E+000
4	1.34685028	-2.218256E-012	-1.403184E-012	0	0.000000E+000
4	1.34994983	-1.403184E-012	-2.358809E-012	-1	0.000000E+000
4	1.35074088	-2.358809E-012	-1.406179E-012	0	0.000000E+000
4	1.35656437	-1.435734E-012	-2.000471E-012	-1	0.000000E+000
4	1.35717105	-2.000471E-012	-1.428198E-012	0	0.000000E+000
4	1.35837476	-1.471209E-012	-2.099780E-012	-1	0.000000E+000
4	1.35894874	-2.099780E-012	-1.408183E-012	0	0.000000E+000
4	1.36110915	-1.511409E-012	-2.171609E-012	-1	0.000000E+000
4	1.36167349	-2.171609E-012	-1.502037E-012	0	0.000000E+000
4	1.37733680	-1.347198E-012	-2.080784E-012	-1	0.000000E+000
4	1.38144061	-2.080784E-012	-1.386604E-012	0	0.000000E+000
4	1.38420986	-1.386604E-012	-2.015439E-012	-1	0.000000E+000
4	1.38500179	-2.015439E-012	-1.414789E-012	0	0.000000E+000
4	1.38982500	-1.414789E-012	-2.084593E-012	-1	0.000000E+000
4	1.39505000	-2.084593E-012	-1.363021E-012	0	0.000000E+000
4	1.40082468	-1.388993E-012	-2.002867E-012	-1	0.000000E+000
4	1.40221035	-2.002867E-012	-1.371133E-012	0	0.000000E+000
4	1.40482647	-1.371133E-012	-2.161349E-012	-1	0.000000E+000
4	1.40545167	-2.161349E-012	-1.338068E-012	0	0.000000E+000
4	1.41673360	-1.389895E-012	-2.170863E-012	-1	0.000000E+000
4	1.41779363	-2.170863E-012	-1.366563E-012	0	0.000000E+000
4	1.41941187	-1.366563E-012	-2.170413E-012	-1	0.000000E+000
4	1.42064399	-2.170413E-012	-1.281965E-012	0	0.000000E+000
4	1.42225573	-1.350783E-012	-2.143987E-012	-1	0.000000E+000
4	1.42728637	-2.032677E-012	-1.386395E-012	0	0.000000E+000
4	1.42965487	-1.412202E-012	-2.232829E-012	-1	0.000000E+000
4	1.43067814	-2.232829E-012	-1.354905E-012	0	0.000000E+000
4	1.43437737	-1.354222E-012	-1.957603E-012	-1	0.000000E+000
4	1.43475970	-1.957603E-012	-1.399947E-012	0	0.000000E+000
4	1.44196984	-1.379979E-012	-2.007860E-012	-1	0.000000E+000
4	1.45058744	-2.079587E-012	-1.358397E-012	0	0.000000E+000
4	1.47081676	-1.379869E-012	-2.078076E-012	-1	0.000000E+000
4	1.47184709	-1.972618E-012	-1.357728E-012	0	0.000000E+000
4	1.47312931	-1.411280E-012	-2.078076E-012	-1	0.000000E+000
4	1.47481376	-2.078076E-012	-1.398864E-012	0	0.000000E+000
4	1.47558212	-1.398864E-012	-2.034518E-012	-1	0.000000E+000
4	1.47705624	-2.086654E-012	-1.404202E-012	0	0.000000E+000
4	1.47752881	-1.404202E-012	-2.034518E-012	-1	0.000000E+000
4	1.48100334	-2.034518E-012	-1.544502E-012	0	0.000000E+000
4	1.48155000	-1.544502E-012	-2.144777E-012	-1	0.000000E+000
4	1.48219186	-2.144777E-012	-1.378044E-012	0	0.000000E+000
4	1.48293384	-1.378044E-012	-2.090605E-012	-1	0.000000E+000
4	1.48360787	-2.090605E-012	-1.378044E-012	0	0.000000E+000
4	1.48508960	-1.378044E-012	-1.892434E-012	-1	0.000000E+000
4	1.48607927	-1.892434E-012	-1.410496E-012	0	0.000000E+000
4	1.48976658	-1.349364E-012	-2.012612E-012	-1	0.000000E+000
4	1.49618016	-2.184655E-012	-1.522158E-012	0	0.000000E+000
4	1.49915479	-1.565169E-012	-2.263241E-012	-1	0.000000E+000
4	1.50011203	-2.263241E-012	-1.465368E-012	0	0.000000E+000
4	1.50455117	-1.537025E-012	-2.272583E-012	-1	0.000000E+000
4	1.50784456	-2.272583E-012	-1.508128E-012	0	0.000000E+000
4	1.50948550	-1.508128E-012	-2.209363E-012	-1	0.000000E+000
4	1.51484703	-2.227979E-012	-1.484005E-012	0	0.000000E+000
4	1.51773723	-1.484005E-012	-2.216234E-012	-1	0.000000E+000
4	1.52108973	-2.149774E-012	-1.541173E-012	0	0.000000E+000
4	1.52176305	-1.541173E-012	-2.161817E-012	-1	0.000000E+000
4	1.52559341	-2.013964E-012	-1.338274E-012	0	0.000000E+000
4	1.52687982	-1.338274E-012	-2.053730E-012	-1	0.000000E+000
4	1.52780576	-2.053730E-012	-1.319953E-012	0	0.000000E+000
4	1.52871502	-1.319953E-012	-2.071381E-012	-1	0.000000E+000
4	1.53319825	-2.071381E-012	-1.388711E-012	0	0.000000E+000
4	1.54119801	-1.376675E-012	-2.136759E-012	-1	0.000000E+000
4	1.54407452	-2.136759E-012	-1.396038E-012	0	0.000000E+000
4	1.54567181	-1.326982E-012	-1.783518E-012	-1	0.000000E+000
4	1.54595789	-1.783518E-012	-1.353493E-012	0	0.000000E+000
4	1.54754952	-1.396038E-012	-1.731128E-012	-1	0.000000E+000
4	1.54785747	-1.731128E-012	-1.353493E-012	0	0.000000E+000
4	1.56256272	-1.336124E-012	-2.135962E-012	-1	0.000000E+000
4	1.56401671	-2.135962E-012	-1.357250E-012	0	0.000000E+000
4	1.57371481	-1.335539E-012	-2.089988E-012	-1	0.000000E+000
4	1.57487956	-2.089988E-012	-1.374618E-012	0	0.000000E+000
4	1.58563544	-1.333962E-012	-2.089486E-012	-1	0.000000E+000
4	1.58648815	-2.089486E-012	-1.388731E-012	0	0.000000E+000
4	1.58819335	-1.414538E-012	-2.089570E-012	-1	0.000000E+000
4	1.58992680	-2.089570E-012	-1.372721E-012	0	0.000000E+000
4	1.59271166	-1.372721E-012	-2.316893E-012	-1	0.000000E+000
4	1.59360078	-2.222269E-012	-1.392572E-012	0	0.000000E+000
4	1.59649086	-1.401174E-012	-1.960207E-012	-1	0.000000E+000
4	1.59752921	-1.880367E-012	-1.507142E-012	0	0.000000E+000
4	1.59801054	-1.507142E-012	-1.960207E-012	-1	0.000000E+000
4	1.60159314	-1.960207E-012	-1.387178E-012	0	0.000000E+000
4	1.60372455	-1.387178E-012	-2.060380E-012	-1	0.000000E+000
4	1.60426801	-2.060380E-012	-1.293314E-012	0	0.000000E+000
4	1.60491858	-1.293314E-012	-1.920456E-012	-1	0.000000E+000
4	1.60575714	-1.920456E-012	-1.314733E-012	0	0.000000E+000
4	1.62028135	-1.331693E-012	-1.923123E-012	-1	0.000000E+000
4	1.62064110	-1.923123E-012	-1.419105E-012	0	0.000000E+000
4	1.63124684	-1.361442E-012	-2.202717E-012	-1	0.000000E+000
4	1.63275724	-2.202717E-012	-1.382389E-012	0	0.000000E+000
4	1.64359555	-1.382389E-012	-2.055104E-012	-1	0.000000E+000
4	1.64432133	-2.055104E-012	-1.287923E-012	0	0.000000E+000
4	1.65293949	-1.348138E-012	-2.121254E-012	-1	0.000000E+000
4	1.66088775	-2.025298E-012	-1.326438E-012	0	0.000000E+000
4	1.67331757	-1.362074E-012	-2.218785E-012	-1	0.000000E+000
4	1.67498044	-2.218785E-012	-1.383642E-012	0	0.000000E+000
4	1.69962403	-1.508642E-012	-2.092516E-012	-1	0.000000E+000
4	1.70052779	-2.092516E-012	-1.540754E-012	0	0.000000E+000
4	1.70181716	-1.518636E-012	-2.023604E-012	-1	0.000000E+000
4	1.70232500	-2.023604E-012	-1.481912E-012	0	0.000000E+000
4	1.71766008	-1.539445E-012	-2.056666E-012	-1	0.000000E+000
4	1.71827297	-2.056666E-012	-1.487749E-012	0	0.000000E+000
4	1.72394918	-1.487749E-012	-2.062587E-012	-1	0.000000E+000
4	1.72678757	-2.062587E-012	-1.376652E-012	0	0.000000E+000
4	1.72791964	-1.376652E-012	-2.060800E-012	-1	0.000000E+000
4	1.73152500	-2.138220E-012	-1.482581E-012	0	0.000000E+000
4	1.76174203	-1.468462E-012	-2.184305E-012	-1	0.000000E+000
4	1.76485284	-2.184305E-012	-1.438110E-012	0	0.000000E+000
4	1.78853570	-1.502194E-012	-2.147225E-012	-1	0.000000E+000
4	1.79498141	-2.127173E-012	-1.704189E-012	0	0.000000E+000
4	1.79528265	-1.704189E-012	-2.096528E-012	-1	0.000000E+000
4	1.80110655	-2.026643E-012	-1.596913E-012	0	0.000000E+000
4	1.80363580	-1.596913E-012	-2.051164E-012	-1	0.000000E+000
4	1.81067500	-2.051164E-012	-1.428588E-012	0	0.000000E+000
4	1.83800280	-1.394179E-012	-2.168084E-012	-1	0.000000E+000
4	1.84058078	-2.187086E-012	-1.385622E-012	0	0.000000E+000
4	1.84280341	-1.385622E-012	-2.015917E-012	-1	0.000000E+000
4	1.84509976	-2.015917E-012	-1.475428E-012	0	0.000000E+000
4	1.84577213	-1.475428E-012	-2.135928E-012	-1	0.000000E+000
4	1.84806616	-2.135928E-012	-1.285410E-012	0	0.000000E+000
4	1.84890256	-1.285410E-012	-2.105808E-012	-1	0.000000E+000
4	1.85487460	-2.127669E-012	-1.373881E-012	0	0.000000E+000
4	1.85535000	-1.373881E-012	-2.230247E-012	-1	0.000000E+000
4	1.85695890	-2.230247E-012	-1.373881E-012	0	0.000000E+000
4	1.85849826	-1.373881E-012	-2.083360E-012	-1	0.000000E+000
4	1.85936952	-2.083360E-012	-1.356593E-012	0	0.000000E+000
4	1.86630678	-1.361557E-012	-2.064515E-012	-1	0.000000E+000
4	1.87006808	-2.064515E-012	-1.360369E-012	0	0.000000E+000
4	1.87965888	-1.349378E-012	-2.039776E-012	-1	0.000000E+000
4	1.88231348	-2.039776E-012	-1.374606E-012	0	0.000000E+000
4	1.88484849	-1.374606E-012	-1.737060E-012	-1	0.000000E+000
4	1.88525028	-1.737060E-012	-1.352053E-012	0	0.000000E+000
4	1.89767235	-1.361953E-012	-2.095388E-012	-1	0.000000E+000
4	1.89829061	-2.095388E-012	-1.378116E-012	0	0.000000E+000
4	1.91044591	-1.403970E-012	-2.120364E-012	-1	0.000000E+000
4	1.91132415	-2.120364E-012	-1.341487E-012	0	0.000000E+000
4	1.91364841	-1.341487E-012	-2.183981E-012	-1	0.000000E+000
4	1.91607323	-2.183981E-012	-1.457795E-012	0	0.000000E+000
4	1.91740161	-1.462583E-012	-2.048120E-012	-1	0.000000E+000
4	1.91808592	-2.048120E-012	-1.406182E-012	0	0.000000E+000
4	1.92527549	-1.414048E-012	-1.965696E-012	-1	0.000000E+000
4	1.92575557	-1.965696E-012	-1.339198E-012	0	0.000000E+000
4	1.92698850	-1.356376E-012	-1.948492E-012	-1	0.000000E+000
4	1.92966587	-1.974298E-012	-1.383635E-012	0	0.000000E+000
4	1.93667482	-1.358300E-012	-2.043638E-012	-1	0.000000E+000
4	1.93978987	-2.052240E-012	-1.393529E-012	0	0.000000E+000
4	1.94585371	-1.393811E-012	-2.009059E-012	-1	0.000000E+000
4	1.94743800	-2.009059E-012	-1.331310E-012	0	0.000000E+000
4	1.95203235	-1.406757E-012	-1.996584E-012	-1	0.000000E+000
4	1.95246826	-1.996584E-012	-1.381799E-012	0	0.000000E+000
4	1.95488930	-1.381799E-012	-1.874473E-012	-1	0.000000E+000
4	1.95524647	-1.874473E-012	-1.368458E-012	0	0.000000E+000
4	1.97144459	-1.389017E-012	-2.048630E-012	-1	0.000000E+000
4	1.97462051	-2.048630E-012	-1.377044E-012	0	0.000000E+000
4	1.97732294	-1.377044E-012	-2.049172E-012	-1	0.000000E+000
4	1.97830833	-2.049172E-012	-1.362767E-012	0	0.000000E+000
4	1.98488787	-1.400862E-012	-1.981553E-012	-1	0.000000E+000
4	1.98592179	-1.981553E-012	-1.370903E-012	0	0.000000E+000
4	1.99038151	-1.389703E-012	-2.205878E-012	-1	0.000000E+000
4	1.99194035	-2.205878E-012	-1.373019E-012	0	0.000000E+000
4	1.99807393	-1.347892E-012	-1.751812E-012	-1	0.000000E+000
4	1.99856196	-1.751812E-012	-1.386488E-012	0	0.000000E+000
4	2.00285755	-1.386488E-012	-1.868286E-012	-1	0.000000E+000
4	2.00327008	-1.868286E-012	-1.409782E-012	0	0.000000E+000
4	2.01167059	-1.381146E-012	-2.161845E-012	-1	0.000000E+000
4	2.01370203	-2.161845E-012	-1.549656E-012	0	0.000000E+000
4	2.01407676	-1.549656E-012	-1.982172E-012	-1	0.000000E+000
4	2.01728478	-1.982172E-012	-1.547905E-012	0	0.000000E+000
4	2.01762054	-1.547905E-012	-2.073019E-012	-1	0.000000E+000
4	2.02092153	-2.073019E-012	-1.601274E-012	0	0.000000E+000
4	2.02926245	-1.326005E-012	-2.046334E-012	-1	0.000000E+000
4	2.03197058	-2.046334E-012	-1.357660E-012	0	0.000000E+000
4	2.03283522	-1.357660E-012	-2.049463E-012	-1	0.000000E+000
4	2.03440345	-2.049463E-012	-1.408923E-012	0	0.000000E+000
4	2.03545449	-1.406762E-012	-2.149046E-012	-1	0.000000E+000
4	2.03639765	-2.149046E-012	-1.324830E-012	0	0.000000E+000
4	2.04039530	-1.409774E-012	-2.009475E-012	-1	0.000000E+000
4	2.05322500	-2.009475E-012	-1.433166E-012	0	0.000000E+000
4	2.05349387	-1.433166E-012	-2.005284E-012	-1	0.000000E+000
4	2.06173518	-2.005284E-012	-1.475025E-012	0	0.000000E+000
4	2.06222500	-1.475025E-012	-2.060800E-012	-1	0.000000E+000
4	2.06289448	-2.060800E-012	-1.363197E-012	0	0.000000E+000
4	2.06366578	-1.363197E-012	-2.116558E-012	-1	0.000000E+000
4	2.07084598	-2.103756E-012	-1.348785E-012	0	0.000000E+000
4	2.07141534	-1.348785E-012	-2.115834E-012	-1	0.000000E+000
4	2.07528069	-2.115834E-012	-1.409365E-012	0	0.000000E+000
4	2.07587813	-1.409365E-012	-2.112562E-012	-1	0.000000E+000
4	2.07713290	-2.112562E-012	-1.429376E-012	0	0.000000E+000
4	2.07779819	-1.429376E-012	-2.095861E-012	-1	0.000000E+000
4	2.08105712	-2.095861E-012	-1.360666E-012	0	0.000000E+000
4	2.08415680	-1.360666E-012	-2.161259E-012	-1	0.000000E+000
4	2.08467977	-2.161259E-012	-1.422066E-012	0	0.000000E+000
4	2.08816944	-1.422066E-012	-2.036207E-012	-1	0.000000E+000
4	2.09286439	-2.111470E-012	-1.470563E-012	0	0.000000E+000
4	2.09335654	-1.470563E-012	-2.065776E-012	-1	0.000000E+000
4	2.09565381	-2.065776E-012	-1.503193E-012	0	0.000000E+000
4	2.09604232	-1.503193E-012	-2.022820E-012	-1	0.000000E+000
4	2.09935492	-2.022820E-012	-1.330091E-012	0	0.000000E+000
4	2.10073385	-1.363151E-012	-2.089467E-012	-1	0.000000E+000
4	2.10133886	-2.089467E-012	-1.320156E-012	0	0.000000E+000
4	2.10369590	-1.320156E-012	-1.905546E-012	-1	0.000000E+000
4	2.10411756	-1.905546E-012	-1.371518E-012	0	0.000000E+000
4	2.10936397	-1.367480E-012	-2.123658E-012	-1	0.000000E+000
4	2.11123733	-2.123658E-012	-1.373770E-012	0	0.000000E+000
4	2.11530952	-1.373770E-012	-1.957377E-012	-1	0.000000E+000
4	2.11577767	-1.957377E-012	-1.354815E-012	0	0.000000E+000
4	2.11730780	-1.354815E-012	-2.014591E-012	-1	0.000000E+000
4	2.11926805	-2.135022E-012	-1.362033E-012	0	0.000000E+000
4	2.11992504	-1.362033E-012	-2.087881E-012	-1	0.000000E+000
4	2.12867496	-2.092977E-012	-1.396161E-012	0	0.000000E+000
4	2.12989123	-1.396161E-012	-2.064957E-012	-1	0.000000E+000
4	2.13121622	-1.988489E-012	-1.350069E-012	0	0.000000E+000
4	2.13207350	-1.350069E-012	-2.094882E-012	-1	0.000000E+000
4	2.13447371	-2.094882E-012	-1.363631E-012	0	0.000000E+000
4	2.13576883	-1.363631E-012	-2.047812E-012	-1	0.000000E+000
4	2.13627500	-2.047812E-012	-1.320650E-012	0	0.000000E+000
4	2.13701023	-1.320650E-012	-2.047812E-012	-1	0.000000E+000
4	2.14157500	-2.047812E-012	-1.351818E-012	0	0.000000E+000
4	2.14273025	-1.351818E-012	-1.992245E-012	-1	0.000000E+000
4	2.14690130	-1.992245E-012	-1.357573E-012	0	0.000000E+000
4	2.15441021	-1.357573E-012	-1.954542E-012	-1	0.000000E+000
4	2.15526307	-1.954542E-012	-1.369278E-012	0	0.000000E+000
4	2.18049232	-1.337864E-012	-1.751977E-012	-1	0.000000E+000
4	2.18075545	-1.751977E-012	-1.379708E-012	0	0.000000E+000
4	2.19330076	-1.363687E-012	-2.140802E-012	-1	0.000000E+000
4	2.19517383	-2.140802E-012	-1.478702E-012	0	0.000000E+000
4	2.19567960	-1.435692E-012	-2.103859E-012	-1	0.000000E+000
4	2.20434698	-1.985543E-012	-1.376324E-012	0	0.000000E+000
4	2.20522527	-1.376324E-012	-2.091852E-012	-1	0.000000E+000
4	2.20657374	-2.091852E-012	-1.374070E-012	0	0.000000E+000
4	2.21544885	-1.384542E-012	-2.014489E-012	-1	0.000000E+000
4	2.21878504	-2.014489E-012	-1.375681E-012	0	0.000000E+000
4	2.22350000	-1.375681E-012	-2.203505E-012	-1	0.000000E+000
4	2.22428276	-2.203505E-012	-1.353211E-012	0	0.000000E+000
4	2.23680455	-1.410281E-012	-1.920362E-012	-1	0.000000E+000
4	2.23750403	-1.920362E-012	-1.353144E-012	0	0.000000E+000
4	2.25357704	-1.384146E-012	-1.873066E-012	-1	0.000000E+000
4	2.25392715	-1.873066E-012	-1.400945E-012	0	0.000000E+000
4	2.28204930	-1.407076E-012	-2.007613E-012	-1	0.000000E+000
4	2.28592903	-2.007613E-012	-1.621061E-012	0	0.000000E+000
4	2.28621908	-1.621061E-012	-2.085889E-012	-1	0.000000E+000
4	2.29574908	-2.071387E-012	-1.335210E-012	0	0.000000E+000
4	2.29689686	-1.335210E-012	-2.083818E-012	-1	0.000000E+000
4	2.30561000	-2.016586E-012	-1.303500E-012	0	0.000000E+000
4	2.30630726	-1.303500E-012	-2.093610E-012	-1	0.000000E+000
4	2.30925245	-2.093610E-012	-1.361608E-012	0	0.000000E+000
4	2.31382246	-1.390952E-012	-1.998954E-012	-1	0.000000E+000
4	2.31528617	-1.998954E-012	-1.416185E-012	0	0.000000E+000
4	2.31565839	-1.416185E-012	-1.949235E-012	-1	0.000000E+000
4	2.32004899	-1.965154E-012	-1.438159E-012	0	0.000000E+000
4	2.32151095	-1.473051E-012	-2.020379E-012	-1	0.000000E+000
4	2.32488132	-2.020379E-012	-1.334828E-012	0	0.000000E+000
4	2.34189323	-1.398382E-012	-2.106297E-012	-1	0.000000E+000
4	2.34433533	-2.106297E-012	-1.350952E-012	0	0.000000E+000
4	2.34835357	-1.350952E-012	-1.833629E-012	-1	0.000000E+000
4	2.34871140	-1.833629E-012	-1.321423E-012	0	0.000000E+000
4	2.35603702	-1.367046E-012	-1.860798E-012	-1	0.000000E+000
4	2.35658133	-1.860798E-012	-1.350105E-012	0	0.000000E+000
4	2.39231277	-1.369589E-012	-1.948315E-012	-1	0.000000E+000
4	2.39328563	-1.948315E-012	-1.325957E-012	0	0.000000E+000
4	2.39508907	-1.325957E-012	-2.001107E-012	-1	0.000000E+000
4	2.39585126	-2.001107E-012	-1.425530E-012	0	0.000000E+000
4	2.39804390	-1.425530E-012	-1.969069E-012	-1	0.000000E+000
4	2.39840388	-1.969069E-012	-1.349610E-012	0	0.000000E+000
4	2.42156859	-1.349610E-012	-2.027729E-012	-1	0.000000E+000
4	2.42225972	-2.027729E-012	-1.400246E-012	0	0.000000E+000
4	2.43211020	-1.337923E-012	-2.139456E-012	-1	0.000000E+000
4	2.43272762	-2.139456E-012	-1.354546E-012	0	0.000000E+000
4	2.43907788	-1.326370E-012	-2.165995E-012	-1	0.000000E+000
4	2.43990263	-2.165995E-012	-1.322794E-012	0	0.000000E+000
4	2.44471457	-1.320358E-012	-1.961680E-012	-1	0.000000E+000
4	2.44518623	-1.961680E-012	-1.378263E-012	0	0.000000E+000
4	2.45819063	-1.373421E-012	-2.073753E-012	-1	0.000000E+000
4	2.46236169	-2.073753E-012	-1.368569E-012	0	0.000000E+000
4	2.46320571	-1.368569E-012	-2.092764E-012	-1	0.000000E+000
4	2.46782164	-2.035893E-012	-1.563506E-012	0	0.000000E+000
4	2.46975716	-1.563506E-012	-2.031009E-012	-1	0.000000E+000
4	2.47405000	-2.031009E-012	-1.406727E-012	0	0.000000E+000
4	2.47432802	-1.406727E-012	-2.052898E-012	-1	0.000000E+000
4	2.47745636	-2.052898E-012	-1.323361E-012	0	0.000000E+000
4	2.47903480	-1.323361E-012	-1.853969E-012	-1	0.000000E+000
4	2.47949311	-1.853969E-012	-1.398232E-012	0	0.000000E+000
4	2.48241161	-1.398232E-012	-1.901810E-012	-1	0.000000E+000
4	2.48278415	-1.901810E-012	-1.363601E-012	0	0.000000E+000
4	2.49015128	-1.365347E-012	-2.014147E-012	-1	0.000000E+000
4	2.49092808	-2.014147E-012	-1.374570E-012	0	0.000000E+000
4	2.49848759	-1.329711E-012	-1.968946E-012	-1	0.000000E+000
4	2.50740717	-2.091294E-012	-1.325316E-012	0	0.000000E+000
4	2.50931549	-1.325316E-012	-1.926242E-012	-1	0.000000E+000
4	2.51001425	-1.926242E-012	-1.366090E-012	0	0.000000E+000
4	2.51695655	-1.338482E-012	-1.852336E-012	-1	0.000000E+000
4	2.51735096	-1.852336E-012	-1.347552E-012	0	0.000000E+000
4	2.53905705	-1.394141E-012	-2.103604E-012	-1	0.000000E+000
4	2.54112500	-2.103604E-012	-1.356700E-012	0	0.000000E+000
4	2.54382901	-1.545948E-012	-2.324202E-012	-1	0.000000E+000
4	2.54474972	-2.324202E-012	-1.436415E-012	0	0.000000E+000
4	2.54609399	-1.460894E-012	-1.854815E-012	-1	0.000000E+000
4	2.54639919	-1.854815E-012	-1.436415E-012	0	0.000000E+000
4	2.54853453	-1.436415E-012	-2.216149E-012	-1	0.000000E+000
4	2.55086071	-2.212593E-012	-1.356271E-012	0	0.000000E+000
4	2.55285222	-1.356271E-012	-2.005464E-012	-1	0.000000E+000
4	2.55397728	-2.005464E-012	-1.384186E-012	0	0.000000E+000
4	2.55701605	-1.384186E-012	-1.964468E-012	-1	0.000000E+000
4	2.55758847	-1.964468E-012	-1.350116E-012	0	0.000000E+000
4	2.55969524	-1.350116E-012	-2.099188E-012	-1	0.000000E+000
4	2.56171656	-2.071266E-012	-1.344252E-012	0	0.000000E+000
4	2.56494991	-1.344252E-012	-2.251631E-012	-1	0.000000E+000
4	2.56616543	-2.078522E-012	-1.392882E-012	0	0.000000E+000
4	2.56709080	-1.392882E-012	-1.987753E-012	-1	0.000000E+000
4	2.56820256	-1.974606E-012	-1.377031E-012	0	0.000000E+000
4	2.57307500	-1.377031E-012	-1.975133E-012	-1	0.000000E+000
4	2.57360000	-1.975133E-012	-1.323510E-012	0	0.000000E+000
4	2.57447716	-1.323510E-012	-1.966531E-012	-1	0.000000E+000
4	2.58016405	-2.060796E-012	-1.323996E-012	0	0.000000E+000
4	2.58067500	-1.323996E-012	-1.971075E-012	-1	0.000000E+000
4	2.58141882	-1.971075E-012	-1.308321E-012	0	0.000000E+000
4	2.58520677	-1.308321E-012	-1.746691E-012	-1	0.000000E+000
4	2.58551612	-1.746691E-012	-1.385772E-012	0	0.000000E+000
4	2.59475634	-1.297842E-012	-2.038125E-012	-1	0.000000E+000
4	2.59649935	-2.038125E-012	-1.370281E-012	0	0.000000E+000
4	2.60055257	-1.370281E-012	-2.108991E-012	-1	0.000000E+000
4	2.60177893	-2.108991E-012	-1.417874E-012	0	0.000000E+000
4	2.60899953	-1.405612E-012	-2.084305E-012	-1	0.000000E+000
4	2.60947500	-2.084305E-012	-1.382118E-012	0	0.000000E+000
4	2.61044488	-1.382118E-012	-2.114644E-012	-1	0.000000E+000
4	2.61426644	-2.114644E-012	-1.539375E-012	0	0.000000E+000
4	2.61601455	-1.539375E-012	-2.136971E-012	-1	0.000000E+000
4	2.62204187	-2.025268E-012	-1.461213E-012	0	0.000000E+000
4	2.62857500	-1.461213E-012	-2.007536E-012	-1	0.000000E+000
4	2.62913872	-2.007536E-012	-1.358089E-012	0	0.000000E+000
4	2.63092770	-1.358089E-012	-2.068326E-012	-1	0.000000E+000
4	2.63318593	-2.068326E-012	-1.321735E-012	0	0.000000E+000
4	2.63505112	-1.321735E-012	-2.037531E-012	-1	0.000000E+000
4	2.63637201	-2.043749E-012	-1.374117E-012	0	0.000000E+000
4	2.63678640	-1.374117E-012	-2.037531E-012	-1	0.000000E+000
4	2.63840343	-2.037531E-012	-1.344793E-012	0	0.000000E+000
4	2.63905712	-1.344793E-012	-2.011783E-012	-1	0.000000E+000
4	2.63986828	-2.011783E-012	-1.378711E-012	0	0.000000E+000
4	2.64037836	-1.378711E-012	-2.090828E-012	-1	0.000000E+000
4	2.64380779	-2.090828E-012	-1.374040E-012	0	0.000000E+000
4	2.65147165	-1.348765E-012	-2.061657E-012	-1	0.000000E+000
4	2.65268460	-2.061657E-012	-1.356164E-012	0	0.000000E+000
4	2.67644875	-1.356164E-012	-2.022833E-012	-1	0.000000E+000
4	2.67889084	-2.022833E-012	-1.408485E-012	0	0.000000E+000
4	2.68523451	-1.352108E-012	-1.990721E-012	-1	0.000000E+000
4	2.68605481	-1.990721E-012	-1.343740E-012	0	0.000000E+000
4	2.68668662	-1.343740E-012	-1.990721E-012	-1	0.000000E+000
4	2.68719019	-1.990721E-012	-1.424650E-012	0	0.000000E+000
4	2.70973766	-1.304879E-012	-1.764650E-012	-1	0.000000E+000
4	2.71022500	-1.764650E-012	-1.344198E-012	0	0.000000E+000
4	2.78421493	-1.312534E-012	-2.062039E-012	-1	0.000000E+000
4	2.78482999	-2.062039E-012	-1.379252E-012	0	0.000000E+000
4	2.78835000	-1.379252E-012	-2.001953E-012	-1	0.000000E+000
4	2.79394756	-2.130985E-012	-1.377363E-012	0	0.000000E+000
4	2.83850812	-1.331125E-012	-2.074369E-012	-1	0.000000E+000
4	2.83945300	-2.074369E-012	-1.355750E-012	0	0.000000E+000
4	2.84173401	-1.355750E-012	-2.187626E-012	-1	0.000000E+000
4	2.84227646	-2.187626E-012	-1.327174E-012	0	0.000000E+000
4	2.85637163	-1.361270E-012	-2.239732E-012	-1	0.000000E+000
4	2.85793739	-2.104307E-012	-1.378294E-012	0	0.000000E+000
4	2.86999648	-1.391901E-012	-2.084776E-012	-1	0.000000E+000
4	2.87294237	-2.044494E-012	-1.415805E-012	0	0.000000E+000
4	2.87353513	-1.415805E-012	-2.159108E-012	-1	0.000000E+000
4	2.87576329	-2.159108E-012	-1.397467E-012	0	0.000000E+000
4	2.87729607	-1.397467E-012	-1.773807E-012	-1	0.000000E+000
4	2.87760696	-1.773807E-012	-1.334480E-012	0	0.000000E+000
4	2.88164553	-1.334480E-012	-1.901092E-012	-1	0.000000E+000
4	2.88227031	-1.901092E-012	-1.323476E-012	0	0.000000E+000
4	2.88324293	-1.323476E-012	-1.996124E-012	-1	0.000000E+000
4	2.89277716	-2.083319E-012	-1.299993E-012	0	0.000000E+000
4	2.89394651	-1.299993E-012	-2.022877E-012	-1	0.000000E+000
4	2.89660326	-2.040081E-012	-1.360329E-012	0	0.000000E+000
4	2.90116510	-1.360329E-012	-2.085662E-012	-1	0.000000E+000
4	2.90202022	-2.085662E-012	-1.326118E-012	0	0.000000E+000
4	2.90250000	-1.326118E-012	-2.167536E-012	-1	0.000000E+000
4	2.90406410	-2.167536E-012	-1.326118E-012	0	0.000000E+000
4	2.90602942	-1.326118E-012	-2.148885E-012	-1	0.000000E+000
4	2.90743612	-2.148885E-012	-1.520069E-012	0	0.000000E+000
4	2.90788162	-1.520069E-012	-1.974418E-012	-1	0.000000E+000
4	2.90957887	-1.974418E-012	-1.395720E-012	0	0.000000E+000
4	2.92773431	-1.395720E-012	-1.971207E-012	-1	0.000000E+000
4	2.92913963	-1.971207E-012	-1.432040E-012	0	0.000000E+000
4	2.94054109	-1.432040E-012	-2.012507E-012	-1	0.000000E+000
4	2.94239044	-2.029480E-012	-1.414508E-012	0	0.000000E+000
4	2.94284410	-1.414508E-012	-2.093044E-012	-1	0.000000E+000
4	2.94800220	-2.089561E-012	-1.317861E-012	0	0.000000E+000
4	2.95034589	-1.317861E-012	-1.985628E-012	-1	0.000000E+000
4	2.95111670	-1.985628E-012	-1.317760E-012	0	0.000000E+000
4	2.95353429	-1.317760E-012	-2.078808E-012	-1	0.000000E+000
4	2.95721770	-1.982322E-012	-1.457254E-012	0	0.000000E+000
4	2.95774971	-1.457254E-012	-2.069574E-012	-1	0.000000E+000
4	2.96390393	-2.108666E-012	-1.398670E-012	0	0.000000E+000
4	2.96442500	-1.398670E-012	-2.023640E-012	-1	0.000000E+000
4	2.96519552	-2.023640E-012	-1.398670E-012	0	0.000000E+000
4	2.96695661	-1.398670E-012	-2.099282E-012	-1	0.000000E+000
4	2.96828255	-2.099282E-012	-1.426450E-012	0	0.000000E+000
4	2.97506894	-1.426470E-012	-2.073789E-012	-1	0.000000E+000
4	2.97554134	-2.073789E-012	-1.383656E-012	0	0.000000E+000
4	2.98164716	-1.385688E-012	-2.111619E-012	-1	0.000000E+000
4	2.98219551	-2.111619E-012	-1.360512E-012	0	0.000000E+000
4	2.98335004	-1.360512E-012	-2.111619E-012	-1	0.000000E+000
4	2.98461092	-2.111619E-012	-1.464602E-012	0	0.000000E+000
4	2.98515000	-1.464602E-012	-2.102852E-012	-1	0.000000E+000
4	2.98680023	-2.102852E-012	-1.360727E-012	0	0.000000E+000
4	2.99850435	-1.385656E-012	-2.069914E-012	-1	0.000000E+000
4	3.00055046	-2.095720E-012	-1.408675E-012	0	0.000000E+000
4	3.00521813	-1.345140E-012	-1.892293E-012	-1	0.000000E+000
4	3.00559247	-1.892293E-012	-1.406671E-012	0	0.000000E+000
4	3.00938761	-1.406671E-012	-2.092824E-012	-1	0.000000E+000
4	3.01048553	-2.080791E-012	-1.699737E-012	0	0.000000E+000
4	3.01085691	-1.699737E-012	-2.075455E-012	-1	0.000000E+000
4	3.01590108	-2.075455E-012	-1.338807E-012	0	0.000000E+000
4	3.01737642	-1.338807E-012	-2.100366E-012	-1	0.000000E+000
4	3.02251437	-2.092326E-012	-1.497294E-012	0	0.000000E+000
4	3.02300604	-1.497294E-012	-2.086176E-012	-1	0.000000E+000
4	3.03034677	-2.006869E-012	-1.422832E-012	0	0.000000E+000
4	3.03091596	-1.422832E-012	-2.127614E-012	-1	0.000000E+000
4	3.03210717	-2.127614E-012	-1.337668E-012	0	0.000000E+000
4	3.03690421	-1.337668E-012	-2.018868E-012	-1	0.000000E+000
4	3.03887224	-2.015335E-012	-1.382445E-012	0	0.000000E+000
4	3.04074548	-1.382445E-012	-2.068336E-012	-1	0.000000E+000
4	3.04185251	-2.008794E-012	-1.407471E-012	0	0.000000E+000
4	3.04247956	-1.407471E-012	-2.068336E-012	-1	0.000000E+000
4	3.04661358	-2.091156E-012	-1.721680E-012	0	0.000000E+000
4	3.04686511	-1.721680E-012	-2.049189E-012	-1	0.000000E+000
4	3.05064944	-2.049189E-012	-1.303840E-012	0	0.000000E+000
4	3.05127683	-1.303840E-012	-2.117356E-012	-1	0.000000E+000
4	3.05422520	-2.117356E-012	-1.444691E-012	0	0.000000E+000
4	3.05483001	-1.444691E-012	-2.025155E-012	-1	0.000000E+000
4	3.05669179	-1.991876E-012	-1.469096E-012	0	0.000000E+000
4	3.05716319	-1.469096E-012	-1.968868E-012	-1	0.000000E+000
4	3.06164547	-2.049589E-012	-1.485606E-012	0	0.000000E+000
4	3.06248819	-1.485606E-012	-2.032921E-012	-1	0.000000E+000
4	3.07310885	-2.136649E-012	-1.557430E-012	0	0.000000E+000
4	3.07362500	-1.557430E-012	-2.151017E-012	-1	0.000000E+000
4	3.07487417	-2.151017E-012	-1.350401E-012	0	0.000000E+000
4	3.07683683	-1.350401E-012	-2.028767E-012	-1	0.000000E+000
4	3.07937881	-2.028767E-012	-1.380893E-012	0	0.000000E+000
4	3.08017498	-1.380893E-012	-1.919895E-012	-1	0.000000E+000
4	3.08060304	-1.919895E-012	-1.380893E-012	0	0.000000E+000
4	3.10463749	-1.426661E-012	-1.820086E-012	-1	0.000000E+000
4	3.10502947	-1.820086E-012	-1.409670E-012	0	0.000000E+000
4	3.11118859	-1.376725E-012	-2.098566E-012	-1	0.000000E+000
4	3.11222092	-2.098566E-012	-1.412514E-012	0	0.000000E+000
4	3.11457396	-1.412514E-012	-1.981953E-012	-1	0.000000E+000
4	3.11627048	-1.981953E-012	-1.354871E-012	0	0.000000E+000
4	3.12651943	-1.348651E-012	-2.144005E-012	-1	0.000000E+000
4	3.12802948	-2.144005E-012	-1.408071E-012	0	0.000000E+000
4	3.13734459	-1.359224E-012	-2.078549E-012	-1	0.000000E+000
4	3.13868407	-2.078549E-012	-1.354714E-012	0	0.000000E+000
4	3.14169385	-1.337340E-012	-2.051106E-012	-1	0.000000E+000
4	3.14298688	-2.175102E-012	-1.605406E-012	0	0.000000E+000
4	3.14331934	-1.605406E-012	-2.051106E-012	-1	0.000000E+000
4	3.14668415	-2.051106E-012	-1.571896E-012	0	0.000000E+000
4	3.14701157	-1.571896E-012	-2.029975E-012	-1	0.000000E+000
4	3.15013240	-2.012771E-012	-1.529679E-012	0	0.000000E+000
4	3.15059170	-1.529679E-012	-2.138754E-012	-1	0.000000E+000
4	3.15175882	-2.078163E-012	-1.303970E-012	0	0.000000E+000
4	3.15279871	-1.355583E-012	-2.078329E-012	-1	0.000000E+000
4	3.15673456	-2.026716E-012	-1.329560E-012	0	0.000000E+000
4	3.16238988	-1.362088E-012	-2.127092E-012	-1	0.000000E+000
4	3.16325634	-2.127092E-012	-1.383258E-012	0	0.000000E+000
4	3.16834117	-1.382246E-012	-1.941177E-012	-1	0.000000E+000
4	3.16874485	-1.941177E-012	-1.378474E-012	0	0.000000E+000
4	3.17796708	-1.366290E-012	-1.936267E-012	-1	0.000000E+000
4	3.17839272	-1.936267E-012	-1.378891E-012	0	0.000000E+000
4	3.18338459	-1.381410E-012	-2.167177E-012	-1	0.000000E+000
4	3.18512865	-2.157214E-012	-1.390776E-012	0	0.000000E+000
4	3.18674472	-1.390776E-012	-2.136797E-012	-1	0.000000E+000
4	3.19424500	-2.001364E-012	-1.381723E-012	0	0.000000E+000
4	3.19485603	-1.381723E-012	-2.105680E-012	-1	0.000000E+000
4	3.19567458	-2.105680E-012	-1.397524E-012	0	0.000000E+000
4	3.19867627	-1.397524E-012	-2.048712E-012	-1	0.000000E+000
4	3.20021540	-2.048712E-012	-1.366621E-012	0	0.000000E+000
4	3.20069392	-1.366621E-012	-2.048712E-012	-1	0.000000E+000
4	3.20196832	-2.048712E-012	-1.385403E-012	0	0.000000E+000
4	3.20274710	-1.385403E-012	-2.044092E-012	-1	0.000000E+000
4	3.20555908	-2.044092E-012	-1.358002E-012	0	0.000000E+000
4	3.21403397	-1.395035E-012	-1.977904E-012	-1	0.000000E+000
4	3.21460998	-1.977904E-012	-1.374342E-012	0	0.000000E+000
4	3.22758783	-1.401456E-012	-1.907686E-012	-1	0.000000E+000
4	3.23064099	-1.907686E-012	-1.350807E-012	0	0.000000E+000
4	3.23476591	-1.376530E-012	-2.094074E-012	-1	0.000000E+000
4	3.23819386	-2.094074E-012	-1.412967E-012	0	0.000000E+000
4	3.24283408	-1.412967E-012	-2.083546E-012	-1	0.000000E+000
4	3.24369394	-2.083546E-012	-1.404165E-012	0	0.000000E+000
4	3.25196347	-1.404165E-012	-2.099478E-012	-1	0.000000E+000
4	3.25261857	-2.099478E-012	-1.378017E-012	0	0.000000E+000
4	3.27702708	-1.409402E-012	-2.090097E-012	-1	0.000000E+000
4	3.28603282	-2.045328E-012	-1.421702E-012	0	0.000000E+000
4	3.28763446	-1.421702E-012	-2.062155E-012	-1	0.000000E+000
4	3.29265209	-2.166700E-012	-1.411553E-012	0	0.000000E+000
4	3.31531390	-1.437652E-012	-2.228737E-012	-1	0.000000E+000
4	3.31639971	-2.228737E-012	-1.401493E-012	0	0.000000E+000
4	3.31710309	-1.401493E-012	-2.049625E-012	-1	0.000000E+000
4	3.31776736	-2.049625E-012	-1.439321E-012	0	0.000000E+000
4	3.33277009	-1.430389E-012	-2.057927E-012	-1	0.000000E+000
4	3.33333392	-2.057927E-012	-1.417062E-012	0	0.000000E+000
4	3.34516294	-1.389533E-012	-1.885946E-012	-1	0.000000E+000
4	3.34549826	-1.885946E-012	-1.377279E-012	0	0.000000E+000
4	3.34808874	-1.480504E-012	-2.210682E-012	-1	0.000000E+000
4	3.34861315	-2.141865E-012	-1.406009E-012	0	0.000000E+000
4	3.37860349	-1.421070E-012	-2.053000E-012	-1	0.000000E+000
4	3.37988499	-2.053000E-012	-1.560909E-012	0	0.000000E+000
4	3.38037292	-1.560909E-012	-2.062672E-012	-1	0.000000E+000
4	3.38676976	-2.119182E-012	-1.418711E-012	0	0.000000E+000
4	3.38845076	-1.418711E-012	-2.051367E-012	-1	0.000000E+000
4	3.39066319	-2.051367E-012	-1.441040E-012	0	0.000000E+000
4	3.39190941	-1.441040E-012	-2.115072E-012	-1	0.000000E+000
4	3.39510648	-1.994642E-012	-1.404957E-012	0	0.000000E+000
4	3.40282917	-1.389784E-012	-2.115107E-012	-1	0.000000E+000
4	3.40983330	-2.053980E-012	-1.490604E-012	0	0.000000E+000
4	3.41182003	-1.456195E-012	-2.095764E-012	-1	0.000000E+000
4	3.41353785	-2.035548E-012	-1.421315E-012	0	0.000000E+000
4	3.42487046	-1.448696E-012	-2.110471E-012	-1	0.000000E+000
4	3.42646134	-2.110471E-012	-1.399859E-012	0	0.000000E+000
4	3.42697500	-1.399859E-012	-2.107118E-012	-1	0.000000E+000
4	3.42854591	-2.107118E-012	-1.360590E-012	0	0.000000E+000
4	3.43199694	-1.362152E-012	-2.094506E-012	-1	0.000000E+000
4	3.43452827	-2.094506E-012	-1.376337E-012	0	0.000000E+000
4	3.43526825	-1.376337E-012	-2.053808E-012	-1	0.000000E+000
4	3.43707849	-2.028002E-012	-1.403161E-012	0	0.000000E+000
4	3.45404740	-1.362129E-012	-2.069547E-012	-1	0.000000E+000
4	3.45746378	-2.068559E-012	-1.334560E-012	0	0.000000E+000
4	3.46176740	-1.358829E-012	-1.894935E-012	-1	0.000000E+000
4	3.46218986	-1.894935E-012	-1.364397E-012	0	0.000000E+000
4	3.47435870	-1.400007E-012	-2.099308E-012	-1	0.000000E+000
4	3.47486110	-2.099308E-012	-1.606532E-012	0	0.000000E+000
4	3.47522653	-1.606532E-012	-2.040682E-012	-1	0.000000E+000
4	3.47920152	-2.040682E-012	-1.388646E-012	0	0.000000E+000
4	3.47977225	-1.388646E-012	-1.889122E-012	-1	0.000000E+000
4	3.48017380	-1.889122E-012	-1.388646E-012	0	0.000000E+000
4	3.49008021	-1.352831E-012	-1.787421E-012	-1	0.000000E+000
4	3.49037290	-1.787421E-012	-1.394535E-012	0	0.000000E+000
4	3.50278055	-1.444571E-012	-2.057368E-012	-1	0.000000E+000
4	3.50331452	-2.057368E-012	-1.471853E-012	0	0.000000E+000
4	3.50391618	-1.471853E-012	-1.954343E-012	-1	0.000000E+000
4	3.50426715	-1.954343E-012	-1.471853E-012	0	0.000000E+000
4	3.52437865	-1.420695E-012	-2.105145E-012	-1	0.000000E+000
4	3.52609489	-2.105145E-012	-1.365140E-012	0	0.000000E+000
4	3.52765258	-1.365140E-012	-2.089908E-012	-1	0.000000E+000
4	3.52885012	-2.048434E-012	-1.362107E-012	0	0.000000E+000
4	3.52998682	-1.395324E-012	-2.079617E-012	-1	0.000000E+000
4	3.53221613	-2.079617E-012	-1.402349E-012	0	0.000000E+000
4	3.53270625	-1.402349E-012	-2.071685E-012	-1	0.000000E+000
4	3.53803912	-2.025518E-012	-1.386293E-012	0	0.000000E+000
4	3.53855000	-1.386293E-012	-1.937469E-012	-1	0.000000E+000
4	3.54253795	-1.963276E-012	-1.395528E-012	0	0.000000E+000
4	3.54305000	-1.395528E-012	-1.950135E-012	-1	0.000000E+000
4	3.54440588	-1.950135E-012	-1.361520E-012	0	0.000000E+000
4	3.54492500	-1.361520E-012	-2.009229E-012	-1	0.000000E+000
4	3.54619224	-1.940411E-012	-1.361520E-012	0	0.000000E+000
4	3.55450247	-1.422934E-012	-2.020123E-012	-1	0.000000E+000
4	3.55654690	-2.095140E-012	-1.401215E-012	0	0.000000E+000
4	3.56064291	-1.361718E-012	-2.176285E-012	-1	0.000000E+000
4	3.56119518	-2.176285E-012	-1.356977E-012	0	0.000000E+000
4	3.56627735	-1.408418E-012	-2.254208E-012	-1	0.000000E+000
4	3.56724143	-2.254208E-012	-1.411864E-012	0	0.000000E+000
4	3.57507882	-1.434289E-012	-2.026312E-012	-1	0.000000E+000
4	3.57638874	-2.026312E-012	-1.409949E-012	0	0.000000E+000
4	3.57709841	-1.409949E-012	-2.191467E-012	-1	0.000000E+000
4	3.57774231	-2.191467E-012	-1.393749E-012	0	0.000000E+000
4	3.58820192	-1.487666E-012	-2.018156E-012	-1	0.000000E+000
4	3.58862179	-2.018156E-012	-1.387139E-012	0	0.000000E+000
4	3.59379286	-1.401150E-012	-2.139927E-012	-1	0.000000E+000
4	3.59476550	-2.139927E-012	-1.449079E-012	0	0.000000E+000
4	3.59704513	-1.455535E-012	-1.998589E-012	-1	0.000000E+000
4	3.59747386	-1.998589E-012	-1.405329E-012	0	0.000000E+000
4	3.62922800	-1.407751E-012	-2.124068E-012	-1	0.000000E+000
4	3.62994487	-2.124068E-012	-1.449486E-012	0	0.000000E+000
4	3.65482500	-1.415077E-012	-2.065184E-012	-1	0.000000E+000
4	3.65532500	-2.065184E-012	-1.403552E-012	0	0.000000E+000
4	3.65584309	-1.403552E-012	-2.065184E-012	-1	0.000000E+000
4	3.65691592	-2.065184E-012	-1.422604E-012	0	0.000000E+000
4	3.66614158	-1.422604E-012	-1.828252E-012	-1	0.000000E+000
4	3.66667716	-1.828252E-012	-1.366596E-012	0	0.000000E+000
4	3.67023948	-1.418209E-012	-2.100481E-012	-1	0.000000E+000
4	3.67113031	-2.100481E-012	-1.406589E-012	0	0.000000E+000
4	3.67833584	-1.398878E-012	-2.081309E-012	-1	0.000000E+000
4	3.67897492	-2.081309E-012	-1.451933E-012	0	0.000000E+000
4	3.67946576	-1.451933E-012	-2.081309E-012	-1	0.000000E+000
4	3.68061397	-2.081309E-012	-1.495124E-012	0	0.000000E+000
4	3.70427416	-1.546737E-012	-2.131077E-012	-1	0.000000E+000
4	3.70856195	-2.060564E-012	-1.328034E-012	0	0.000000E+000
4	3.70987918	-1.457556E-012	-2.093777E-012	-1	0.000000E+000
4	3.71115777	-2.093777E-012	-1.462300E-012	0	0.000000E+000
4	3.71189343	-1.462300E-012	-2.005903E-012	-1	0.000000E+000
4	3.71237500	-2.005903E-012	-1.453291E-012	0	0.000000E+000
4	3.71607011	-1.461863E-012	-2.086708E-012	-1	0.000000E+000
4	3.71655000	-2.086708E-012	-1.481853E-012	0	0.000000E+000
4	3.71694217	-1.481853E-012	-2.086708E-012	-1	0.000000E+000
4	3.71959395	-2.086708E-012	-1.404071E-012	0	0.000000E+000
4	3.72561059	-1.423124E-012	-1.797798E-012	-1	0.000000E+000
4	3.72596861	-1.797798E-012	-1.300797E-012	0	0.000000E+000
4	3.73138838	-1.360747E-012	-2.065942E-012	-1	0.000000E+000
4	3.73807780	-2.138519E-012	-1.356392E-012	0	0.000000E+000
4	3.73897036	-1.356392E-012	-2.101770E-012	-1	0.000000E+000
4	3.73960962	-2.101770E-012	-1.356392E-012	0	0.000000E+000
4	3.74012500	-1.356392E-012	-1.765588E-012	-1	0.000000E+000
4	3.74025400	-1.765588E-012	-1.360930E-012	0	0.000000E+000
4	3.74637316	-1.377274E-012	-1.993078E-012	-1	0.000000E+000
4	3.74844591	-1.993078E-012	-1.363334E-012	0	0.000000E+000
4	3.74946141	-1.455240E-012	-2.070607E-012	-1	0.000000E+000
4	3.75031728	-2.070607E-012	-1.363334E-012	0	0.000000E+000
4	3.76491780	-1.458555E-012	-2.127791E-012	-1	0.000000E+000
4	3.76700840	-2.127791E-012	-1.483742E-012	0	0.000000E+000
4	3.76762974	-1.483742E-012	-2.101434E-012	-1	0.000000E+000
4	3.77180839	-2.101434E-012	-1.391131E-012	0	0.000000E+000
4	3.77309280	-1.405989E-012	-2.179066E-012	-1	0.000000E+000
4	3.77476386	-2.179066E-012	-1.435903E-012	0	0.000000E+000
4	3.77935394	-1.380297E-012	-1.963281E-012	-1	0.000000E+000
4	3.78307752	-2.139682E-012	-1.436746E-012	0	0.000000E+000
4	3.78360000	-1.436746E-012	-1.898679E-012	-1	0.000000E+000
4	3.78394508	-1.898679E-012	-1.441458E-012	0	0.000000E+000
4	3.85701874	-1.386382E-012	-1.797695E-012	-1	0.000000E+000
4	3.85733246	-1.797695E-012	-1.375148E-012	0	0.000000E+000
4	3.86764695	-1.378870E-012	-1.861302E-012	-1	0.000000E+000
4	3.86800786	-1.861302E-012	-1.407082E-012	0	0.000000E+000
4	3.87277070	-1.407082E-012	-1.969304E-012	-1	0.000000E+000
4	3.87365995	-1.969304E-012	-1.368815E-012	0	0.000000E+000
4	3.87927314	-1.421887E-012	-2.124450E-012	-1	0.000000E+000
4	3.88044693	-2.136852E-012	-1.357335E-012	0	0.000000E+000
4	3.89050423	-1.400563E-012	-1.926543E-012	-1	0.000000E+000
4	3.89100000	-1.926543E-012	-1.347336E-012	0	0.000000E+000
4	3.89222680	-1.372190E-012	-2.072779E-012	-1	0.000000E+000
4	3.89368926	-2.072779E-012	-1.405911E-012	0	0.000000E+000
4	3.89582793	-1.454456E-012	-2.026465E-012	-1	0.000000E+000
4	3.89651259	-2.026465E-012	-1.445327E-012	0	0.000000E+000
4	3.90110810	-1.408236E-012	-2.094429E-012	-1	0.000000E+000
4	3.90368193	-2.094429E-012	-1.431789E-012	0	0.000000E+000
4	3.90432581	-1.431789E-012	-1.943100E-012	-1	0.000000E+000
4	3.90488341	-1.943100E-012	-1.431789E-012	0	0.000000E+000
4	3.92500071	-1.405154E-012	-2.005470E-012	-1	0.000000E+000
4	3.92579179	-2.005470E-012	-1.408406E-012	0	0.000000E+000
4	3.92652944	-1.408406E-012	-2.234960E-012	-1	0.000000E+000
4	3.92752103	-2.234960E-012	-1.575191E-012	0	0.000000E+000
4	3.92811430	-1.575191E-012	-2.212244E-012	-1	0.000000E+000
4	3.92876056	-2.212244E-012	-1.403148E-012	0	0.000000E+000
4	3.94603441	-1.427656E-012	-1.985932E-012	-1	0.000000E+000
4	3.94656225	-1.985932E-012	-1.385235E-012	0	0.000000E+000
4	3.95225304	-1.421109E-012	-1.980314E-012	-1	0.000000E+000
4	3.95307030	-1.980314E-012	-1.364524E-012	0	0.000000E+000
4	3.96079197	-1.421578E-012	-2.098438E-012	-1	0.000000E+000
4	3.96247583	-1.978929E-012	-1.348787E-012	0	0.000000E+000
4	3.96297766	-1.348787E-012	-2.098438E-012	-1	0.000000E+000
4	3.96444062	-2.098438E-012	-1.407328E-012	0	0.000000E+000
4	3.96527798	-1.407328E-012	-2.145665E-012	-1	0.000000E+000
4	3.96588783	-2.145665E-012	-1.407328E-012	0	0.000000E+000
4	3.96879714	-1.407328E-012	-2.124492E-012	-1	0.000000E+000
4	3.97337168	-2.062043E-012	-1.375088E-012	0	0.000000E+000
4	3.97573159	-1.392292E-012	-2.095168E-012	-1	0.000000E+000
4	3.98108387	-2.080230E-012	-1.389639E-012	0	0.000000E+000
4	3.98203756	-1.389639E-012	-2.073081E-012	-1	0.000000E+000
4	3.98501907	-2.073081E-012	-1.371761E-012	0	0.000000E+000
4	3.98639824	-1.371761E-012	-2.237325E-012	-1	0.000000E+000
4	3.98846769	-2.202916E-012	-1.435087E-012	0	0.000000E+000
4	3.99022374	-1.460893E-012	-2.116755E-012	-1	0.000000E+000
4	3.99290516	-2.116755E-012	-1.440995E-012	0	0.000000E+000
4	3.99353731	-1.440995E-012	-2.181824E-012	-1	0.000000E+000
4	3.99824787	-2.181824E-012	-1.589315E-012	0	0.000000E+000
4	3.99860521	-1.589315E-012	-2.053314E-012	-1	0.000000E+000
4	4.00282330	-2.059940E-012	-1.566475E-012	0	0.000000E+000
4	4.00434726	-1.566475E-012	-2.130899E-012	-1	0.000000E+000
4	4.00603453	-2.130899E-012	-1.492592E-012	0	0.000000E+000
4	4.01559964	-1.356169E-012	-2.137502E-012	-1	0.000000E+000
4	4.01709512	-2.137502E-012	-1.434522E-012	0	0.000000E+000
4	4.01759982	-1.434522E-012	-2.017011E-012	-1	0.000000E+000
4	4.01826765	-2.017011E-012	-1.434522E-012	0	0.000000E+000
4	4.02955011	-1.439264E-012	-2.020689E-012	-1	0.000000E+000
4	4.03102285	-2.020689E-012	-1.410096E-012	0	0.000000E+000
4	4.03973516	-1.410884E-012	-1.992310E-012	-1	0.000000E+000
4	4.04029622	-1.992310E-012	-1.442584E-012	0	0.000000E+000
4	4.04234052	-1.485595E-012	-2.087003E-012	-1	0.000000E+000
4	4.04308180	-2.087003E-012	-1.500592E-012	0	0.000000E+000
4	4.04463689	-1.586693E-012	-2.057901E-012	-1	0.000000E+000
4	4.04500386	-2.057901E-012	-1.425711E-012	0	0.000000E+000
4	4.05247514	-1.393426E-012	-2.039287E-012	-1	0.000000E+000
4	4.05404367	-2.039287E-012	-1.424816E-012	0	0.000000E+000
4	4.07068818	-1.400478E-012	-2.100519E-012	-1	0.000000E+000
4	4.07131118	-2.100519E-012	-1.443726E-012	0	0.000000E+000
4	4.08045875	-1.428071E-012	-1.986571E-012	-1	0.000000E+000
4	4.08098490	-1.986571E-012	-1.415799E-012	0	0.000000E+000
4	4.08757353	-1.380105E-012	-2.098878E-012	-1	0.000000E+000
4	4.08825390	-2.098878E-012	-1.382281E-012	0	0.000000E+000
4	4.09115223	-1.382281E-012	-2.105859E-012	-1	0.000000E+000
4	4.09300003	-1.955614E-012	-1.358752E-012	0	0.000000E+000
4	4.11060393	-1.431426E-012	-1.982063E-012	-1	0.000000E+000
4	4.11104159	-1.982063E-012	-1.454575E-012	0	0.000000E+000
4	4.11347067	-1.454575E-012	-2.302213E-012	-1	0.000000E+000
4	4.11584158	-2.195039E-012	-1.534635E-012	0	0.000000E+000
4	4.11747351	-1.534635E-012	-2.374012E-012	-1	0.000000E+000
4	4.11933256	-2.247055E-012	-1.435383E-012	0	0.000000E+000
4	4.14992946	-1.444203E-012	-2.065487E-012	-1	0.000000E+000
4	4.15406644	-2.137348E-012	-1.424548E-012	0	0.000000E+000
4	4.15455000	-1.424548E-012	-2.168948E-012	-1	0.000000E+000
4	4.15540708	-2.168948E-012	-1.424548E-012	0	0.000000E+000
4	4.15800649	-1.424548E-012	-2.052244E-012	-1	0.000000E+000
4	4.15975872	-2.066350E-012	-1.403399E-012	0	0.000000E+000
4	4.16740549	-1.376681E-012	-2.113481E-012	-1	0.000000E+000
4	4.16792500	-2.113481E-012	-1.479321E-012	0	0.000000E+000
4	4.16851747	-1.479321E-012	-2.113481E-012	-1	0.000000E+000
4	4.17475000	-2.113481E-012	-1.462479E-012	0	0.000000E+000
4	4.17698557	-1.462479E-012	-1.994592E-012	-1	0.000000E+000
4	4.17748098	-1.994592E-012	-1.405215E-012	0	0.000000E+000
4	4.18499124	-1.405215E-012	-2.165055E-012	-1	0.000000E+000
4	4.18630217	-2.165055E-012	-1.426418E-012	0	0.000000E+000
4	4.19003487	-1.426418E-012	-2.248563E-012	-1	0.000000E+000
4	4.19082583	-2.248563E-012	-1.460274E-012	0	0.000000E+000
4	4.21469642	-1.458353E-012	-2.098881E-012	-1	0.000000E+000
4	4.21521942	-2.098881E-012	-1.446660E-012	0	0.000000E+000
4	4.21676512	-1.446660E-012	-2.041974E-012	-1	0.000000E+000
4	4.21726869	-2.041974E-012	-1.459997E-012	0	0.000000E+000
4	4.23412145	-1.417667E-012	-2.056448E-012	-1	0.000000E+000
4	4.23603016	-1.970427E-012	-1.404925E-012	0	0.000000E+000
4	4.23761225	-1.391678E-012	-1.910578E-012	-1	0.000000E+000
4	4.23795363	-1.910578E-012	-1.430732E-012	0	0.000000E+000
4	4.24153388	-1.379119E-012	-1.964610E-012	-1	0.000000E+000
4	4.24316990	-2.037843E-012	-1.402658E-012	0	0.000000E+000
4	4.24656018	-1.402658E-012	-2.140454E-012	-1	0.000000E+000
4	4.25009140	-2.140454E-012	-1.397692E-012	0	0.000000E+000
4	4.25317092	-1.397692E-012	-2.139747E-012	-1	0.000000E+000
4	4.25370174	-2.139747E-012	-1.422226E-012	0	0.000000E+000
4	4.25514858	-1.422226E-012	-2.124016E-012	-1	0.000000E+000
4	4.25639633	-2.124016E-012	-1.454451E-012	0	0.000000E+000
4	4.25761268	-1.454451E-012	-1.929616E-012	-1	0.000000E+000
4	4.25871544	-1.929616E-012	-1.438583E-012	0	0.000000E+000
4	4.25926832	-1.438583E-012	-2.139357E-012	-1	0.000000E+000
4	4.26016111	-2.139357E-012	-1.438583E-012	0	0.000000E+000
4	4.26180783	-1.438583E-012	-1.983944E-012	-1	0.000000E+000
4	4.26241680	-1.983944E-012	-1.429042E-012	0	0.000000E+000
4	4.26355613	-1.429042E-012	-2.048941E-012	-1	0.000000E+000
4	4.26412968	-2.048941E-012	-1.466759E-012	0	0.000000E+000
4	4.26526993	-1.466759E-012	-2.057046E-012	-1	0.000000E+000
4	4.26577500	-2.057046E-012	-1.560685E-012	0	0.000000E+000
4	4.26677025	-1.560685E-012	-2.068952E-012	-1	0.000000E+000
4	4.27416804	-2.022992E-012	-1.388176E-012	0	0.000000E+000
4	4.27471531	-1.388176E-012	-2.161636E-012	-1	0.000000E+000
4	4.27589292	-2.161636E-012	-1.388176E-012	0	0.000000E+000
4	4.28795813	-1.441994E-012	-2.122506E-012	-1	0.000000E+000
4	4.28860098	-2.122506E-012	-1.408864E-012	0	0.000000E+000
4	4.29055297	-1.408864E-012	-2.111531E-012	-1	0.000000E+000
4	4.29156519	-2.111531E-012	-1.378196E-012	0	0.000000E+000
4	4.29558347	-1.395400E-012	-1.989276E-012	-1	0.000000E+000
4	4.29637074	-1.989276E-012	-1.423931E-012	0	0.000000E+000
4	4.30378492	-1.394854E-012	-2.074588E-012	-1	0.000000E+000
4	4.30584876	-2.070816E-012	-1.362793E-012	0	0.000000E+000
4	4.30988978	-1.375332E-012	-2.114102E-012	-1	0.000000E+000
4	4.31233773	-2.114102E-012	-1.376665E-012	0	0.000000E+000
4	4.31366457	-1.360314E-012	-1.902458E-012	-1	0.000000E+000
4	4.31404386	-1.902458E-012	-1.374969E-012	0	0.000000E+000
4	4.32210325	-1.431825E-012	-2.064225E-012	-1	0.000000E+000
4	4.32269069	-2.064225E-012	-1.436603E-012	0	0.000000E+000
4	4.33163634	-1.416554E-012	-1.997904E-012	-1	0.000000E+000
4	4.33203444	-1.997904E-012	-1.449182E-012	0	0.000000E+000
4	4.34167759	-1.400397E-012	-2.053155E-012	-1	0.000000E+000
4	4.34260384	-2.053155E-012	-1.403599E-012	0	0.000000E+000
4	4.35478965	-1.403599E-012	-2.201250E-012	-1	0.000000E+000
4	4.35866255	-2.201250E-012	-1.407579E-012	0	0.000000E+000
4	4.35925651	-1.407579E-012	-2.043200E-012	-1	0.000000E+000
4	4.35975000	-2.043200E-012	-1.364568E-012	0	0.000000E+000
4	4.36047060	-1.364568E-012	-2.078838E-012	-1	0.000000E+000
4	4.36408303	-2.010021E-012	-1.418744E-012	0	0.000000E+000
4	4.38713087	-1.448078E-012	-2.022043E-012	-1	0.000000E+000
4	4.39659382	-2.105846E-012	-1.381576E-012	0	0.000000E+000
4	4.39920766	-1.381576E-012	-1.871162E-012	-1	0.000000E+000
4	4.39960593	-1.871162E-012	-1.391912E-012	0	0.000000E+000
4	4.40761475	-1.396015E-012	-2.044088E-012	-1	0.000000E+000
4	4.40836506	-2.044088E-012	-1.406107E-012	0	0.000000E+000
4	4.40968052	-1.406107E-012	-2.123747E-012	-1	0.000000E+000
4	4.41082046	-2.064798E-012	-1.366051E-012	0	0.000000E+000
4	4.41502081	-1.366051E-012	-1.911833E-012	-1	0.000000E+000
4	4.41673765	-1.980124E-012	-1.371641E-012	0	0.000000E+000
4	4.41897657	-1.371641E-012	-2.013165E-012	-1	0.000000E+000
4	4.41975787	-2.013165E-012	-1.418763E-012	0	0.000000E+000
4	4.42623263	-1.418763E-012	-2.039082E-012	-1	0.000000E+000
4	4.42720373	-2.039082E-012	-1.398195E-012	0	0.000000E+000
4	4.43564927	-1.475107E-012	-2.053757E-012	-1	0.000000E+000
4	4.43613496	-2.053757E-012	-1.371881E-012	0	0.000000E+000
4	4.44598142	-1.358277E-012	-2.058968E-012	-1	0.000000E+000
4	4.44653358	-2.058968E-012	-1.342486E-012	0	0.000000E+000
4	4.46503406	-1.415299E-012	-2.009246E-012	-1	0.000000E+000
4	4.46552625	-2.009246E-012	-1.422170E-012	0	0.000000E+000
4	4.48608012	-1.367891E-012	-2.048752E-012	-1	0.000000E+000
4	4.48686744	-2.048752E-012	-1.369564E-012	0	0.000000E+000
4	4.49146875	-1.432332E-012	-2.133822E-012	-1	0.000000E+000
4	4.49211976	-2.133822E-012	-1.363275E-012	0	0.000000E+000
4	4.49497052	-1.363275E-012	-2.075861E-012	-1	0.000000E+000
4	4.49759395	-2.075861E-012	-1.443288E-012	0	0.000000E+000
4	4.49823865	-1.443288E-012	-2.156500E-012	-1	0.000000E+000
4	4.50885516	-2.156500E-012	-1.408183E-012	0	0.000000E+000
4	4.51040000	-1.408183E-012	-2.163978E-012	-1	0.000000E+000
4	4.51140418	-2.163978E-012	-1.371921E-012	0	0.000000E+000
4	4.51420368	-1.371921E-012	-2.063145E-012	-1	0.000000E+000
4	4.51920000	-2.063145E-012	-1.425151E-012	0	0.000000E+000
4	4.53198855	-1.400737E-012	-2.052257E-012	-1	0.000000E+000
4	4.53331076	-2.022519E-012	-1.399307E-012	0	0.000000E+000
4	4.53578893	-1.399307E-012	-2.006997E-012	-1	0.000000E+000
4	4.53664833	-2.006997E-012	-1.352537E-012	0	0.000000E+000
4	4.53751512	-1.352537E-012	-2.006997E-012	-1	0.000000E+000
4	4.53902277	-2.006997E-012	-1.348581E-012	0	0.000000E+000
4	4.53971030	-1.348581E-012	-2.074863E-012	-1	0.000000E+000
4	4.54112409	-2.074863E-012	-1.408844E-012	0	0.000000E+000
4	4.54713426	-1.408844E-012	-1.990964E-012	-1	0.000000E+000
4	4.54969034	-1.990964E-012	-1.339082E-012	0	0.000000E+000
4	4.55028194	-1.339082E-012	-2.016831E-012	-1	0.000000E+000
4	4.55430000	-2.016831E-012	-1.368471E-012	0	0.000000E+000
4	4.56271695	-1.381112E-012	-2.036957E-012	-1	0.000000E+000
4	4.56588974	-2.036957E-012	-1.365842E-012	0	0.000000E+000
4	4.56806791	-1.365842E-012	-2.007866E-012	-1	0.000000E+000
4	4.56991480	-2.007866E-012	-1.407733E-012	0	0.000000E+000
4	4.58407469	-1.349376E-012	-2.120559E-012	-1	0.000000E+000
4	4.58898983	-2.026528E-012	-1.386973E-012	0	0.000000E+000
4	4.62901740	-1.337739E-012	-2.005887E-012	-1	0.000000E+000
4	4.62965358	-2.005887E-012	-1.371829E-012	0	0.000000E+000
4	4.66082432	-1.360608E-012	-2.090058E-012	-1	0.000000E+000
4	4.66267320	-2.090058E-012	-1.386343E-012	0	0.000000E+000
4	4.66566377	-1.386343E-012	-1.919969E-012	-1	0.000000E+000
4	4.66604980	-1.919969E-012	-1.377680E-012	0	0.000000E+000
4	4.67412177	-1.377977E-012	-2.081718E-012	-1	0.000000E+000
4	4.67468026	-2.081718E-012	-1.413854E-012	0	0.000000E+000
4	4.68329846	-1.382397E-012	-2.077346E-012	-1	0.000000E+000
4	4.68499343	-2.077346E-012	-1.505402E-012	0	0.000000E+000
4	4.68539055	-1.505402E-012	-2.044281E-012	-1	0.000000E+000
4	4.68860190	-2.044281E-012	-1.441814E-012	0	0.000000E+000
4	4.68917050	-1.441814E-012	-2.032651E-012	-1	0.000000E+000
4	4.69288478	-2.032651E-012	-1.376587E-012	0	0.000000E+000
4	4.69379123	-1.376587E-012	-2.090274E-012	-1	0.000000E+000
4	4.69697500	-2.090274E-012	-1.397750E-012	0	0.000000E+000
4	4.70088063	-1.397750E-012	-1.992172E-012	-1	0.000000E+000
4	4.70401062	-2.043785E-012	-1.420834E-012	0	0.000000E+000
4	4.71786042	-1.370255E-012	-2.053759E-012	-1	0.000000E+000
4	4.71850158	-2.053759E-012	-1.364649E-012	0	0.000000E+000
4	4.72957500	-1.364649E-012	-2.076631E-012	-1	0.000000E+000
4	4.73158736	-1.994899E-012	-1.383219E-012	0	0.000000E+000
4	4.74682034	-1.422063E-012	-2.060230E-012	-1	0.000000E+000
4	4.74738299	-2.060230E-012	-1.409180E-012	0	0.000000E+000
4	4.74970406	-1.409180E-012	-2.248996E-012	-1	0.000000E+000
4	4.75050823	-2.248996E-012	-1.401931E-012	0	0.000000E+000
4	4.76679524	-1.401931E-012	-2.087269E-012	-1	0.000000E+000
4	4.76960000	-2.087269E-012	-1.353099E-012	0	0.000000E+000
4	4.77715300	-1.396683E-012	-1.977289E-012	-1	0.000000E+000
4	4.77759313	-1.977289E-012	-1.393582E-012	0	0.000000E+000
4	4.78592203	-1.360478E-012	-2.119064E-012	-1	0.000000E+000
4	4.78737679	-1.921215E-012	-1.353132E-012	0	0.000000E+000
4	4.79812984	-1.403171E-012	-1.835866E-012	-1	0.000000E+000
4	4.79872632	-1.835866E-012	-1.359947E-012	0	0.000000E+000
4	4.80022784	-1.359947E-012	-2.093630E-012	-1	0.000000E+000
4	4.80337903	-2.094742E-012	-1.374506E-012	0	0.000000E+000
4	4.80499943	-1.374506E-012	-2.173968E-012	-1	0.000000E+000
4	4.80580267	-2.173968E-012	-1.404186E-012	0	0.000000E+000
4	4.80731285	-1.404186E-012	-2.119538E-012	-1	0.000000E+000
4	4.81076109	-2.119538E-012	-1.399006E-012	0	0.000000E+000
4	4.83764048	-1.448620E-012	-2.068265E-012	-1	0.000000E+000
4	4.83971444	-2.068265E-012	-1.357309E-012	0	0.000000E+000
4	4.84041646	-1.357309E-012	-1.929353E-012	-1	0.000000E+000
4	4.84105763	-1.929353E-012	-1.357309E-012	0	0.000000E+000
4	4.84344672	-1.357309E-012	-2.074713E-012	-1	0.000000E+000
4	4.84523463	-2.006985E-012	-1.340402E-012	0	0.000000E+000
4	4.85939179	-1.402819E-012	-2.160800E-012	-1	0.000000E+000
4	4.86173697	-2.156833E-012	-1.402437E-012	0	0.000000E+000
4	4.86759340	-1.408907E-012	-2.039129E-012	-1	0.000000E+000
4	4.86795291	-2.039129E-012	-1.441410E-012	0	0.000000E+000
4	4.89979902	-1.454228E-012	-2.031562E-012	-1	0.000000E+000
4	4.90019957	-2.031562E-012	-1.408557E-012	0	0.000000E+000
4	4.91279779	-1.354927E-012	-2.094038E-012	-1	0.000000E+000
4	4.91614522	-2.094038E-012	-1.424939E-012	0	0.000000E+000
4	4.92406498	-1.414901E-012	-1.799314E-012	-1	0.000000E+000
4	4.92557500	-1.799314E-012	-1.348308E-012	0	0.000000E+000
4	4.92657075	-1.348308E-012	-1.899516E-012	-1	0.000000E+000
4	4.92723461	-1.899516E-012	-1.348308E-012	0	0.000000E+000
4	4.94543920	-1.390498E-012	-2.101899E-012	-1	0.000000E+000
4	4.94829291	-2.101899E-012	-1.416607E-012	0	0.000000E+000
4	4.94910077	-1.416607E-012	-2.147348E-012	-1	0.000000E+000
4	4.95130688	-2.147348E-012	-1.451928E-012	0	0.000000E+000
4	4.95218871	-1.451928E-012	-2.043789E-012	-1	0.000000E+000
4	4.95415420	-2.043789E-012	-1.452753E-012	0	0.000000E+000
4	4.95473335	-1.452753E-012	-2.146950E-012	-1	0.000000E+000
4	4.95639594	-2.141520E-012	-1.473686E-012	0	0.000000E+000
4	4.97212715	-1.404759E-012	-2.118496E-012	-1	0.000000E+000
4	4.97414418	-1.961658E-012	-1.387440E-012	0	0.000000E+000
4	4.97665932	-1.387440E-012	-2.167811E-012	-1	0.000000E+000
4	4.97759009	-2.167811E-012	-1.419791E-012	0	0.000000E+000
4	5.02005321	-1.373751E-012	-2.120728E-012	-1	0.000000E+000
4	5.02117440	-2.148630E-012	-1.531662E-012	0	0.000000E+000
4	5.02168617	-1.531662E-012	-2.103018E-012	-1	0.000000E+000
4	5.02572181	-2.103018E-012	-1.398982E-012	0	0.000000E+000
4	5.02633694	-1.398982E-012	-2.088812E-012	-1	0.000000E+000
4	5.02742689	-2.088812E-012	-1.404908E-012	0	0.000000E+000
4	5.02877025	-1.398982E-012	-2.054894E-012	-1	0.000000E+000
4	5.02919669	-2.054894E-012	-1.422743E-012	0	0.000000E+000
4	5.04435893	-1.350821E-012	-2.117926E-012	-1	0.000000E+000
4	5.04487026	-2.117926E-012	-1.406732E-012	0	0.000000E+000
4	5.04796005	-1.406732E-012	-2.121009E-012	-1	0.000000E+000
4	5.04970933	-2.121009E-012	-1.389673E-012	0	0.000000E+000
4	5.05605088	-1.345143E-012	-1.812396E-012	-1	0.000000E+000
4	5.05641088	-1.812396E-012	-1.363441E-012	0	0.000000E+000
4	5.05831197	-1.363441E-012	-2.052923E-012	-1	0.000000E+000
4	5.05907844	-2.052923E-012	-1.417559E-012	0	0.000000E+000
4	5.07372828	-1.399255E-012	-1.779642E-012	-1	0.000000E+000
4	5.07436745	-1.779642E-012	-1.407210E-012	0	0.000000E+000
4	5.07520336	-1.407210E-012	-1.779642E-012	-1	0.000000E+000
4	5.07555683	-1.779642E-012	-1.363006E-012	0	0.000000E+000
4	5.07952563	-1.371045E-012	-2.104936E-012	-1	0.000000E+000
4	5.08053157	-2.104936E-012	-1.399868E-012	0	0.000000E+000
4	5.08861320	-1.368930E-012	-2.136732E-012	-1	0.000000E+000
4	5.08907938	-2.136732E-012	-1.370994E-012	0	0.000000E+000
4	5.09926276	-1.380540E-012	-2.101833E-012	-1	0.000000E+000
4	5.09996280	-2.101833E-012	-1.404318E-012	0	0.000000E+000
4	5.10358590	-1.404318E-012	-2.147666E-012	-1	0.000000E+000
4	5.10433974	-2.147666E-012	-1.371826E-012	0	0.000000E+000
4	5.10599666	-1.430353E-012	-1.929930E-012	-1	0.000000E+000
4	5.10644115	-1.929930E-012	-1.379640E-012	0	0.000000E+000
4	5.11027548	-1.379640E-012	-2.133289E-012	-1	0.000000E+000
4	5.11132267	-2.133289E-012	-1.369850E-012	0	0.000000E+000
4	5.11383510	-1.369850E-012	-1.961437E-012	-1	0.000000E+000
4	5.11446998	-1.961437E-012	-1.405860E-012	0	0.000000E+000
4	5.12062608	-1.402516E-012	-2.235999E-012	-1	0.000000E+000
4	5.12173861	-2.081160E-012	-1.389775E-012	0	0.000000E+000
4	5.13300700	-1.399709E-012	-2.006738E-012	-1	0.000000E+000
4	5.13452902	-2.006738E-012	-1.373823E-012	0	0.000000E+000
4	5.13550956	-1.373823E-012	-2.081131E-012	-1	0.000000E+000
4	5.13688644	-2.108222E-012	-1.372271E-012	0	0.000000E+000
4	5.13841814	-1.372271E-012	-2.196555E-012	-1	0.000000E+000
4	5.14152710	-2.196555E-012	-1.700979E-012	0	0.000000E+000
4	5.14205000	-1.700979E-012	-2.240019E-012	-1	0.000000E+000
4	5.14559405	-2.042170E-012	-1.349727E-012	0	0.000000E+000
4	5.14849891	-1.353682E-012	-2.044129E-012	-1	0.000000E+000
4	5.15715806	-2.083698E-012	-1.372854E-012	0	0.000000E+000
4	5.16635855	-1.372854E-012	-2.178340E-012	-1	0.000000E+000
4	5.16700267	-2.178340E-012	-1.438813E-012	0	0.000000E+000
4	5.16843148	-1.438813E-012	-2.186151E-012	-1	0.000000E+000
4	5.16934987	-2.186151E-012	-1.360025E-012	0	0.000000E+000
4	5.18216742	-1.391550E-012	-2.038497E-012	-1	0.000000E+000
4	5.18424803	-2.038497E-012	-1.367494E-012	0	0.000000E+000
4	5.19171525	-1.372612E-012	-2.056395E-012	-1	0.000000E+000
4	5.19595287	-2.125182E-012	-1.384080E-012	0	0.000000E+000
4	5.19661384	-1.384080E-012	-2.053297E-012	-1	0.000000E+000
4	5.19861314	-1.958673E-012	-1.385864E-012	0	0.000000E+000
4	5.20024997	-1.385864E-012	-2.160044E-012	-1	0.000000E+000
4	5.20528392	-2.192340E-012	-1.396544E-012	0	0.000000E+000
4	5.21029463	-1.421770E-012	-2.158002E-012	-1	0.000000E+000
4	5.21088739	-2.158002E-012	-1.404608E-012	0	0.000000E+000
4	5.21549889	-1.362228E-012	-1.838259E-012	-1	0.000000E+000
4	5.21581964	-1.838259E-012	-1.402784E-012	0	0.000000E+000
4	5.24554090	-1.421453E-012	-2.278998E-012	-1	0.000000E+000
4	5.24669910	-2.099823E-012	-1.433349E-012	0	0.000000E+000
4	5.25374228	-1.420772E-012	-2.239715E-012	-1	0.000000E+000
4	5.25581528	-2.239715E-012	-1.507330E-012	0	0.000000E+000
4	5.25741954	-1.507330E-012	-2.210182E-012	-1	0.000000E+000
4	5.26232500	-2.063946E-012	-1.369240E-012	0	0.000000E+000
4	5.26443903	-1.369240E-012	-2.090759E-012	-1	0.000000E+000
4	5.26520903	-2.090759E-012	-1.321150E-012	0	0.000000E+000
4	5.26619325	-1.321150E-012	-2.022963E-012	-1	0.000000E+000
4	5.26735496	-2.090759E-012	-1.370446E-012	0	0.000000E+000
4	5.26791254	-1.370446E-012	-2.034375E-012	-1	0.000000E+000
4	5.27675230	-2.140194E-012	-1.420647E-012	0	0.000000E+000
4	5.29476895	-1.420085E-012	-2.054744E-012	-1	0.000000E+000
4	5.29672633	-2.054744E-012	-1.463411E-012	0	0.000000E+000
4	5.30517962	-1.388976E-012	-1.782956E-012	-1	0.000000E+000
4	5.30567500	-1.782956E-012	-1.402680E-012	0	0.000000E+000
4	5.36455516	-1.402680E-012	-2.064642E-012	-1	0.000000E+000
4	5.36747994	-2.084557E-012	-1.421406E-012	0	0.000000E+000
4	5.36857069	-1.471393E-012	-2.112551E-012	-1	0.000000E+000
4	5.37047380	-2.112551E-012	-1.461427E-012	0	0.000000E+000
4	5.37087127	-1.461427E-012	-2.001427E-012	-1	0.000000E+000
4	5.37314357	-2.001427E-012	-1.418128E-012	0	0.000000E+000
4	5.37460852	-1.418128E-012	-1.918219E-012	-1	0.000000E+000
4	5.37532071	-1.918219E-012	-1.461805E-012	0	0.000000E+000
4	5.37608273	-1.461805E-012	-2.202090E-012	-1	0.000000E+000
4	5.37687175	-2.202090E-012	-1.543995E-012	0	0.000000E+000
4	5.37820003	-1.496214E-012	-2.094864E-012	-1	0.000000E+000
4	5.37862193	-2.094864E-012	-1.543995E-012	0	0.000000E+000
4	5.38721248	-1.536541E-012	-2.168062E-012	-1	0.000000E+000
4	5.38882500	-2.168062E-012	-1.462186E-012	0	0.000000E+000
4	5.38999223	-1.493497E-012	-2.083608E-012	-1	0.000000E+000
4	5.39306519	-2.083608E-012	-1.486147E-012	0	0.000000E+000
4	5.40172296	-1.474536E-012	-2.113202E-012	-1	0.000000E+000
4	5.40236873	-2.113202E-012	-1.546718E-012	0	0.000000E+000
4	5.40284584	-1.546718E-012	-2.113202E-012	-1	0.000000E+000
4	5.40601178	-2.113202E-012	-1.458800E-012	0	0.000000E+000
4	5.40875680	-1.458800E-012	-1.892916E-012	-1	0.000000E+000
4	5.40909840	-1.892916E-012	-1.410478E-012	0	0.000000E+000
4	5.41785020	-1.438311E-012	-2.090476E-012	-1	0.000000E+000
4	5.41844735	-2.090476E-012	-1.445706E-012	0	0.000000E+000
4	5.43017299	-1.418838E-012	-2.208547E-012	-1	0.000000E+000
4	5.43171472	-2.208547E-012	-1.403417E-012	0	0.000000E+000
4	5.43444554	-1.403417E-012	-2.052394E-012	-1	0.000000E+000
4	5.43771745	-2.052394E-012	-1.377663E-012	0	0.000000E+000
4	5.44105931	-1.377663E-012	-2.065441E-012	-1	0.000000E+000
4	5.44157500	-2.065441E-012	-1.350375E-012	0	0.000000E+000
4	5.44232575	-1.350375E-012	-2.065441E-012	-1	0.000000E+000
4	5.44619585	-2.065441E-012	-1.421820E-012	0	0.000000E+000
4	5.44667500	-1.421820E-012	-2.071667E-012	-1	0.000000E+000
4	5.44784628	-2.071667E-012	-1.407870E-012	0	0.000000E+000
4	5.45119059	-1.407870E-012	-2.170355E-012	-1	0.000000E+000
4	5.45652640	-2.101977E-012	-1.382881E-012	0	0.000000E+000
4	5.47160210	-1.401474E-012	-2.060615E-012	-1	0.000000E+000
4	5.47587722	-2.065064E-012	-1.525943E-012	0	0.000000E+000
4	5.49202957	-1.506978E-012	-2.236306E-012	-1	0.000000E+000
4	5.49330535	-2.236306E-012	-1.563390E-012	0	0.000000E+000
4	5.49375872	-1.563390E-012	-2.109215E-012	-1	0.000000E+000
4	5.49714481	-2.109215E-012	-1.505458E-012	0	0.000000E+000
4	5.49765000	-1.505458E-012	-2.198956E-012	-1	0.000000E+000
4	5.49858083	-2.198956E-012	-1.503342E-012	0	0.000000E+000
4	5.51700116	-1.412666E-012	-2.119800E-012	-1	0.000000E+000
4	5.51875317	-2.023174E-012	-1.495258E-012	0	0.000000E+000
4	5.53547747	-1.409326E-012	-2.011769E-012	-1	0.000000E+000
4	5.53597500	-2.011769E-012	-1.486962E-012	0	0.000000E+000
4	5.54122778	-1.400176E-012	-2.041594E-012	-1	0.000000E+000
4	5.54161527	-2.041594E-012	-1.458396E-012	0	0.000000E+000
4	5.56187161	-1.488533E-012	-2.250866E-012	-1	0.000000E+000
4	5.56335096	-2.250866E-012	-1.475616E-012	0	0.000000E+000
4	5.57838862	-1.491544E-012	-2.014923E-012	-1	0.000000E+000
4	5.58193483	-2.049332E-012	-1.641091E-012	0	0.000000E+000
4	5.58255109	-1.641091E-012	-2.053981E-012	-1	0.000000E+000
4	5.58504309	-2.053981E-012	-1.431519E-012	0	0.000000E+000
4	5.58690000	-1.431519E-012	-2.047854E-012	-1	0.000000E+000
4	5.58846925	-2.112035E-012	-1.415862E-012	0	0.000000E+000
4	5.59124636	-1.415862E-012	-2.069314E-012	-1	0.000000E+000
4	5.59195504	-2.069314E-012	-1.394608E-012	0	0.000000E+000
4	5.59739241	-1.420019E-012	-2.007412E-012	-1	0.000000E+000
4	5.59781906	-2.007412E-012	-1.352269E-012	0	0.000000E+000
4	5.61608202	-1.416672E-012	-2.059591E-012	-1	0.000000E+000
4	5.61666294	-2.059591E-012	-1.371726E-012	0	0.000000E+000
4	5.61718457	-1.371726E-012	-2.059591E-012	-1	0.000000E+000
4	5.61867210	-2.059591E-012	-1.493038E-012	0	0.000000E+000
4	5.61923963	-1.493038E-012	-2.077151E-012	-1	0.000000E+000
4	5.61983128	-2.077151E-012	-1.493038E-012	0	0.000000E+000
4	5.62022874	-1.493038E-012	-2.077151E-012	-1	0.000000E+000
4	5.62262604	-2.077151E-012	-1.412681E-012	0	0.000000E+000
4	5.62435181	-1.412681E-012	-2.049012E-012	-1	0.000000E+000
4	5.62626022	-2.051567E-012	-1.361248E-012	0	0.000000E+000
4	5.63099279	-1.361248E-012	-2.083742E-012	-1	0.000000E+000
4	5.63612210	-2.083742E-012	-1.435294E-012	0	0.000000E+000
4	5.73104618	-1.375079E-012	-1.994548E-012	-1	0.000000E+000
4	5.73357075	-2.001522E-012	-1.327008E-012	0	0.000000E+000
4	5.73433811	-1.327008E-012	-2.037544E-012	-1	0.000000E+000
4	5.73521900	-2.037544E-012	-1.384076E-012	0	0.000000E+000
4	5.74220959	-1.357390E-012	-1.833598E-012	-1	0.000000E+000
4	5.74257108	-1.833598E-012	-1.329435E-012	0	0.000000E+000
4	5.74959820	-1.399678E-012	-2.215029E-012	-1	0.000000E+000
4	5.75133429	-2.094599E-012	-1.352938E-012	0	0.000000E+000
4	5.75968593	-1.396289E-012	-2.245384E-012	-1	0.000000E+000
4	5.76082915	-2.133198E-012	-1.301439E-012	0	0.000000E+000
4	5.76276307	-1.301439E-012	-2.046483E-012	-1	0.000000E+000
4	5.76912654	-2.093898E-012	-1.381899E-012	0	0.000000E+000
4	5.77109032	-1.381899E-012	-1.960774E-012	-1	0.000000E+000
4	5.77148648	-1.960774E-012	-1.340659E-012	0	0.000000E+000
4	5.77264235	-1.336819E-012	-2.038082E-012	-1	0.000000E+000
4	5.77425129	-1.903473E-012	-1.374656E-012	0	0.000000E+000
4	5.78088563	-1.348847E-012	-2.050098E-012	-1	0.000000E+000
4	5.78637956	-2.140864E-012	-1.393645E-012	0	0.000000E+000
4	5.81052270	-1.343987E-012	-2.048156E-012	-1	0.000000E+000
4	5.81203876	-1.970736E-012	-1.389746E-012	0	0.000000E+000
4	5.81402869	-1.389746E-012	-1.914758E-012	-1	0.000000E+000
4	5.81483268	-1.914758E-012	-1.363819E-012	0	0.000000E+000
4	5.82685939	-1.378122E-012	-2.039015E-012	-1	0.000000E+000
4	5.82765479	-2.039015E-012	-1.336111E-012	0	0.000000E+000
4	5.82832467	-1.336111E-012	-2.035839E-012	-1	0.000000E+000
4	5.82886482	-2.035839E-012	-1.336893E-012	0	0.000000E+000
4	5.84025446	-1.328374E-012	-2.116415E-012	-1	0.000000E+000
4	5.84143064	-2.116415E-012	-1.340973E-012	0	0.000000E+000
4	5.84284098	-1.340973E-012	-1.944179E-012	-1	0.000000E+000
4	5.84588374	-1.969986E-012	-1.391475E-012	0	0.000000E+000
4	5.85424103	-1.372129E-012	-2.113662E-012	-1	0.000000E+000
4	5.85560941	-2.120451E-012	-1.358530E-012	0	0.000000E+000
4	5.85611487	-1.358530E-012	-2.032576E-012	-1	0.000000E+000
4	5.85653835	-2.032576E-012	-1.381342E-012	0	0.000000E+000
4	5.88651785	-1.380617E-012	-2.138975E-012	-1	0.000000E+000
4	5.89877500	-2.138975E-012	-1.386127E-012	0	0.000000E+000
4	5.90169527	-1.386127E-012	-2.209589E-012	-1	0.000000E+000
4	5.90254185	-2.209589E-012	-1.651779E-012	0	0.000000E+000
4	5.90290653	-1.651779E-012	-2.138015E-012	-1	0.000000E+000
4	5.90637824	-2.138015E-012	-1.565890E-012	0	0.000000E+000
4	5.90686996	-1.565890E-012	-2.127252E-012	-1	0.000000E+000
4	5.91387858	-2.146751E-012	-1.401419E-012	0	0.000000E+000
4	5.93034368	-1.365858E-012	-2.008645E-012	-1	0.000000E+000
4	5.93102886	-2.008645E-012	-1.432291E-012	0	0.000000E+000
4	5.93533211	-1.432291E-012	-2.180334E-012	-1	0.000000E+000
4	5.93633358	-2.180334E-012	-1.340222E-012	0	0.000000E+000
4	5.95265696	-1.377347E-012	-2.081050E-012	-1	0.000000E+000
4	5.95815942	-1.997533E-012	-1.350249E-012	0	0.000000E+000
4	5.96384323	-1.372627E-012	-1.987589E-012	-1	0.000000E+000
4	5.96437852	-1.987589E-012	-1.335110E-012	0	0.000000E+000
4	5.97504595	-1.423338E-012	-2.041617E-012	-1	0.000000E+000
4	5.97809233	-2.041617E-012	-1.367386E-012	0	0.000000E+000
4	5.98088927	-1.367386E-012	-2.072660E-012	-1	0.000000E+000
4	5.98140000	-2.072660E-012	-1.407596E-012	0	0.000000E+000
4	5.98213804	-1.407596E-012	-2.072660E-012	-1	0.000000E+000
4	5.98883270	-2.034585E-012	-1.527298E-012	0	0.000000E+000
4	5.98935000	-1.527298E-012	-2.039782E-012	-1	0.000000E+000
4	5.99218238	-2.039782E-012	-1.367472E-012	0	0.000000E+000
4	5.99284644	-1.367472E-012	-2.101604E-012	-1	0.000000E+000
4	5.99774315	-2.029225E-012	-1.437171E-012	0	0.000000E+000
4	6.00041355	-1.437171E-012	-2.091253E-012	-1	0.000000E+000
4	6.00584781	-2.098153E-012	-1.431888E-012	0	0.000000E+000
