2	0.21335587	-1.683521E-012	-2.168513E-012	-1	0.000000E+000
2	0.21536170	-2.091151E-012	-1.726084E-012	0	0.000000E+000
2	0.23311584	-1.726084E-012	-2.181729E-012	-1	0.000000E+000
2	0.24235103	-2.181729E-012	-1.644175E-012	0	0.000000E+000
2	0.24646136	-1.693711E-012	-2.209725E-012	-1	0.000000E+000
2	0.24794598	-2.179892E-012	-1.655179E-012	0	0.000000E+000
2	0.25950648	-1.655179E-012	-2.176574E-012	-1	0.000000E+000
2	0.26135741	-2.179392E-012	-1.637716E-012	0	0.000000E+000
2	0.26231419	-1.637716E-012	-2.142017E-012	-1	0.000000E+000
2	0.27746278	-2.142017E-012	-1.703300E-012	0	0.000000E+000
2	0.27906417	-1.703300E-012	-2.275777E-012	-1	0.000000E+000
2	0.28744519	-2.215874E-012	-1.714659E-012	0	0.000000E+000
2	0.29627456	-1.779672E-012	-2.360791E-012	-1	0.000000E+000
2	0.30234638	-2.267104E-012	-1.699051E-012	0	0.000000E+000
2	0.31062209	-1.691452E-012	-2.152610E-012	-1	0.000000E+000
2	0.31318308	-2.152610E-012	-1.625755E-012	0	0.000000E+000
2	0.31622640	-1.625755E-012	-2.214801E-012	-1	0.000000E+000
2	0.31826687	-2.214801E-012	-1.665799E-012	0	0.000000E+000
2	0.32526706	-1.665799E-012	-2.113699E-012	-1	0.000000E+000
2	0.32894188	-2.113699E-012	-1.697074E-012	0	0.000000E+000
2	0.34108686	-1.699005E-012	-2.149151E-012	-1	0.000000E+000
2	0.34287937	-2.149151E-012	-1.698656E-012	0	0.000000E+000
2	0.34567470	-1.698656E-012	-2.110987E-012	-1	0.000000E+000
2	0.34599206	-2.110987E-012	-1.657225E-012	0	0.000000E+000
2	0.36838562	-1.743961E-012	-2.223449E-012	-1	0.000000E+000
2	0.37008614	-2.150542E-012	-1.661509E-012	0	0.000000E+000
2	0.37271202	-1.661509E-012	-2.125464E-012	-1	0.000000E+000
2	0.37435781	-2.125464E-012	-1.632620E-012	0	0.000000E+000
2	0.40478133	-1.715916E-012	-2.108078E-012	-1	0.000000E+000
2	0.40976233	-2.082647E-012	-1.671227E-012	0	0.000000E+000
2	0.41164586	-1.732136E-012	-2.175344E-012	-1	0.000000E+000
2	0.41461558	-2.131625E-012	-1.663735E-012	0	0.000000E+000
2	0.42413130	-1.684657E-012	-2.296063E-012	-1	0.000000E+000
2	0.42611127	-2.296063E-012	-1.705462E-012	0	0.000000E+000
2	0.42691979	-1.705462E-012	-2.149190E-012	-1	0.000000E+000
2	0.43153158	-2.149190E-012	-1.713724E-012	0	0.000000E+000
2	0.43802039	-1.713724E-012	-2.136850E-012	-1	0.000000E+000
2	0.44689828	-2.045114E-012	-1.686405E-012	0	0.000000E+000
2	0.44755385	-1.686405E-012	-2.092225E-012	-1	0.000000E+000
2	0.45128595	-2.092225E-012	-1.673716E-012	0	0.000000E+000
2	0.52729779	-1.681889E-012	-2.102777E-012	-1	0.000000E+000
2	0.52973817	-2.041952E-012	-1.667868E-012	0	0.000000E+000
2	0.59001004	-1.662298E-012	-2.119506E-012	-1	0.000000E+000
2	0.59897592	-2.031179E-012	-1.635052E-012	0	0.000000E+000
2	0.70830753	-1.681703E-012	-2.292584E-012	-1	0.000000E+000
2	0.70968080	-2.247686E-012	-1.642348E-012	0	0.000000E+000
2	0.71832618	-1.731934E-012	-2.312032E-012	-1	0.000000E+000
2	0.72318352	-2.320288E-012	-1.719099E-012	0	0.000000E+000
2	0.72673701	-1.734420E-012	-2.282702E-012	-1	0.000000E+000
2	0.72773492	-2.282702E-012	-1.669048E-012	0	0.000000E+000
2	0.72884618	-1.669048E-012	-2.176643E-012	-1	0.000000E+000
2	0.73291041	-2.176643E-012	-1.735468E-012	0	0.000000E+000
2	0.74405558	-1.694189E-012	-2.174269E-012	-1	0.000000E+000
2	0.74720912	-2.056648E-012	-1.657065E-012	0	0.000000E+000
2	0.75450533	-1.719944E-012	-2.149219E-012	-1	0.000000E+000
2	0.75606952	-2.149219E-012	-1.720381E-012	0	0.000000E+000
2	0.75924153	-1.720381E-012	-2.132113E-012	-1	0.000000E+000
2	0.76457404	-2.093901E-012	-1.647861E-012	0	0.000000E+000
2	0.76674550	-1.623359E-012	-2.029548E-012	-1	0.000000E+000
2	0.77019989	-2.029548E-012	-1.610696E-012	0	0.000000E+000
2	0.77058927	-1.610696E-012	-2.031184E-012	-1	0.000000E+000
2	0.77307658	-2.031184E-012	-1.599124E-012	0	0.000000E+000
2	0.83334004	-1.665171E-012	-2.098963E-012	-1	0.000000E+000
2	0.83680815	-2.065939E-012	-1.637767E-012	0	0.000000E+000
2	0.98147469	-1.733193E-012	-2.133960E-012	-1	0.000000E+000
2	0.98258677	-2.133960E-012	-1.691367E-012	0	0.000000E+000
2	0.98657543	-1.715655E-012	-2.115908E-012	-1	0.000000E+000
2	0.98710000	-2.115908E-012	-1.699854E-012	0	0.000000E+000
2	1.30376831	-1.636739E-012	-2.135239E-012	-1	0.000000E+000
2	1.30461667	-2.135239E-012	-1.671184E-012	0	0.000000E+000
2	1.33639795	-1.636739E-012	-2.300358E-012	-1	0.000000E+000
2	1.33823112	-2.300358E-012	-1.701146E-012	0	0.000000E+000
2	1.48502617	-1.648127E-012	-2.168537E-012	-1	0.000000E+000
2	1.49143373	-2.019931E-012	-1.641857E-012	0	0.000000E+000
2	1.51656749	-1.700770E-012	-2.230601E-012	-1	0.000000E+000
2	1.52162759	-2.089036E-012	-1.658619E-012	0	0.000000E+000
2	1.52539704	-1.668605E-012	-2.061999E-012	-1	0.000000E+000
2	1.52703445	-1.999609E-012	-1.650061E-012	0	0.000000E+000
2	1.52861544	-1.716376E-012	-2.175122E-012	-1	0.000000E+000
2	1.53053528	-2.058550E-012	-1.616207E-012	0	0.000000E+000
2	1.69647552	-1.615705E-012	-2.124022E-012	-1	0.000000E+000
2	1.69760751	-2.124022E-012	-1.606757E-012	0	0.000000E+000
2	11.92437538	-1.682436E-012	-2.027577E-012	-1	0.000000E+000
2	11.94498065	-1.918398E-012	-1.584432E-012	0	0.000000E+000
2	11.95856161	-1.660238E-012	-1.968394E-012	-1	0.000000E+000
2	12.08324425	-1.860627E-012	-1.549700E-012	0	0.000000E+000
2	12.10990940	-1.624003E-012	-2.010595E-012	-1	0.000000E+000
2	12.13086453	-1.911680E-012	-1.569690E-012	0	0.000000E+000
2	12.13229247	-1.615535E-012	-1.995879E-012	-1	0.000000E+000
2	12.18619723	-1.895619E-012	-1.556979E-012	0	0.000000E+000
2	12.21037806	-1.606514E-012	-2.026618E-012	-1	0.000000E+000
2	12.36308475	-1.869778E-012	-1.610395E-012	0	0.000000E+000
2	12.41357166	-1.610395E-012	-1.993973E-012	-1	0.000000E+000
2	12.41753424	-1.961971E-012	-1.598544E-012	0	0.000000E+000
2	12.41924104	-1.613517E-012	-2.001230E-012	-1	0.000000E+000
2	12.42299900	-1.994064E-012	-1.617523E-012	0	0.000000E+000
2	12.45394864	-1.626785E-012	-2.007450E-012	-1	0.000000E+000
2	12.46771775	-1.963386E-012	-1.617000E-012	0	0.000000E+000
2	12.48481033	-1.645548E-012	-2.023730E-012	-1	0.000000E+000
2	12.50677226	-1.941346E-012	-1.580992E-012	0	0.000000E+000
2	12.51058904	-1.594597E-012	-1.939603E-012	-1	0.000000E+000
2	12.63337548	-1.862433E-012	-1.472064E-012	0	0.000000E+000
2	12.63880255	-1.552059E-012	-1.911245E-012	-1	0.000000E+000
2	12.66112749	-1.895416E-012	-1.462515E-012	0	0.000000E+000
2	12.66362283	-1.513343E-012	-1.899732E-012	-1	0.000000E+000
2	12.84197416	-1.920183E-012	-1.553330E-012	0	0.000000E+000
2	12.85784324	-1.578188E-012	-1.961497E-012	-1	0.000000E+000
2	12.95532151	-1.977946E-012	-1.535682E-012	0	0.000000E+000
2	33.07190107	-1.691082E-012	-2.203730E-012	-1	0.000000E+000
2	33.07266175	-2.203730E-012	-1.709511E-012	0	0.000000E+000
2	33.41144066	-1.697030E-012	-2.120286E-012	-1	0.000000E+000
2	33.41926759	-2.007331E-012	-1.712491E-012	0	0.000000E+000
2	33.96293164	-1.781126E-012	-2.151768E-012	-1	0.000000E+000
2	33.96612988	-2.131490E-012	-1.712877E-012	0	0.000000E+000
2	34.02764741	-1.683370E-012	-2.068623E-012	-1	0.000000E+000
2	34.02998819	-2.094439E-012	-1.707442E-012	0	0.000000E+000
2	34.03396597	-1.672979E-012	-2.115718E-012	-1	0.000000E+000
2	34.03431356	-2.115718E-012	-1.687393E-012	0	0.000000E+000
2	34.06909233	-1.740420E-012	-2.118705E-012	-1	0.000000E+000
2	34.07047211	-2.119828E-012	-1.692825E-012	0	0.000000E+000
2	34.07543751	-1.692093E-012	-2.105851E-012	-1	0.000000E+000
2	34.08922756	-2.056315E-012	-1.660313E-012	0	0.000000E+000
2	34.17150391	-1.751352E-012	-2.131333E-012	-1	0.000000E+000
2	34.17230746	-2.131333E-012	-1.723031E-012	0	0.000000E+000
2	35.47808114	-1.714846E-012	-2.160540E-012	-1	0.000000E+000
2	35.48113444	-2.095138E-012	-1.690021E-012	0	0.000000E+000
2	35.90949522	-1.703250E-012	-2.095391E-012	-1	0.000000E+000
2	35.91674746	-2.095391E-012	-1.709013E-012	0	0.000000E+000
2	35.98056439	-1.727618E-012	-2.203211E-012	-1	0.000000E+000
2	35.98397946	-2.121623E-012	-1.743255E-012	0	0.000000E+000
2	36.03207886	-1.745383E-012	-2.211805E-012	-1	0.000000E+000
2	36.03387506	-2.152302E-012	-1.707936E-012	0	0.000000E+000
2	36.13134167	-1.706222E-012	-2.156282E-012	-1	0.000000E+000
2	36.13303329	-2.094977E-012	-1.687837E-012	0	0.000000E+000
2	36.13395958	-1.687837E-012	-2.148566E-012	-1	0.000000E+000
2	36.13507370	-2.148566E-012	-1.679581E-012	0	0.000000E+000
2	36.18691909	-1.794601E-012	-2.247523E-012	-1	0.000000E+000
2	36.18838917	-2.189970E-012	-1.672350E-012	0	0.000000E+000
2	36.19354193	-1.721792E-012	-2.060603E-012	-1	0.000000E+000
2	36.21008178	-2.039664E-012	-1.638865E-012	0	0.000000E+000
2	36.21118270	-1.638865E-012	-2.039659E-012	-1	0.000000E+000
2	36.21451577	-2.030072E-012	-1.680931E-012	0	0.000000E+000
2	36.21717687	-1.710933E-012	-2.019982E-012	-1	0.000000E+000
2	36.22298230	-1.997048E-012	-1.656163E-012	0	0.000000E+000
2	36.30200276	-1.668449E-012	-2.121509E-012	-1	0.000000E+000
2	36.30330964	-2.121509E-012	-1.694283E-012	0	0.000000E+000
2	36.30590923	-1.694283E-012	-2.095691E-012	-1	0.000000E+000
2	36.30735078	-2.021949E-012	-1.663195E-012	0	0.000000E+000
2	36.38528475	-1.714531E-012	-2.103947E-012	-1	0.000000E+000
2	36.40478318	-1.980755E-012	-1.633181E-012	0	0.000000E+000
2	36.40709648	-1.672559E-012	-2.065452E-012	-1	0.000000E+000
2	36.41076919	-2.004370E-012	-1.613061E-012	0	0.000000E+000
2	36.43514319	-1.695620E-012	-2.080347E-012	-1	0.000000E+000
2	36.43714344	-1.988955E-012	-1.647501E-012	0	0.000000E+000
2	36.44244541	-1.692807E-012	-2.056288E-012	-1	0.000000E+000
2	36.47544192	-1.996500E-012	-1.641560E-012	0	0.000000E+000
2	36.53325034	-1.695413E-012	-2.049165E-012	-1	0.000000E+000
2	36.53626176	-2.036459E-012	-1.672942E-012	0	0.000000E+000
2	36.58279911	-1.764561E-012	-2.125372E-012	-1	0.000000E+000
2	36.58330490	-2.125372E-012	-1.717451E-012	0	0.000000E+000
2	36.74040557	-1.721015E-012	-2.060219E-012	-1	0.000000E+000
2	36.75576548	-2.023724E-012	-1.681231E-012	0	0.000000E+000
2	36.76160547	-1.710409E-012	-2.089437E-012	-1	0.000000E+000
2	36.76599762	-2.054555E-012	-1.696579E-012	0	0.000000E+000
2	36.79163331	-1.709449E-012	-2.086923E-012	-1	0.000000E+000
2	36.79279722	-2.047364E-012	-1.673886E-012	0	0.000000E+000
2	36.79578873	-1.692937E-012	-2.103435E-012	-1	0.000000E+000
2	36.79860056	-2.004049E-012	-1.599669E-012	0	0.000000E+000
2	36.83617167	-1.701016E-012	-2.081737E-012	-1	0.000000E+000
2	36.84854671	-2.005001E-012	-1.682715E-012	0	0.000000E+000
2	37.03866313	-1.751551E-012	-2.173857E-012	-1	0.000000E+000
2	37.05676330	-2.026496E-012	-1.677395E-012	0	0.000000E+000
2	37.05976800	-1.727289E-012	-2.240901E-012	-1	0.000000E+000
2	37.06257128	-2.032410E-012	-1.666610E-012	0	0.000000E+000
2	37.34693209	-1.699634E-012	-2.111726E-012	-1	0.000000E+000
2	37.35021421	-2.053280E-012	-1.644033E-012	0	0.000000E+000
2	37.51891093	-1.729956E-012	-2.100609E-012	-1	0.000000E+000
2	37.52331107	-2.086997E-012	-1.714061E-012	0	0.000000E+000
2	37.64249517	-1.763551E-012	-2.236961E-012	-1	0.000000E+000
2	37.64361202	-2.192184E-012	-1.741851E-012	0	0.000000E+000
2	37.64590790	-1.715052E-012	-2.024709E-012	-1	0.000000E+000
2	37.65259380	-1.965303E-012	-1.600167E-012	0	0.000000E+000
2	37.67188017	-1.729598E-012	-2.071272E-012	-1	0.000000E+000
2	37.67857623	-2.048832E-012	-1.641543E-012	0	0.000000E+000
2	37.68237939	-1.684739E-012	-2.089679E-012	-1	0.000000E+000
2	37.69041645	-2.089679E-012	-1.668482E-012	0	0.000000E+000
2	37.72504528	-1.668482E-012	-2.086751E-012	-1	0.000000E+000
2	37.72696929	-2.086751E-012	-1.672207E-012	0	0.000000E+000
2	37.79203214	-1.777926E-012	-2.123918E-012	-1	0.000000E+000
2	37.79314096	-2.123918E-012	-1.715216E-012	0	0.000000E+000
2	37.98101891	-1.730420E-012	-2.130427E-012	-1	0.000000E+000
2	37.98817115	-2.031447E-012	-1.735710E-012	0	0.000000E+000
2	38.02894270	-1.731834E-012	-2.112723E-012	-1	0.000000E+000
2	38.04306262	-2.032154E-012	-1.686602E-012	0	0.000000E+000
2	38.05190672	-1.737277E-012	-2.121723E-012	-1	0.000000E+000
2	38.06404577	-2.121723E-012	-1.702466E-012	0	0.000000E+000
2	38.06530863	-1.702466E-012	-2.041318E-012	-1	0.000000E+000
2	38.07149010	-2.038653E-012	-1.749554E-012	0	0.000000E+000
2	38.16033774	-1.726011E-012	-2.182169E-012	-1	0.000000E+000
2	38.16597978	-2.081871E-012	-1.675219E-012	0	0.000000E+000
2	38.16903800	-1.700358E-012	-2.180395E-012	-1	0.000000E+000
2	38.18046890	-2.005399E-012	-1.688735E-012	0	0.000000E+000
2	38.19229807	-1.743322E-012	-2.127096E-012	-1	0.000000E+000
2	38.19355983	-2.112979E-012	-1.714317E-012	0	0.000000E+000
2	38.21510098	-1.750291E-012	-2.149511E-012	-1	0.000000E+000
2	38.21656212	-2.114926E-012	-1.704719E-012	0	0.000000E+000
2	38.58170367	-1.680653E-012	-2.149222E-012	-1	0.000000E+000
2	38.58338713	-2.030641E-012	-1.665400E-012	0	0.000000E+000
2	38.93284109	-1.759760E-012	-2.108898E-012	-1	0.000000E+000
2	38.93814431	-2.092600E-012	-1.696565E-012	0	0.000000E+000
2	38.94216533	-1.700971E-012	-2.031740E-012	-1	0.000000E+000
2	38.94814876	-2.061870E-012	-1.724693E-012	0	0.000000E+000
2	39.17445220	-1.787080E-012	-2.193183E-012	-1	0.000000E+000
2	39.18459118	-2.029542E-012	-1.709153E-012	0	0.000000E+000
2	39.34305008	-1.729169E-012	-2.000167E-012	-1	0.000000E+000
2	39.34894998	-2.011948E-012	-1.600025E-012	0	0.000000E+000
2	39.34973504	-1.600025E-012	-1.994196E-012	-1	0.000000E+000
2	39.37732618	-2.026112E-012	-1.658269E-012	0	0.000000E+000
2	39.38193007	-1.663793E-012	-2.068318E-012	-1	0.000000E+000
2	39.38546109	-2.020753E-012	-1.641715E-012	0	0.000000E+000
2	39.38768497	-1.666483E-012	-2.053270E-012	-1	0.000000E+000
2	39.39380278	-2.095802E-012	-1.709863E-012	0	0.000000E+000
2	39.43176834	-1.717127E-012	-2.050611E-012	-1	0.000000E+000
2	39.44471067	-2.014804E-012	-1.674587E-012	0	0.000000E+000
2	39.53503869	-1.746738E-012	-2.094965E-012	-1	0.000000E+000
2	39.56005579	-2.045672E-012	-1.662498E-012	0	0.000000E+000
2	39.66204193	-1.736801E-012	-2.064503E-012	-1	0.000000E+000
2	39.66621902	-2.039167E-012	-1.700374E-012	0	0.000000E+000
2	39.70078466	-1.770726E-012	-2.204924E-012	-1	0.000000E+000
2	39.70381196	-2.130976E-012	-1.779990E-012	0	0.000000E+000
2	39.70564755	-1.758778E-012	-2.237172E-012	-1	0.000000E+000
2	39.70737797	-2.235679E-012	-1.727067E-012	0	0.000000E+000
2	40.02559965	-1.728441E-012	-2.132299E-012	-1	0.000000E+000
2	40.02640149	-2.132299E-012	-1.667833E-012	0	0.000000E+000
2	40.02750196	-1.667833E-012	-2.086314E-012	-1	0.000000E+000
2	40.03054946	-2.041516E-012	-1.701961E-012	0	0.000000E+000
2	40.12160244	-1.713224E-012	-2.057107E-012	-1	0.000000E+000
2	40.13135286	-2.065282E-012	-1.682643E-012	0	0.000000E+000
2	40.17097440	-1.694878E-012	-2.177152E-012	-1	0.000000E+000
2	40.17416619	-2.028403E-012	-1.649014E-012	0	0.000000E+000
2	40.22063832	-1.737439E-012	-2.052784E-012	-1	0.000000E+000
2	40.24377670	-1.998431E-012	-1.696106E-012	0	0.000000E+000
2	40.29643351	-1.743071E-012	-2.105691E-012	-1	0.000000E+000
2	40.30094518	-1.984411E-012	-1.735049E-012	0	0.000000E+000
2	40.48368886	-1.700882E-012	-2.063057E-012	-1	0.000000E+000
2	40.48704553	-2.020814E-012	-1.664945E-012	0	0.000000E+000
2	40.49706533	-1.727343E-012	-2.092751E-012	-1	0.000000E+000
2	40.50030533	-2.035852E-012	-1.685447E-012	0	0.000000E+000
2	40.67307828	-1.727933E-012	-2.108094E-012	-1	0.000000E+000
2	40.68081964	-1.956496E-012	-1.664413E-012	0	0.000000E+000
2	40.69972497	-1.683752E-012	-2.116032E-012	-1	0.000000E+000
2	40.70264569	-2.116032E-012	-1.688339E-012	0	0.000000E+000
2	40.88032024	-1.764380E-012	-2.149614E-012	-1	0.000000E+000
2	40.88149914	-2.149614E-012	-1.719882E-012	0	0.000000E+000
2	40.89977290	-1.666484E-012	-2.155676E-012	-1	0.000000E+000
2	40.90118322	-2.155676E-012	-1.685989E-012	0	0.000000E+000
2	40.96973989	-1.750689E-012	-2.124752E-012	-1	0.000000E+000
2	40.97074047	-2.124752E-012	-1.734618E-012	0	0.000000E+000
2	40.97455276	-1.757289E-012	-2.149255E-012	-1	0.000000E+000
2	40.97619741	-2.149255E-012	-1.718555E-012	0	0.000000E+000
2	40.98224867	-1.742193E-012	-2.152321E-012	-1	0.000000E+000
2	40.98590058	-2.083531E-012	-1.739641E-012	0	0.000000E+000
2	41.69236604	-1.666242E-012	-2.092051E-012	-1	0.000000E+000
2	41.69933273	-2.069440E-012	-1.655971E-012	0	0.000000E+000
2	41.70277250	-1.727365E-012	-2.126363E-012	-1	0.000000E+000
2	41.71867368	-2.055096E-012	-1.626094E-012	0	0.000000E+000
2	41.71917500	-1.626094E-012	-2.031389E-012	-1	0.000000E+000
2	41.92297769	-2.077276E-012	-1.600804E-012	0	0.000000E+000
2	41.92438172	-1.624996E-012	-2.059508E-012	-1	0.000000E+000
2	41.96676729	-2.077276E-012	-1.600804E-012	0	0.000000E+000
2	41.96720205	-1.600804E-012	-2.087847E-012	-1	0.000000E+000
2	42.17791464	-2.091296E-012	-1.641269E-012	0	0.000000E+000
2	42.18093875	-1.707316E-012	-2.092353E-012	-1	0.000000E+000
2	42.32568921	-2.078297E-012	-1.656548E-012	0	0.000000E+000
2	42.32724322	-1.783525E-012	-2.067715E-012	-1	0.000000E+000
2	42.34918195	-2.067715E-012	-1.626835E-012	0	0.000000E+000
2	42.34970000	-1.626835E-012	-2.053121E-012	-1	0.000000E+000
2	42.92951244	-2.041696E-012	-1.642283E-012	0	0.000000E+000
2	42.94164443	-1.700048E-012	-2.089721E-012	-1	0.000000E+000
2	42.96669896	-2.049165E-012	-1.605685E-012	0	0.000000E+000
2	42.96762098	-1.605685E-012	-2.030561E-012	-1	0.000000E+000
2	43.01203464	-2.026988E-012	-1.628108E-012	0	0.000000E+000
2	43.01285973	-1.628108E-012	-2.077711E-012	-1	0.000000E+000
2	43.05590021	-2.077711E-012	-1.621118E-012	0	0.000000E+000
2	43.06392805	-1.637744E-012	-2.084916E-012	-1	0.000000E+000
2	43.31629611	-2.035035E-012	-1.650645E-012	0	0.000000E+000
2	43.31760398	-1.650645E-012	-2.114917E-012	-1	0.000000E+000
2	43.35615909	-1.987748E-012	-1.704021E-012	0	0.000000E+000
2	43.35713497	-1.704700E-012	-2.036677E-012	-1	0.000000E+000
2	44.11425445	-2.048845E-012	-1.575755E-012	0	0.000000E+000
2	44.11586193	-1.583555E-012	-2.092443E-012	-1	0.000000E+000
2	44.12583514	-2.065861E-012	-1.650458E-012	0	0.000000E+000
2	44.12619909	-1.650458E-012	-2.115011E-012	-1	0.000000E+000
2	44.18179387	-2.143260E-012	-1.599339E-012	0	0.000000E+000
2	44.18469627	-1.624107E-012	-2.077186E-012	-1	0.000000E+000
2	44.54310002	-2.142343E-012	-1.658576E-012	0	0.000000E+000
2	44.54384216	-1.658576E-012	-2.114715E-012	-1	0.000000E+000
2	44.64275561	-2.151279E-012	-1.765434E-012	0	0.000000E+000
2	44.64412496	-1.795165E-012	-2.203291E-012	-1	0.000000E+000
2	44.64838715	-2.176039E-012	-1.775525E-012	0	0.000000E+000
2	44.65189863	-1.775525E-012	-2.253576E-012	-1	0.000000E+000
2	44.65364190	-2.137993E-012	-1.699386E-012	0	0.000000E+000
2	44.65769067	-1.695864E-012	-2.237252E-012	-1	0.000000E+000
2	44.67020176	-2.166894E-012	-1.724107E-012	0	0.000000E+000
2	44.67551658	-1.784695E-012	-2.273478E-012	-1	0.000000E+000
2	44.67694762	-2.273478E-012	-1.821760E-012	0	0.000000E+000
2	44.69744569	-1.821760E-012	-2.266077E-012	-1	0.000000E+000
2	44.70123689	-2.236179E-012	-1.794616E-012	0	0.000000E+000
2	44.70187302	-1.794616E-012	-2.257821E-012	-1	0.000000E+000
2	44.70550626	-2.113112E-012	-1.779618E-012	0	0.000000E+000
2	44.72017095	-1.898306E-012	-2.241893E-012	-1	0.000000E+000
2	44.72354654	-2.225928E-012	-1.861842E-012	0	0.000000E+000
2	44.79666786	-1.896555E-012	-2.331282E-012	-1	0.000000E+000
2	44.80116648	-2.331282E-012	-1.897024E-012	0	0.000000E+000
2	44.82517931	-1.938303E-012	-2.360857E-012	-1	0.000000E+000
2	44.82618427	-2.355397E-012	-1.967786E-012	0	0.000000E+000
2	44.82736532	-1.920194E-012	-2.356476E-012	-1	0.000000E+000
2	44.82994704	-2.385839E-012	-1.926506E-012	0	0.000000E+000
2	44.84668839	-1.976695E-012	-2.366811E-012	-1	0.000000E+000
2	44.84820098	-2.380524E-012	-1.952479E-012	0	0.000000E+000
2	44.93157912	-1.871603E-012	-2.242929E-012	-1	0.000000E+000
2	44.94156306	-2.207786E-012	-1.699312E-012	0	0.000000E+000
2	44.94258877	-1.785681E-012	-2.169807E-012	-1	0.000000E+000
2	44.99305372	-2.119755E-012	-1.755426E-012	0	0.000000E+000
2	44.99422341	-1.781972E-012	-2.178178E-012	-1	0.000000E+000
2	45.17750019	-2.064822E-012	-1.685416E-012	0	0.000000E+000
2	45.18039531	-1.697850E-012	-2.134220E-012	-1	0.000000E+000
2	45.26583404	-2.079816E-012	-1.679081E-012	0	0.000000E+000
2	45.27116722	-1.679081E-012	-2.120451E-012	-1	0.000000E+000
2	45.27894472	-2.120451E-012	-1.654203E-012	0	0.000000E+000
2	45.27970463	-1.654203E-012	-2.094884E-012	-1	0.000000E+000
2	45.47800117	-2.004069E-012	-1.678796E-012	0	0.000000E+000
2	45.47968953	-1.676807E-012	-2.100714E-012	-1	0.000000E+000
2	45.52957960	-2.097588E-012	-1.633766E-012	0	0.000000E+000
2	45.53299794	-1.662294E-012	-2.111662E-012	-1	0.000000E+000
2	45.54513290	-2.188764E-012	-1.681727E-012	0	0.000000E+000
2	45.54630900	-1.681727E-012	-2.137244E-012	-1	0.000000E+000
2	45.71809825	-2.137244E-012	-1.605020E-012	0	0.000000E+000
2	45.71856129	-1.605020E-012	-2.053165E-012	-1	0.000000E+000
2	45.90506424	-2.157685E-012	-1.765980E-012	0	0.000000E+000
2	45.90671998	-1.770172E-012	-2.156828E-012	-1	0.000000E+000
2	46.13552123	-2.053236E-012	-1.675069E-012	0	0.000000E+000
2	46.13689023	-1.681848E-012	-2.067902E-012	-1	0.000000E+000
2	46.26827455	-2.207220E-012	-1.716444E-012	0	0.000000E+000
2	46.27462685	-1.738249E-012	-2.163392E-012	-1	0.000000E+000
2	46.34211811	-2.005179E-012	-1.669179E-012	0	0.000000E+000
2	46.34810082	-1.669179E-012	-2.087253E-012	-1	0.000000E+000
2	46.53885407	-2.056425E-012	-1.612892E-012	0	0.000000E+000
2	46.53978111	-1.612892E-012	-2.096677E-012	-1	0.000000E+000
2	46.63795191	-2.023327E-012	-1.658054E-012	0	0.000000E+000
2	46.63835865	-1.658054E-012	-2.063525E-012	-1	0.000000E+000
2	47.11145831	-2.103711E-012	-1.644083E-012	0	0.000000E+000
2	47.11391900	-1.663451E-012	-2.140789E-012	-1	0.000000E+000
2	47.20857476	-2.092994E-012	-1.720373E-012	0	0.000000E+000
2	47.20932893	-1.720373E-012	-2.166784E-012	-1	0.000000E+000
2	47.22124934	-2.238025E-012	-1.694634E-012	0	0.000000E+000
2	47.22354270	-1.703995E-012	-2.165020E-012	-1	0.000000E+000
2	47.35149432	-2.140370E-012	-1.719863E-012	0	0.000000E+000
2	47.35219995	-1.719863E-012	-2.221634E-012	-1	0.000000E+000
2	47.35412128	-2.221634E-012	-1.744552E-012	0	0.000000E+000
2	47.35737844	-1.744552E-012	-2.171045E-012	-1	0.000000E+000
2	47.47747209	-2.171045E-012	-1.689054E-012	0	0.000000E+000
2	47.47877117	-1.689054E-012	-2.197600E-012	-1	0.000000E+000
2	47.49051728	-2.149453E-012	-1.700915E-012	0	0.000000E+000
2	47.49104026	-1.700915E-012	-2.156916E-012	-1	0.000000E+000
2	47.52791592	-2.112025E-012	-1.745963E-012	0	0.000000E+000
2	47.52842500	-1.745963E-012	-2.136041E-012	-1	0.000000E+000
2	47.82531105	-2.139622E-012	-1.686708E-012	0	0.000000E+000
2	47.92126704	-1.820033E-012	-2.166822E-012	-1	0.000000E+000
2	48.01680697	-2.168302E-012	-1.731217E-012	0	0.000000E+000
2	48.01739499	-1.731217E-012	-2.154053E-012	-1	0.000000E+000
2	48.02487345	-2.161509E-012	-1.699125E-012	0	0.000000E+000
2	48.02827461	-1.666153E-012	-2.207858E-012	-1	0.000000E+000
2	48.16600392	-2.175307E-012	-1.785741E-012	0	0.000000E+000
2	48.16704163	-1.785741E-012	-2.216884E-012	-1	0.000000E+000
2	48.20804904	-2.103285E-012	-1.714394E-012	0	0.000000E+000
2	48.20929711	-1.714394E-012	-2.118730E-012	-1	0.000000E+000
2	48.48476754	-2.027282E-012	-1.669257E-012	0	0.000000E+000
2	48.48554154	-1.669257E-012	-2.086025E-012	-1	0.000000E+000
2	49.81403458	-2.160740E-012	-1.765750E-012	0	0.000000E+000
2	49.81572785	-1.774425E-012	-2.237967E-012	-1	0.000000E+000
2	49.84680854	-2.193388E-012	-1.769457E-012	0	0.000000E+000
2	49.86227325	-1.739521E-012	-2.180165E-012	-1	0.000000E+000
2	49.90512137	-2.141162E-012	-1.707505E-012	0	0.000000E+000
2	49.90602789	-1.707505E-012	-2.126413E-012	-1	0.000000E+000
2	50.26606427	-2.064169E-012	-1.638317E-012	0	0.000000E+000
2	50.26673018	-1.638317E-012	-2.120890E-012	-1	0.000000E+000
2	50.38533292	-2.055323E-012	-1.681662E-012	0	0.000000E+000
2	50.38612213	-1.696024E-012	-2.138991E-012	-1	0.000000E+000
2	50.66172707	-2.055517E-012	-1.714367E-012	0	0.000000E+000
2	50.66255155	-1.714367E-012	-2.133808E-012	-1	0.000000E+000
2	50.66359878	-2.076410E-012	-1.685489E-012	0	0.000000E+000
2	50.66464573	-1.720797E-012	-2.152204E-012	-1	0.000000E+000
2	50.79209803	-2.081380E-012	-1.632363E-012	0	0.000000E+000
2	50.79393749	-1.683618E-012	-2.098790E-012	-1	0.000000E+000
2	51.01111784	-2.057707E-012	-1.626373E-012	0	0.000000E+000
2	51.01715432	-1.681851E-012	-2.111256E-012	-1	0.000000E+000
2	51.47139156	-2.165551E-012	-1.720936E-012	0	0.000000E+000
2	51.47734791	-1.704397E-012	-2.208740E-012	-1	0.000000E+000
2	51.73760179	-2.118150E-012	-1.648180E-012	0	0.000000E+000
2	51.74046370	-1.692342E-012	-2.159123E-012	-1	0.000000E+000
2	51.76963133	-2.162081E-012	-1.688551E-012	0	0.000000E+000
2	51.77081483	-1.717454E-012	-2.147703E-012	-1	0.000000E+000
2	51.79342269	-2.193001E-012	-1.642787E-012	0	0.000000E+000
2	51.79451095	-1.713040E-012	-2.111663E-012	-1	0.000000E+000
2	52.00718801	-2.113139E-012	-1.692739E-012	0	0.000000E+000
2	52.01705349	-1.713562E-012	-2.136630E-012	-1	0.000000E+000
2	52.06095440	-2.076762E-012	-1.600037E-012	0	0.000000E+000
2	52.06184481	-1.600037E-012	-2.027387E-012	-1	0.000000E+000
2	52.69282461	-2.027387E-012	-1.547249E-012	0	0.000000E+000
2	52.70251385	-1.591894E-012	-2.017087E-012	-1	0.000000E+000
2	52.78961607	-2.032866E-012	-1.607412E-012	0	0.000000E+000
2	52.79339536	-1.622470E-012	-2.019448E-012	-1	0.000000E+000
2	53.33787797	-2.190696E-012	-1.754296E-012	0	0.000000E+000
2	53.37089932	-1.804654E-012	-2.271746E-012	-1	0.000000E+000
2	53.38066936	-2.170208E-012	-1.772557E-012	0	0.000000E+000
2	53.38240420	-1.772557E-012	-2.277412E-012	-1	0.000000E+000
2	53.41284963	-2.194853E-012	-1.745927E-012	0	0.000000E+000
2	53.41477795	-1.701383E-012	-2.049515E-012	-1	0.000000E+000
2	53.47187307	-1.984297E-012	-1.589177E-012	0	0.000000E+000
2	53.47256043	-1.589177E-012	-2.014940E-012	-1	0.000000E+000
2	53.54686631	-2.006971E-012	-1.589147E-012	0	0.000000E+000
2	53.55002665	-1.601922E-012	-2.048152E-012	-1	0.000000E+000
2	54.22694333	-2.080676E-012	-1.704501E-012	0	0.000000E+000
2	54.23069417	-1.708310E-012	-2.102061E-012	-1	0.000000E+000
2	54.57482042	-2.055045E-012	-1.653270E-012	0	0.000000E+000
2	54.58289276	-1.711062E-012	-2.083895E-012	-1	0.000000E+000
2	54.61166105	-2.095033E-012	-1.679867E-012	0	0.000000E+000
2	54.61242245	-1.679867E-012	-2.127856E-012	-1	0.000000E+000
2	54.67335952	-2.070065E-012	-1.717210E-012	0	0.000000E+000
2	54.67487091	-1.726055E-012	-2.111986E-012	-1	0.000000E+000
2	54.76166480	-2.038039E-012	-1.656617E-012	0	0.000000E+000
2	54.76435559	-1.708834E-012	-2.081611E-012	-1	0.000000E+000
2	55.04484279	-2.159842E-012	-1.678359E-012	0	0.000000E+000
2	55.04520036	-1.678359E-012	-2.085235E-012	-1	0.000000E+000
2	55.31110607	-2.038709E-012	-1.652425E-012	0	0.000000E+000
2	55.31170568	-1.652425E-012	-2.098763E-012	-1	0.000000E+000
2	55.32396230	-2.111728E-012	-1.679264E-012	0	0.000000E+000
2	55.32517611	-1.662974E-012	-2.060969E-012	-1	0.000000E+000
2	55.36524460	-2.069041E-012	-1.635348E-012	0	0.000000E+000
2	55.37735325	-1.731574E-012	-2.202821E-012	-1	0.000000E+000
2	55.39793448	-2.202821E-012	-1.707526E-012	0	0.000000E+000
2	55.39940763	-1.707526E-012	-2.109869E-012	-1	0.000000E+000
2	55.41736109	-2.069279E-012	-1.629444E-012	0	0.000000E+000
2	55.41881649	-1.714852E-012	-2.097032E-012	-1	0.000000E+000
2	55.69855215	-2.021937E-012	-2.483169E-012	-2	0.000000E+000
2	55.70917901	-2.387869E-012	-1.954308E-012	-1	0.000000E+000
2	55.80387623	-1.954308E-012	-2.341972E-012	-2	0.000000E+000
2	55.87561015	-2.386005E-012	-1.880764E-012	-1	0.000000E+000
2	55.88008901	-1.978927E-012	-2.337250E-012	-2	0.000000E+000
2	55.90978657	-2.403297E-012	-2.011495E-012	-1	0.000000E+000
2	55.93659185	-1.997345E-012	-2.357894E-012	-2	0.000000E+000
2	55.97373304	-2.276330E-012	-1.837805E-012	-1	0.000000E+000
2	55.97466539	-1.837805E-012	-2.266119E-012	-2	0.000000E+000
2	55.97823035	-2.247149E-012	-1.829763E-012	-1	0.000000E+000
2	55.98098484	-1.851400E-012	-2.261474E-012	-2	0.000000E+000
2	55.99231493	-2.275998E-012	-1.919587E-012	-1	0.000000E+000
2	55.99471252	-1.941525E-012	-2.235785E-012	-2	0.000000E+000
2	55.99972817	-2.201695E-012	-1.902072E-012	-1	0.000000E+000
2	56.03718653	-1.941780E-012	-2.323595E-012	-2	0.000000E+000
2	56.06765046	-2.275241E-012	-1.900365E-012	-1	0.000000E+000
2	56.12059723	-2.071927E-012	-2.502905E-012	-2	0.000000E+000
2	56.12130725	-2.502905E-012	-2.062672E-012	-1	0.000000E+000
2	56.12232647	-2.062672E-012	-2.478515E-012	-2	0.000000E+000
2	56.18206670	-2.343177E-012	-1.959472E-012	-1	0.000000E+000
2	56.20317661	-1.975245E-012	-2.350727E-012	-2	0.000000E+000
2	56.26078514	-2.294575E-012	-1.913479E-012	-1	0.000000E+000
2	56.28459865	-1.954759E-012	-2.344033E-012	-2	0.000000E+000
2	56.30077466	-2.312912E-012	-1.944024E-012	-1	0.000000E+000
2	56.31046912	-2.007937E-012	-2.443108E-012	-2	0.000000E+000
2	56.49169142	-2.261131E-012	-1.884733E-012	-1	0.000000E+000
2	56.49290244	-1.889953E-012	-2.250488E-012	-2	0.000000E+000
2	56.80034627	-2.285578E-012	-1.941603E-012	-1	0.000000E+000
2	56.82965542	-2.115668E-012	-1.667239E-012	0	0.000000E+000
2	56.83559402	-1.723271E-012	-2.211689E-012	-1	0.000000E+000
2	56.89602591	-2.211689E-012	-1.698713E-012	0	0.000000E+000
2	56.90537874	-1.698713E-012	-2.238777E-012	-1	0.000000E+000
2	57.00114593	-2.229722E-012	-2.673943E-012	-2	0.000000E+000
2	57.00436615	-2.642382E-012	-2.207747E-012	-1	0.000000E+000
2	57.02240883	-2.336321E-012	-1.823033E-012	0	0.000000E+000
2	57.03902121	-1.894027E-012	-2.327102E-012	-1	0.000000E+000
2	57.05722025	-2.312375E-012	-1.782055E-012	0	0.000000E+000
2	57.05844731	-1.844313E-012	-2.449901E-012	-1	0.000000E+000
2	57.11832891	-2.309550E-012	-1.844366E-012	0	0.000000E+000
2	57.12463124	-1.863411E-012	-2.340603E-012	-1	0.000000E+000
2	57.14701750	-2.318200E-012	-1.828806E-012	0	0.000000E+000
2	57.15385311	-1.808199E-012	-2.240249E-012	-1	0.000000E+000
2	57.17696561	-2.048622E-012	-1.689997E-012	0	0.000000E+000
2	57.18038913	-1.723253E-012	-2.188852E-012	-1	0.000000E+000
2	57.24257034	-2.131060E-012	-1.747135E-012	0	0.000000E+000
2	57.24863642	-1.762873E-012	-2.126366E-012	-1	0.000000E+000
2	57.25344258	-2.121615E-012	-1.707586E-012	0	0.000000E+000
2	57.25414576	-1.707586E-012	-2.138588E-012	-1	0.000000E+000
2	57.25959517	-2.169895E-012	-1.697556E-012	0	0.000000E+000
2	57.26334506	-1.692760E-012	-2.101838E-012	-1	0.000000E+000
2	57.33777158	-2.080563E-012	-1.598760E-012	0	0.000000E+000
2	57.33932140	-1.598760E-012	-2.052845E-012	-1	0.000000E+000
2	57.38243605	-2.052845E-012	-1.576861E-012	0	0.000000E+000
2	57.38389133	-1.576861E-012	-2.101166E-012	-1	0.000000E+000
2	57.73007027	-2.103794E-012	-1.680036E-012	0	0.000000E+000
2	57.76922677	-1.685856E-012	-2.107755E-012	-1	0.000000E+000
2	57.77196006	-2.142246E-012	-1.550481E-012	0	0.000000E+000
2	57.77287792	-1.550481E-012	-2.195797E-012	-1	0.000000E+000
2	57.79959877	-2.137909E-012	-1.732882E-012	0	0.000000E+000
2	57.80107792	-1.766785E-012	-2.218910E-012	-1	0.000000E+000
2	57.80817180	-2.156983E-012	-1.725283E-012	0	0.000000E+000
2	57.80911824	-1.725283E-012	-2.260329E-012	-1	0.000000E+000
2	57.86832211	-2.368810E-012	-1.881707E-012	0	0.000000E+000
2	57.87636617	-1.980781E-012	-2.398584E-012	-1	0.000000E+000
2	57.87764590	-2.350788E-012	-1.945963E-012	0	0.000000E+000
2	57.93291910	-1.865357E-012	-2.354009E-012	-1	0.000000E+000
2	57.99815572	-2.127385E-012	-1.663544E-012	0	0.000000E+000
2	58.00169065	-1.675696E-012	-2.112899E-012	-1	0.000000E+000
2	58.07069045	-2.079206E-012	-1.707606E-012	0	0.000000E+000
2	58.07182548	-1.713042E-012	-2.139133E-012	-1	0.000000E+000
2	58.13935923	-2.086054E-012	-1.655170E-012	0	0.000000E+000
2	58.14102971	-1.727233E-012	-2.132504E-012	-1	0.000000E+000
2	58.40100294	-2.092228E-012	-1.705097E-012	0	0.000000E+000
2	58.40404386	-1.738168E-012	-2.191394E-012	-1	0.000000E+000
2	58.48874434	-2.226205E-012	-1.732698E-012	0	0.000000E+000
2	58.49036620	-1.732698E-012	-2.202408E-012	-1	0.000000E+000
2	58.57494548	-2.136360E-012	-1.722559E-012	0	0.000000E+000
2	58.57604187	-1.755060E-012	-2.139604E-012	-1	0.000000E+000
2	58.83833160	-2.107245E-012	-1.712430E-012	0	0.000000E+000
2	58.84020369	-1.731275E-012	-2.148207E-012	-1	0.000000E+000
2	58.86444272	-2.148207E-012	-1.650786E-012	0	0.000000E+000
2	58.86491080	-1.650786E-012	-2.124045E-012	-1	0.000000E+000
2	59.01427652	-2.093269E-012	-1.701297E-012	0	0.000000E+000
2	59.02988503	-1.766018E-012	-2.122851E-012	-1	0.000000E+000
2	59.11242252	-2.107365E-012	-1.658036E-012	0	0.000000E+000
2	59.11304489	-1.658036E-012	-2.090291E-012	-1	0.000000E+000
2	59.24642376	-2.055581E-012	-2.405026E-012	-2	0.000000E+000
2	59.24980159	-2.443610E-012	-2.007490E-012	-1	0.000000E+000
2	59.44373770	-2.072986E-012	-2.496243E-012	-2	0.000000E+000
2	59.44578363	-2.468866E-012	-2.088882E-012	-1	0.000000E+000
2	59.50722728	-2.102664E-012	-1.738694E-012	0	0.000000E+000
2	59.51354733	-1.753504E-012	-2.150673E-012	-1	0.000000E+000
2	59.62689652	-2.068026E-012	-1.672646E-012	0	0.000000E+000
2	59.62802315	-1.673245E-012	-2.090543E-012	-1	0.000000E+000
2	59.68666245	-2.094705E-012	-1.677130E-012	0	0.000000E+000
2	59.68715000	-1.677130E-012	-2.109999E-012	-1	0.000000E+000
2	59.71963588	-2.064806E-012	-1.707407E-012	0	0.000000E+000
2	59.72102843	-1.728470E-012	-2.114178E-012	-1	0.000000E+000
2	60.02395970	-2.082639E-012	-1.688011E-012	0	0.000000E+000
2	60.02558074	-1.688011E-012	-2.092934E-012	-1	0.000000E+000
2	60.06694697	-2.094874E-012	-1.681024E-012	0	0.000000E+000
2	60.06971460	-1.681024E-012	-2.116359E-012	-1	0.000000E+000
2	60.10363492	-2.012407E-012	-2.402794E-012	-2	0.000000E+000
2	60.15666187	-2.355664E-012	-1.980197E-012	-1	0.000000E+000
2	60.15738716	-1.994335E-012	-2.363939E-012	-2	0.000000E+000
2	60.18950788	-2.295366E-012	-1.811039E-012	-1	0.000000E+000
2	60.19012191	-1.811039E-012	-2.326216E-012	-2	0.000000E+000
2	60.19776681	-2.326216E-012	-1.894442E-012	-1	0.000000E+000
2	60.20616995	-2.036321E-012	-2.370573E-012	-2	0.000000E+000
2	60.39740810	-2.370573E-012	-1.859222E-012	-1	0.000000E+000
2	60.39838409	-1.859222E-012	-2.415002E-012	-2	0.000000E+000
2	60.39986228	-2.415002E-012	-1.882343E-012	-1	0.000000E+000
2	60.40100311	-1.882343E-012	-2.361766E-012	-2	0.000000E+000
2	60.40751387	-2.365031E-012	-1.998185E-012	-1	0.000000E+000
2	60.43717922	-1.948978E-012	-2.336489E-012	-2	0.000000E+000
2	60.48941300	-2.463295E-012	-2.007211E-012	-1	0.000000E+000
2	60.61152007	-2.044643E-012	-1.588810E-012	0	0.000000E+000
3	4.72591855	-1.686180E-012	-2.082102E-012	-1	0.000000E+000
3	4.72812758	-2.087996E-012	-1.665044E-012	0	0.000000E+000
3	4.74425091	-1.668918E-012	-2.066599E-012	-1	0.000000E+000
3	4.74952332	-2.038026E-012	-1.620928E-012	0	0.000000E+000
3	4.78869406	-1.661621E-012	-2.094862E-012	-1	0.000000E+000
3	4.79416684	-2.043292E-012	-1.681419E-012	0	0.000000E+000
3	4.82935470	-1.711749E-012	-2.137221E-012	-1	0.000000E+000
3	4.83511614	-2.137221E-012	-1.647109E-012	0	0.000000E+000
3	4.83583175	-1.647109E-012	-2.217171E-012	-1	0.000000E+000
3	4.83691415	-2.089575E-012	-1.728316E-012	0	0.000000E+000
3	4.86902377	-1.728316E-012	-2.169400E-012	-1	0.000000E+000
3	4.87057654	-2.151240E-012	-1.708134E-012	0	0.000000E+000
3	4.87556668	-1.711304E-012	-2.141318E-012	-1	0.000000E+000
3	4.87747976	-2.172029E-012	-1.635719E-012	0	0.000000E+000
3	4.90158733	-1.714778E-012	-2.093641E-012	-1	0.000000E+000
3	4.90294596	-2.093641E-012	-1.688249E-012	0	0.000000E+000
3	4.90418834	-1.688249E-012	-2.094967E-012	-1	0.000000E+000
3	4.90763225	-2.094967E-012	-1.624394E-012	0	0.000000E+000
3	4.93818890	-1.661324E-012	-2.070893E-012	-1	0.000000E+000
3	4.94049468	-2.070893E-012	-1.599344E-012	0	0.000000E+000
3	4.96435383	-1.632367E-012	-2.030565E-012	-1	0.000000E+000
3	4.98066102	-1.958669E-012	-1.577553E-012	0	0.000000E+000
3	4.98308067	-1.713821E-012	-2.186550E-012	-1	0.000000E+000
3	4.98361390	-2.186550E-012	-1.746648E-012	0	0.000000E+000
3	5.00391154	-1.695345E-012	-2.126617E-012	-1	0.000000E+000
3	5.00532080	-2.131631E-012	-1.632054E-012	0	0.000000E+000
3	5.03352776	-1.646066E-012	-2.080678E-012	-1	0.000000E+000
3	5.03650422	-2.055910E-012	-1.642748E-012	0	0.000000E+000
3	5.03796272	-1.666027E-012	-2.058834E-012	-1	0.000000E+000
3	5.04050834	-2.066658E-012	-1.634492E-012	0	0.000000E+000
3	5.04551408	-1.667515E-012	-2.200920E-012	-1	0.000000E+000
3	5.04717767	-2.125615E-012	-1.663256E-012	0	0.000000E+000
3	5.05273914	-1.697796E-012	-2.073229E-012	-1	0.000000E+000
3	5.05608184	-2.052802E-012	-1.705022E-012	0	0.000000E+000
3	5.05853957	-1.684948E-012	-2.124939E-012	-1	0.000000E+000
3	5.05981276	-2.086339E-012	-1.685308E-012	0	0.000000E+000
3	5.08892812	-1.716031E-012	-2.138313E-012	-1	0.000000E+000
3	5.09853728	-2.090907E-012	-1.662137E-012	0	0.000000E+000
3	5.09921851	-1.662137E-012	-2.130692E-012	-1	0.000000E+000
3	5.10284827	-2.130692E-012	-1.632472E-012	0	0.000000E+000
3	5.10352055	-1.632472E-012	-2.056594E-012	-1	0.000000E+000
3	5.10459365	-1.995305E-012	-1.609109E-012	0	0.000000E+000
3	5.10548461	-1.609109E-012	-2.108667E-012	-1	0.000000E+000
3	5.10744933	-2.108667E-012	-1.705175E-012	0	0.000000E+000
3	5.13948193	-1.716379E-012	-2.139170E-012	-1	0.000000E+000
3	5.14364444	-1.998151E-012	-1.631292E-012	0	0.000000E+000
3	5.14959210	-1.695415E-012	-2.100677E-012	-1	0.000000E+000
3	5.15064226	-2.100677E-012	-1.666948E-012	0	0.000000E+000
3	5.15722271	-1.666948E-012	-2.139952E-012	-1	0.000000E+000
3	5.15799257	-2.139952E-012	-1.689433E-012	0	0.000000E+000
3	5.15946422	-1.611705E-012	-2.077106E-012	-1	0.000000E+000
3	5.16064112	-2.012770E-012	-1.582269E-012	0	0.000000E+000
3	5.16191397	-1.639722E-012	-2.050730E-012	-1	0.000000E+000
3	5.16293644	-2.050730E-012	-1.630948E-012	0	0.000000E+000
3	5.16887258	-1.647460E-012	-2.086364E-012	-1	0.000000E+000
3	5.17664967	-2.016914E-012	-1.613107E-012	0	0.000000E+000
3	5.19172390	-1.618115E-012	-2.025751E-012	-1	0.000000E+000
3	5.20660621	-2.036286E-012	-1.604693E-012	0	0.000000E+000
3	5.21601334	-1.604693E-012	-2.105441E-012	-1	0.000000E+000
3	5.21704377	-2.039831E-012	-1.604717E-012	0	0.000000E+000
3	5.21794666	-1.604717E-012	-2.074726E-012	-1	0.000000E+000
3	5.22794174	-2.074726E-012	-1.622951E-012	0	0.000000E+000
3	5.22886403	-1.622951E-012	-2.099159E-012	-1	0.000000E+000
3	5.22997712	-2.099159E-012	-1.598016E-012	0	0.000000E+000
3	5.23494661	-1.598016E-012	-2.131534E-012	-1	0.000000E+000
3	5.23575369	-2.131534E-012	-1.585792E-012	0	0.000000E+000
3	5.24162114	-1.585792E-012	-2.051510E-012	-1	0.000000E+000
3	5.24693541	-1.974385E-012	-1.639096E-012	0	0.000000E+000
3	5.24941529	-1.609356E-012	-2.111812E-012	-1	0.000000E+000
3	5.25093294	-2.046325E-012	-1.675457E-012	0	0.000000E+000
3	5.25210351	-1.659573E-012	-2.120502E-012	-1	0.000000E+000
3	5.25502238	-2.170658E-012	-1.704516E-012	0	0.000000E+000
3	5.25596455	-1.704516E-012	-2.361530E-012	-1	0.000000E+000
3	5.25644772	-2.361530E-012	-1.749977E-012	0	0.000000E+000
3	5.27544791	-1.701041E-012	-2.143745E-012	-1	0.000000E+000
3	5.28032089	-2.254188E-012	-1.706319E-012	0	0.000000E+000
3	5.39229771	-1.724840E-012	-2.223782E-012	-1	0.000000E+000
3	5.39333045	-2.154936E-012	-1.744512E-012	0	0.000000E+000
3	5.45090112	-1.715070E-012	-2.177152E-012	-1	0.000000E+000
3	5.45239725	-2.105488E-012	-1.656426E-012	0	0.000000E+000
3	5.46628246	-1.721480E-012	-2.142302E-012	-1	0.000000E+000
3	5.46930052	-2.007696E-012	-1.638606E-012	0	0.000000E+000
3	5.50067937	-1.664993E-012	-2.048582E-012	-1	0.000000E+000
3	5.50642364	-2.059776E-012	-1.603925E-012	0	0.000000E+000
3	5.53521630	-1.695245E-012	-2.099535E-012	-1	0.000000E+000
3	5.53614819	-2.099535E-012	-1.645408E-012	0	0.000000E+000
3	5.54511822	-1.664253E-012	-2.140057E-012	-1	0.000000E+000
3	5.54984576	-2.173998E-012	-1.727341E-012	0	0.000000E+000
3	5.56136042	-1.727341E-012	-2.171091E-012	-1	0.000000E+000
3	5.56236044	-2.191190E-012	-1.694950E-012	0	0.000000E+000
3	5.65222242	-1.696258E-012	-2.173960E-012	-1	0.000000E+000
3	5.65450657	-2.161745E-012	-1.671339E-012	0	0.000000E+000
3	5.73344302	-1.741133E-012	-2.076683E-012	-1	0.000000E+000
3	5.73466116	-2.076683E-012	-1.690945E-012	0	0.000000E+000
3	5.74311148	-1.680420E-012	-2.097393E-012	-1	0.000000E+000
3	5.74671777	-1.984505E-012	-1.614720E-012	0	0.000000E+000
3	5.75140082	-1.614720E-012	-2.041708E-012	-1	0.000000E+000
3	5.75502543	-2.052930E-012	-1.639699E-012	0	0.000000E+000
3	5.87231176	-1.699814E-012	-2.152882E-012	-1	0.000000E+000
3	5.87481825	-2.152882E-012	-1.696747E-012	0	0.000000E+000
3	5.94259285	-1.678405E-012	-2.253546E-012	-1	0.000000E+000
3	5.94633048	-2.139953E-012	-1.680096E-012	0	0.000000E+000
3	5.96281885	-1.672590E-012	-2.098962E-012	-1	0.000000E+000
3	5.96330907	-2.098962E-012	-1.627309E-012	0	0.000000E+000
3	6.06710749	-1.673635E-012	-2.064401E-012	-1	0.000000E+000
3	6.06821302	-2.064401E-012	-1.632733E-012	0	0.000000E+000
3	6.09069427	-1.711587E-012	-2.196947E-012	-1	0.000000E+000
3	6.09879825	-2.071112E-012	-1.657804E-012	0	0.000000E+000
3	6.12879774	-1.688143E-012	-2.087341E-012	-1	0.000000E+000
3	6.13022243	-2.048029E-012	-1.654731E-012	0	0.000000E+000
3	6.15659494	-1.671022E-012	-2.095014E-012	-1	0.000000E+000
3	6.15813482	-2.095014E-012	-1.649616E-012	0	0.000000E+000
3	6.38111237	-1.669260E-012	-2.143137E-012	-1	0.000000E+000
3	6.38211943	-2.059789E-012	-1.657640E-012	0	0.000000E+000
3	6.49618499	-1.687573E-012	-2.149526E-012	-1	0.000000E+000
3	6.49706973	-2.149526E-012	-1.691379E-012	0	0.000000E+000
3	6.55262481	-1.707069E-012	-2.076202E-012	-1	0.000000E+000
3	6.55918962	-1.998302E-012	-1.618916E-012	0	0.000000E+000
3	6.56018877	-1.618916E-012	-2.012695E-012	-1	0.000000E+000
3	6.56773337	-2.183409E-012	-1.665863E-012	0	0.000000E+000
3	6.56867767	-1.665863E-012	-2.117655E-012	-1	0.000000E+000
3	6.56922392	-2.117655E-012	-1.639669E-012	0	0.000000E+000
3	6.69607742	-1.664339E-012	-2.101958E-012	-1	0.000000E+000
3	6.69779599	-2.057885E-012	-1.629472E-012	0	0.000000E+000
3	6.86015378	-1.609621E-012	-2.070111E-012	-1	0.000000E+000
3	6.86498319	-2.002923E-012	-1.653762E-012	0	0.000000E+000
3	6.90293803	-1.655482E-012	-2.137202E-012	-1	0.000000E+000
3	6.90410409	-2.144122E-012	-1.642751E-012	0	0.000000E+000
3	6.94226795	-1.691092E-012	-2.135989E-012	-1	0.000000E+000
3	6.94371880	-2.093290E-012	-1.665497E-012	0	0.000000E+000
3	7.00685527	-1.668233E-012	-2.115841E-012	-1	0.000000E+000
3	7.00783467	-2.115841E-012	-1.698520E-012	0	0.000000E+000
3	7.07749848	-1.683423E-012	-2.139803E-012	-1	0.000000E+000
3	7.07992944	-2.170323E-012	-1.676752E-012	0	0.000000E+000
3	7.11592799	-1.683573E-012	-2.132448E-012	-1	0.000000E+000
3	7.11905611	-2.132448E-012	-1.671765E-012	0	0.000000E+000
3	7.13977217	-1.701196E-012	-2.211465E-012	-1	0.000000E+000
3	7.14057191	-2.211465E-012	-1.717219E-012	0	0.000000E+000
3	7.24967855	-1.676514E-012	-2.109000E-012	-1	0.000000E+000
3	7.25469221	-2.130591E-012	-1.664911E-012	0	0.000000E+000
3	7.31026742	-1.668580E-012	-2.149453E-012	-1	0.000000E+000
3	7.31549980	-2.149453E-012	-1.689139E-012	0	0.000000E+000
3	7.50224402	-1.727131E-012	-2.253645E-012	-1	0.000000E+000
3	7.50722463	-2.253645E-012	-1.734848E-012	0	0.000000E+000
3	7.55305145	-1.719192E-012	-2.386403E-012	-1	0.000000E+000
3	7.55870775	-2.237796E-012	-1.727050E-012	0	0.000000E+000
3	7.85786286	-1.714229E-012	-2.214198E-012	-1	0.000000E+000
3	7.85877847	-2.214198E-012	-1.706367E-012	0	0.000000E+000
3	7.85947774	-1.706367E-012	-2.108646E-012	-1	0.000000E+000
3	7.86105254	-2.092849E-012	-1.683022E-012	0	0.000000E+000
3	7.94943060	-1.703204E-012	-2.177457E-012	-1	0.000000E+000
3	7.95013692	-2.177457E-012	-1.714263E-012	0	0.000000E+000
3	8.12167453	-1.744651E-012	-2.174128E-012	-1	0.000000E+000
3	8.12272292	-2.175329E-012	-1.671740E-012	0	0.000000E+000
3	8.33950604	-1.718735E-012	-2.118890E-012	-1	0.000000E+000
3	8.34232162	-2.201449E-012	-1.675901E-012	0	0.000000E+000
3	8.77948747	-1.687481E-012	-2.131180E-012	-1	0.000000E+000
3	8.78202751	-2.106412E-012	-1.699754E-012	0	0.000000E+000
3	8.95132602	-1.659121E-012	-1.936158E-012	-1	0.000000E+000
3	9.04268910	-2.074526E-012	-1.739975E-012	0	0.000000E+000
3	9.04787817	-1.723847E-012	-2.054180E-012	-1	0.000000E+000
3	9.08110491	-2.000142E-012	-1.588684E-012	0	0.000000E+000
3	9.08251806	-1.598138E-012	-2.054956E-012	-1	0.000000E+000
3	9.16110567	-2.017965E-012	-1.553358E-012	0	0.000000E+000
3	9.16569941	-1.553358E-012	-2.009521E-012	-1	0.000000E+000
3	9.18158762	-1.996423E-012	-1.575914E-012	0	0.000000E+000
3	9.18571094	-1.675864E-012	-2.041807E-012	-1	0.000000E+000
3	9.29272844	-1.943863E-012	-1.594291E-012	0	0.000000E+000
3	9.29590773	-1.594291E-012	-1.971106E-012	-1	0.000000E+000
3	9.40303165	-1.925348E-012	-1.494548E-012	0	0.000000E+000
3	9.41351687	-1.614801E-012	-1.973838E-012	-1	0.000000E+000
3	9.44069137	-1.956930E-012	-2.327125E-012	-2	0.000000E+000
3	9.45263278	-2.191339E-012	-1.872515E-012	-1	0.000000E+000
3	9.92975895	-2.069701E-012	-1.607100E-012	0	0.000000E+000
3	9.96080817	-1.621989E-012	-2.098870E-012	-1	0.000000E+000
3	10.12619304	-2.017223E-012	-1.545456E-012	0	0.000000E+000
3	10.12668521	-1.545456E-012	-1.986095E-012	-1	0.000000E+000
3	10.23110865	-1.993569E-012	-1.417046E-012	0	0.000000E+000
3	10.23831812	-1.508303E-012	-1.951390E-012	-1	0.000000E+000
3	10.63429568	-1.956095E-012	-2.359086E-012	-2	0.000000E+000
3	10.63764701	-2.302167E-012	-1.903443E-012	-1	0.000000E+000
3	10.64177039	-1.937519E-012	-2.374034E-012	-2	0.000000E+000
3	10.64514936	-2.309036E-012	-1.926888E-012	-1	0.000000E+000
3	10.75167400	-1.988738E-012	-1.535603E-012	0	0.000000E+000
3	10.75529845	-1.677077E-012	-2.164301E-012	-1	0.000000E+000
3	10.86881853	-2.032976E-012	-1.639294E-012	0	0.000000E+000
3	10.87147297	-1.622144E-012	-1.975244E-012	-1	0.000000E+000
3	11.12220023	-1.981521E-012	-1.456769E-012	0	0.000000E+000
3	11.12748033	-1.456769E-012	-1.914235E-012	-1	0.000000E+000
3	11.20035283	-1.963628E-012	-1.491541E-012	0	0.000000E+000
3	11.20087500	-1.491541E-012	-1.908078E-012	-1	0.000000E+000
3	11.30482699	-1.952490E-012	-1.561320E-012	0	0.000000E+000
3	11.31106571	-1.570003E-012	-1.981161E-012	-1	0.000000E+000
3	11.33744204	-1.964033E-012	-1.595878E-012	0	0.000000E+000
3	11.34215410	-1.625729E-012	-2.049212E-012	-1	0.000000E+000
3	11.34599033	-2.049212E-012	-1.622981E-012	0	0.000000E+000
3	11.37174777	-1.622981E-012	-1.993012E-012	-1	0.000000E+000
3	11.40799790	-2.014463E-012	-1.645003E-012	0	0.000000E+000
3	11.41961215	-1.633557E-012	-2.092276E-012	-1	0.000000E+000
3	11.42879820	-1.950966E-012	-1.549582E-012	0	0.000000E+000
3	11.43199543	-1.653570E-012	-1.965116E-012	-1	0.000000E+000
3	11.50894103	-1.965168E-012	-1.567511E-012	0	0.000000E+000
3	11.51106412	-1.556021E-012	-1.943520E-012	-1	0.000000E+000
3	11.62448231	-2.022960E-012	-1.600535E-012	0	0.000000E+000
3	11.64527253	-1.726863E-012	-2.104100E-012	-1	0.000000E+000
3	11.65302330	-2.094966E-012	-1.647340E-012	0	0.000000E+000
3	11.65589198	-1.622513E-012	-2.027865E-012	-1	0.000000E+000
3	11.84438674	-2.031977E-012	-1.575255E-012	0	0.000000E+000
3	11.84746390	-1.649558E-012	-2.016853E-012	-1	0.000000E+000
3	12.03618449	-1.927238E-012	-1.569886E-012	0	0.000000E+000
3	12.03734211	-1.569886E-012	-1.957227E-012	-1	0.000000E+000
3	12.12288288	-2.116596E-012	-1.702167E-012	0	0.000000E+000
3	12.12750065	-1.733348E-012	-2.134550E-012	-1	0.000000E+000
3	12.18697502	-2.077008E-012	-1.578817E-012	0	0.000000E+000
3	12.18954804	-1.578817E-012	-1.991569E-012	-1	0.000000E+000
3	12.28474043	-2.042228E-012	-1.566442E-012	0	0.000000E+000
3	12.29685043	-1.637262E-012	-1.990420E-012	-1	0.000000E+000
3	12.40789084	-1.912126E-012	-1.543600E-012	0	0.000000E+000
3	12.40924343	-1.554861E-012	-1.974115E-012	-1	0.000000E+000
3	12.43599219	-2.225109E-012	-1.714332E-012	0	0.000000E+000
3	12.50952817	-1.846305E-012	-2.355507E-012	-1	0.000000E+000
3	12.51150323	-2.355507E-012	-1.894985E-012	0	0.000000E+000
3	12.62636171	-1.837193E-012	-2.342830E-012	-1	0.000000E+000
3	12.62938010	-2.336124E-012	-1.818577E-012	0	0.000000E+000
3	12.66465518	-1.768091E-012	-2.249848E-012	-1	0.000000E+000
3	12.67049008	-2.108029E-012	-1.699485E-012	0	0.000000E+000
3	12.67176514	-1.722845E-012	-2.214114E-012	-1	0.000000E+000
3	12.68814203	-2.083370E-012	-1.732890E-012	0	0.000000E+000
3	12.69936290	-1.823706E-012	-2.344499E-012	-1	0.000000E+000
3	12.70070542	-2.300968E-012	-1.924869E-012	0	0.000000E+000
3	13.03630902	-1.623124E-012	-2.097537E-012	-1	0.000000E+000
3	13.03800570	-2.047729E-012	-1.543868E-012	0	0.000000E+000
3	13.04421778	-1.651195E-012	-2.165230E-012	-1	0.000000E+000
3	13.04725078	-2.052020E-012	-1.605083E-012	0	0.000000E+000
3	13.05279988	-1.736955E-012	-2.115890E-012	-1	0.000000E+000
3	13.07798703	-2.049843E-012	-1.649372E-012	0	0.000000E+000
3	13.07927466	-1.632278E-012	-2.037874E-012	-1	0.000000E+000
3	13.12547061	-2.031730E-012	-1.636480E-012	0	0.000000E+000
3	13.13570732	-1.645472E-012	-2.048902E-012	-1	0.000000E+000
3	13.25035273	-1.943590E-012	-1.586840E-012	0	0.000000E+000
3	13.25162480	-1.586840E-012	-1.960600E-012	-1	0.000000E+000
3	13.38442867	-2.042336E-012	-1.680891E-012	0	0.000000E+000
3	13.38635678	-1.688308E-012	-2.091957E-012	-1	0.000000E+000
3	13.45090702	-1.983354E-012	-1.625733E-012	0	0.000000E+000
3	13.46553088	-1.664906E-012	-2.030906E-012	-1	0.000000E+000
3	13.65045766	-1.999553E-012	-1.584549E-012	0	0.000000E+000
3	13.65360199	-1.594429E-012	-1.993241E-012	-1	0.000000E+000
3	13.73653763	-1.891682E-012	-1.535193E-012	0	0.000000E+000
3	13.73741902	-1.535193E-012	-1.901573E-012	-1	0.000000E+000
3	13.76287212	-1.938895E-012	-1.603571E-012	0	0.000000E+000
3	13.76926895	-1.624440E-012	-1.953715E-012	-1	0.000000E+000
3	13.87798719	-1.948874E-012	-1.596596E-012	0	0.000000E+000
3	13.88128524	-1.659916E-012	-2.098477E-012	-1	0.000000E+000
3	13.88279365	-2.048136E-012	-1.650993E-012	0	0.000000E+000
3	13.92798924	-1.670292E-012	-2.074949E-012	-1	0.000000E+000
3	13.93879746	-2.031962E-012	-1.550951E-012	0	0.000000E+000
3	13.93932500	-1.550951E-012	-1.968100E-012	-1	0.000000E+000
3	13.94002047	-1.968100E-012	-1.564809E-012	0	0.000000E+000
3	13.94071546	-1.565178E-012	-1.972785E-012	-1	0.000000E+000
3	14.08909294	-1.987134E-012	-1.524835E-012	0	0.000000E+000
3	14.09341787	-1.571683E-012	-1.937412E-012	-1	0.000000E+000
3	14.26496028	-1.938789E-012	-1.572386E-012	0	0.000000E+000
3	14.26667277	-1.589728E-012	-1.941541E-012	-1	0.000000E+000
3	14.39641585	-1.938789E-012	-1.473315E-012	0	0.000000E+000
3	14.39738119	-1.473315E-012	-1.931465E-012	-1	0.000000E+000
3	14.59747345	-1.954776E-012	-1.494167E-012	0	0.000000E+000
3	14.60128745	-1.592970E-012	-1.955006E-012	-1	0.000000E+000
3	14.90721374	-1.949210E-012	-1.528763E-012	0	0.000000E+000
3	14.90916530	-1.628396E-012	-1.918975E-012	-1	0.000000E+000
3	15.25276415	-1.917287E-012	-1.498148E-012	0	0.000000E+000
3	15.25409459	-1.522348E-012	-1.926144E-012	-1	0.000000E+000
3	15.99376920	-1.993130E-012	-1.585930E-012	0	0.000000E+000
3	16.00229948	-1.635109E-012	-1.998600E-012	-1	0.000000E+000
3	16.14346116	-1.991459E-012	-1.532612E-012	0	0.000000E+000
3	16.14840867	-1.541866E-012	-1.952527E-012	-1	0.000000E+000
3	16.23558239	-2.173481E-012	-1.700138E-012	0	0.000000E+000
3	16.25186970	-1.682543E-012	-2.129067E-012	-1	0.000000E+000
3	16.36630573	-1.874412E-012	-1.538242E-012	0	0.000000E+000
3	16.36925621	-1.538242E-012	-1.929331E-012	-1	0.000000E+000
3	16.79161331	-1.967658E-012	-1.528355E-012	0	0.000000E+000
3	16.79255984	-1.526381E-012	-2.050730E-012	-1	0.000000E+000
3	16.79423081	-1.975862E-012	-1.599123E-012	0	0.000000E+000
3	16.79810002	-1.524820E-012	-1.952454E-012	-1	0.000000E+000
3	17.08918561	-1.945015E-012	-1.587900E-012	0	0.000000E+000
3	17.09087035	-1.581016E-012	-1.944150E-012	-1	0.000000E+000
3	17.12858859	-1.949737E-012	-2.358987E-012	-2	0.000000E+000
3	17.12966545	-2.358702E-012	-1.918046E-012	-1	0.000000E+000
3	17.13144170	-1.957407E-012	-2.393159E-012	-2	0.000000E+000
3	17.13344285	-2.269809E-012	-1.883517E-012	-1	0.000000E+000
3	17.29092006	-1.911991E-012	-1.538364E-012	0	0.000000E+000
3	17.29153252	-1.538364E-012	-1.972411E-012	-1	0.000000E+000
3	17.31004239	-1.919367E-012	-1.541724E-012	0	0.000000E+000
3	17.45771997	-1.492189E-012	-1.962982E-012	-1	0.000000E+000
3	17.55122345	-1.980196E-012	-1.489233E-012	0	0.000000E+000
3	17.55239161	-1.548947E-012	-1.971930E-012	-1	0.000000E+000
3	17.63098253	-1.923507E-012	-1.556847E-012	0	0.000000E+000
3	17.63895392	-1.608359E-012	-1.967269E-012	-1	0.000000E+000
3	17.94903445	-1.946902E-012	-1.567210E-012	0	0.000000E+000
3	17.95610756	-1.589497E-012	-2.009921E-012	-1	0.000000E+000
3	18.01922284	-1.993127E-012	-2.536080E-012	-2	0.000000E+000
3	18.02058980	-2.479720E-012	-1.943859E-012	-1	0.000000E+000
3	18.02134353	-2.009906E-012	-2.536080E-012	-2	0.000000E+000
3	18.02270153	-2.434095E-012	-1.945906E-012	-1	0.000000E+000
3	18.19240533	-1.942192E-012	-1.500245E-012	0	0.000000E+000
3	18.19470183	-1.566647E-012	-1.973317E-012	-1	0.000000E+000
3	18.35537833	-1.959354E-012	-1.535121E-012	0	0.000000E+000
3	18.35794638	-1.567474E-012	-1.948373E-012	-1	0.000000E+000
3	18.37334207	-1.971645E-012	-1.514428E-012	0	0.000000E+000
3	18.37461118	-1.514428E-012	-1.970434E-012	-1	0.000000E+000
3	18.44642763	-1.882538E-012	-1.512303E-012	0	0.000000E+000
3	18.44722642	-1.512303E-012	-1.927785E-012	-1	0.000000E+000
3	18.85590303	-1.947801E-012	-1.558926E-012	0	0.000000E+000
3	18.86084883	-1.625819E-012	-2.010418E-012	-1	0.000000E+000
3	18.86223492	-1.956305E-012	-1.558197E-012	0	0.000000E+000
3	18.86774910	-1.592554E-012	-2.036535E-012	-1	0.000000E+000
3	18.88874257	-1.902798E-012	-1.578507E-012	0	0.000000E+000
3	18.88996643	-1.608413E-012	-1.967596E-012	-1	0.000000E+000
3	18.90693208	-1.902775E-012	-1.559784E-012	0	0.000000E+000
3	18.90791515	-1.559784E-012	-1.929580E-012	-1	0.000000E+000
3	19.19429603	-1.952197E-012	-1.549825E-012	0	0.000000E+000
3	19.19973742	-1.588658E-012	-1.980181E-012	-1	0.000000E+000
3	19.50831512	-1.901410E-012	-1.548812E-012	0	0.000000E+000
3	19.51012294	-1.548812E-012	-1.974549E-012	-1	0.000000E+000
3	19.60040359	-1.919381E-012	-1.566540E-012	0	0.000000E+000
3	19.61376427	-1.611174E-012	-1.971309E-012	-1	0.000000E+000
3	19.65710232	-1.907694E-012	-1.536900E-012	0	0.000000E+000
3	19.65827458	-1.554624E-012	-1.959370E-012	-1	0.000000E+000
3	19.66596447	-1.905995E-012	-1.553933E-012	0	0.000000E+000
3	19.66788164	-1.553933E-012	-1.959637E-012	-1	0.000000E+000
3	19.76082290	-1.974928E-012	-1.569920E-012	0	0.000000E+000
3	19.77664171	-1.604039E-012	-2.003211E-012	-1	0.000000E+000
3	19.80511161	-1.882203E-012	-1.499948E-012	0	0.000000E+000
3	19.80619430	-1.499948E-012	-1.907620E-012	-1	0.000000E+000
3	19.88216713	-1.984455E-012	-1.469259E-012	0	0.000000E+000
3	19.88681965	-1.568330E-012	-1.956086E-012	-1	0.000000E+000
3	20.17682789	-1.934616E-012	-1.528165E-012	0	0.000000E+000
3	20.18021643	-1.531956E-012	-1.942056E-012	-1	0.000000E+000
3	20.33357592	-1.944877E-012	-2.478617E-012	-2	0.000000E+000
3	20.33438113	-2.478617E-012	-1.892878E-012	-1	0.000000E+000
3	20.44324236	-1.918901E-012	-2.500726E-012	-2	0.000000E+000
3	20.44407791	-2.500726E-012	-1.928248E-012	-1	0.000000E+000
3	20.44776980	-1.953016E-012	-2.489180E-012	-2	0.000000E+000
3	20.44863547	-2.489180E-012	-1.955593E-012	-1	0.000000E+000
3	20.45533873	-1.942949E-012	-2.448074E-012	-2	0.000000E+000
3	20.45622353	-2.448074E-012	-1.943152E-012	-1	0.000000E+000
3	20.58796194	-1.954870E-012	-1.527991E-012	0	0.000000E+000
3	20.59371455	-1.663236E-012	-2.004596E-012	-1	0.000000E+000
3	20.60154026	-2.036825E-012	-2.464528E-012	-2	0.000000E+000
3	20.60215423	-2.464528E-012	-1.927331E-012	-1	0.000000E+000
3	20.69523101	-1.926055E-012	-1.472979E-012	0	0.000000E+000
3	20.69577143	-1.472979E-012	-1.952695E-012	-1	0.000000E+000
3	20.76355623	-1.936507E-012	-2.503552E-012	-2	0.000000E+000
3	20.76388560	-2.503552E-012	-1.963130E-012	-1	0.000000E+000
3	20.77509283	-1.991237E-012	-2.414651E-012	-2	0.000000E+000
3	20.77722349	-2.406289E-012	-1.895408E-012	-1	0.000000E+000
3	20.82699491	-1.990181E-012	-1.555307E-012	0	0.000000E+000
3	20.83275506	-1.559794E-012	-2.066696E-012	-1	0.000000E+000
