12	0.04211337	-1.516596E-012	-2.112602E-012	-1	0.000000E+000
12	0.04524569	-2.087834E-012	-1.569447E-012	0	0.000000E+000
12	0.07820482	-1.506567E-012	-2.209085E-012	-1	0.000000E+000
12	0.14164567	-2.093349E-012	-1.481876E-012	0	0.000000E+000
12	0.14316975	-1.481876E-012	-2.110450E-012	-1	0.000000E+000
12	0.20823677	-2.114284E-012	-1.509019E-012	0	0.000000E+000
12	0.22771680	-1.460666E-012	-2.171493E-012	-1	0.000000E+000
12	0.23380750	-2.216296E-012	-1.419787E-012	0	0.000000E+000
12	0.23481978	-1.524164E-012	-2.129169E-012	-1	0.000000E+000
12	0.23703877	-2.162192E-012	-1.427034E-012	0	0.000000E+000
12	0.23773170	-1.427034E-012	-2.221710E-012	-1	0.000000E+000
12	0.25993770	-2.206498E-012	-1.413527E-012	0	0.000000E+000
12	0.30749365	-1.484794E-012	-2.245460E-012	-1	0.000000E+000
12	0.54127500	-2.245460E-012	-1.483647E-012	0	0.000000E+000
12	0.54350052	-1.483647E-012	-2.307841E-012	-1	0.000000E+000
12	0.56105782	-2.108895E-012	-1.344433E-012	0	0.000000E+000
12	0.56306391	-1.427659E-012	-2.406413E-012	-1	0.000000E+000
12	0.56680032	-2.406413E-012	-1.581262E-012	0	0.000000E+000
12	0.57589285	-1.581262E-012	-2.433401E-012	-1	0.000000E+000
12	0.57640000	-2.433401E-012	-1.578252E-012	0	0.000000E+000
12	0.58644843	-1.741370E-012	-2.492044E-012	-1	0.000000E+000
12	0.59089458	-2.302157E-012	-1.373207E-012	0	0.000000E+000
12	0.63206567	-1.373207E-012	-2.182059E-012	-1	0.000000E+000
12	0.65163915	-1.952027E-012	-1.390724E-012	0	0.000000E+000
12	0.65362252	-1.390724E-012	-1.946417E-012	-1	0.000000E+000
12	0.65983948	-2.120591E-012	-1.484081E-012	0	0.000000E+000
12	0.66472880	-1.484081E-012	-2.108951E-012	-1	0.000000E+000
12	0.68058474	-2.152838E-012	-1.424638E-012	0	0.000000E+000
12	0.68685003	-1.410282E-012	-2.067062E-012	-1	0.000000E+000
12	0.69019063	-2.067062E-012	-1.433441E-012	0	0.000000E+000
12	0.74109411	-1.422048E-012	-1.946543E-012	-1	0.000000E+000
12	0.74315937	-1.905263E-012	-1.273887E-012	0	0.000000E+000
12	0.74402160	-1.273887E-012	-2.023329E-012	-1	0.000000E+000
12	0.76120713	-2.135848E-012	-1.328922E-012	0	0.000000E+000
12	0.78084166	-1.419955E-012	-2.141171E-012	-1	0.000000E+000
12	0.80532367	-2.081081E-012	-1.411333E-012	0	0.000000E+000
12	0.80868305	-1.411333E-012	-2.056989E-012	-1	0.000000E+000
12	0.81500555	-2.194922E-012	-1.475869E-012	0	0.000000E+000
12	0.82734848	-1.615484E-012	-2.357578E-012	-1	0.000000E+000
12	0.83257094	-2.425368E-012	-1.725760E-012	0	0.000000E+000
12	0.83325531	-1.725760E-012	-2.454415E-012	-1	0.000000E+000
12	0.85212500	-2.363600E-012	-1.657382E-012	0	0.000000E+000
12	0.86129533	-1.657382E-012	-2.226883E-012	-1	0.000000E+000
12	0.86441171	-2.278063E-012	-1.487001E-012	0	0.000000E+000
12	0.86964317	-1.487001E-012	-2.195406E-012	-1	0.000000E+000
12	0.87011315	-2.195406E-012	-1.461087E-012	0	0.000000E+000
12	0.88552525	-1.512322E-012	-2.263998E-012	-1	0.000000E+000
12	0.92577252	-2.263998E-012	-1.623120E-012	0	0.000000E+000
12	0.94359570	-1.496414E-012	-2.204694E-012	-1	0.000000E+000
12	0.97111209	-2.217115E-012	-1.535967E-012	0	0.000000E+000
12	0.97390000	-1.535967E-012	-2.138095E-012	-1	0.000000E+000
12	0.99732661	-2.138095E-012	-1.543037E-012	0	0.000000E+000
12	0.99807037	-1.543037E-012	-2.044348E-012	-1	0.000000E+000
12	1.01323768	-2.069116E-012	-1.448810E-012	0	0.000000E+000
12	1.02081582	-1.532716E-012	-2.182617E-012	-1	0.000000E+000
12	1.02257902	-2.182617E-012	-1.471294E-012	0	0.000000E+000
12	1.03440506	-1.456498E-012	-1.965182E-012	-1	0.000000E+000
12	1.04565982	-2.108731E-012	-1.499363E-012	0	0.000000E+000
12	1.07443349	-1.470796E-012	-2.010973E-012	-1	0.000000E+000
12	1.07911698	-2.071105E-012	-1.606040E-012	0	0.000000E+000
12	1.08022565	-1.748263E-012	-2.284310E-012	-1	0.000000E+000
12	1.11135000	-2.284310E-012	-1.711760E-012	0	0.000000E+000
12	1.13767277	-1.544065E-012	-2.269953E-012	-1	0.000000E+000
12	1.15472950	-2.091947E-012	-1.491172E-012	0	0.000000E+000
12	1.15576554	-1.587407E-012	-2.138837E-012	-1	0.000000E+000
12	1.15884905	-2.138837E-012	-1.427339E-012	0	0.000000E+000
12	1.16257975	-1.443851E-012	-2.027502E-012	-1	0.000000E+000
12	1.17801080	-2.348480E-012	-1.532894E-012	0	0.000000E+000
12	1.21828753	-1.520948E-012	-2.343754E-012	-1	0.000000E+000
12	1.25977496	-2.343754E-012	-1.541407E-012	0	0.000000E+000
12	1.28096432	-1.551895E-012	-2.317191E-012	-1	0.000000E+000
12	1.28628712	-2.317191E-012	-1.637980E-012	0	0.000000E+000
12	1.28695923	-1.637980E-012	-2.348674E-012	-1	0.000000E+000
12	1.33717500	-2.216580E-012	-1.446207E-012	0	0.000000E+000
12	1.34463179	-1.470110E-012	-2.057933E-012	-1	0.000000E+000
12	1.36157407	-1.932521E-012	-1.477525E-012	0	0.000000E+000
12	1.39819628	-1.514192E-012	-2.117585E-012	-1	0.000000E+000
12	1.39918470	-2.117585E-012	-1.481325E-012	0	0.000000E+000
12	1.40372984	-1.659463E-012	-2.361338E-012	-1	0.000000E+000
12	1.40540085	-2.358852E-012	-1.769727E-012	0	0.000000E+000
12	1.40585071	-1.769727E-012	-2.370049E-012	-1	0.000000E+000
12	1.40897686	-2.370049E-012	-1.641126E-012	0	0.000000E+000
12	1.41392421	-1.628029E-012	-2.335029E-012	-1	0.000000E+000
12	1.41504738	-2.335029E-012	-1.557549E-012	0	0.000000E+000
12	1.41711592	-1.585504E-012	-2.326175E-012	-1	0.000000E+000
12	1.41760008	-2.326175E-012	-1.557549E-012	0	0.000000E+000
12	1.45309531	-1.479168E-012	-2.334101E-012	-1	0.000000E+000
12	1.45544167	-2.121177E-012	-1.495313E-012	0	0.000000E+000
12	1.46064129	-1.556864E-012	-2.217838E-012	-1	0.000000E+000
12	1.47207086	-2.191766E-012	-1.483265E-012	0	0.000000E+000
12	1.47588081	-1.481828E-012	-2.102871E-012	-1	0.000000E+000
12	1.50320618	-2.222344E-012	-1.600558E-012	0	0.000000E+000
12	1.50443942	-1.613182E-012	-2.300494E-012	-1	0.000000E+000
12	1.50552141	-2.300494E-012	-1.744790E-012	0	0.000000E+000
12	1.50629918	-1.744790E-012	-2.414707E-012	-1	0.000000E+000
12	1.50718675	-2.414707E-012	-1.786070E-012	0	0.000000E+000
12	1.51293268	-1.611034E-012	-2.471720E-012	-1	0.000000E+000
12	1.54968343	-2.547319E-012	-1.849527E-012	0	0.000000E+000
12	1.55856038	-1.882584E-012	-2.557222E-012	-1	0.000000E+000
12	1.59610000	-2.697573E-012	-1.943401E-012	0	0.000000E+000
12	1.64116463	-1.943401E-012	-2.589371E-012	-1	0.000000E+000
12	1.64588667	-2.472245E-012	-1.849733E-012	0	0.000000E+000
12	1.66686526	-1.775450E-012	-2.515741E-012	-1	0.000000E+000
12	1.67045045	-2.515741E-012	-1.858307E-012	0	0.000000E+000
12	1.67968622	-1.797219E-012	-2.651633E-012	-1	0.000000E+000
12	1.68064446	-2.651633E-012	-1.906550E-012	0	0.000000E+000
12	1.68631462	-1.905144E-012	-2.687727E-012	-1	0.000000E+000
12	1.68974771	-2.555632E-012	-1.754743E-012	0	0.000000E+000
12	1.72658124	-1.845271E-012	-2.668264E-012	-1	0.000000E+000
12	1.72785863	-2.593960E-012	-1.821375E-012	0	0.000000E+000
12	1.74675726	-1.791846E-012	-2.435283E-012	-1	0.000000E+000
12	1.76587963	-2.448887E-012	-1.969236E-012	0	0.000000E+000
12	1.76741149	-1.960330E-012	-2.527230E-012	-1	0.000000E+000
12	1.77273600	-2.523990E-012	-1.935152E-012	0	0.000000E+000
12	1.79120755	-1.986735E-012	-2.711313E-012	-1	0.000000E+000
12	1.82027442	-2.711313E-012	-1.982875E-012	0	0.000000E+000
12	1.82905182	-1.926572E-012	-2.639325E-012	-1	0.000000E+000
12	1.85642414	-2.569403E-012	-1.980618E-012	0	0.000000E+000
12	1.85731444	-1.980618E-012	-2.489727E-012	-1	0.000000E+000
12	1.86276325	-2.522750E-012	-1.899554E-012	0	0.000000E+000
12	1.86505466	-1.900127E-012	-2.480162E-012	-1	0.000000E+000
12	1.88227500	-2.389347E-012	-1.519749E-012	0	0.000000E+000
12	1.88277500	-1.519749E-012	-2.320297E-012	-1	0.000000E+000
12	1.89481980	-2.217951E-012	-1.561965E-012	0	0.000000E+000
12	1.89613106	-1.561965E-012	-2.163957E-012	-1	0.000000E+000
12	1.91484564	-2.477749E-012	-1.603059E-012	0	0.000000E+000
12	2.14678525	-1.462023E-012	-2.194148E-012	-1	0.000000E+000
12	2.20496547	-2.208561E-012	-1.611596E-012	0	0.000000E+000
12	2.27169123	-1.573495E-012	-2.230379E-012	-1	0.000000E+000
12	2.27983656	-2.360900E-012	-1.632292E-012	0	0.000000E+000
12	2.28026008	-1.632292E-012	-2.519999E-012	-1	0.000000E+000
12	2.28925359	-2.515021E-012	-1.623250E-012	0	0.000000E+000
12	2.28989113	-1.623250E-012	-2.397803E-012	-1	0.000000E+000
12	2.29445783	-2.380147E-012	-1.549076E-012	0	0.000000E+000
12	2.31768371	-1.582996E-012	-2.264596E-012	-1	0.000000E+000
12	2.32050000	-2.264596E-012	-1.633489E-012	0	0.000000E+000
12	2.33947500	-1.633489E-012	-2.345640E-012	-1	0.000000E+000
12	2.36197717	-2.403918E-012	-1.707740E-012	0	0.000000E+000
12	2.36251158	-1.707740E-012	-2.411028E-012	-1	0.000000E+000
12	2.36665533	-2.435796E-012	-1.735196E-012	0	0.000000E+000
12	2.36860322	-1.735196E-012	-2.285381E-012	-1	0.000000E+000
12	2.38015275	-2.109619E-012	-1.484683E-012	0	0.000000E+000
12	2.42112855	-1.592154E-012	-2.314403E-012	-1	0.000000E+000
12	2.44804288	-2.334657E-012	-1.593239E-012	0	0.000000E+000
12	2.46683959	-1.564392E-012	-2.245100E-012	-1	0.000000E+000
12	2.47938890	-2.311136E-012	-1.554273E-012	0	0.000000E+000
12	2.48010316	-1.554273E-012	-2.241658E-012	-1	0.000000E+000
12	2.58842500	-2.216890E-012	-1.436354E-012	0	0.000000E+000
12	2.59001545	-1.436354E-012	-2.041478E-012	-1	0.000000E+000
12	2.60931319	-2.128827E-012	-1.429870E-012	0	0.000000E+000
12	2.62272071	-1.457689E-012	-1.968870E-012	-1	0.000000E+000
12	2.69476491	-2.075924E-012	-1.534344E-012	0	0.000000E+000
12	2.69588986	-1.527559E-012	-2.065493E-012	-1	0.000000E+000
12	2.70897728	-2.036743E-012	-1.421457E-012	0	0.000000E+000
12	2.71826382	-1.485787E-012	-2.164385E-012	-1	0.000000E+000
12	2.73600923	-2.071395E-012	-1.451379E-012	0	0.000000E+000
12	2.73680726	-1.451379E-012	-2.034516E-012	-1	0.000000E+000
12	2.74293118	-2.081417E-012	-1.416007E-012	0	0.000000E+000
12	2.80257616	-1.424431E-012	-2.131350E-012	-1	0.000000E+000
12	2.80892500	-2.057046E-012	-1.340833E-012	0	0.000000E+000
12	2.81525171	-1.366834E-012	-2.078632E-012	-1	0.000000E+000
12	2.83366705	-2.078632E-012	-1.470004E-012	0	0.000000E+000
12	2.86255986	-1.433832E-012	-2.145190E-012	-1	0.000000E+000
12	2.86662694	-2.145190E-012	-1.430739E-012	0	0.000000E+000
12	2.86711669	-1.430739E-012	-2.095685E-012	-1	0.000000E+000
12	2.89109248	-2.039769E-012	-1.482290E-012	0	0.000000E+000
12	2.93314735	-1.421889E-012	-2.129328E-012	-1	0.000000E+000
12	2.93829817	-2.117347E-012	-1.410626E-012	0	0.000000E+000
12	2.95103506	-1.435394E-012	-2.188946E-012	-1	0.000000E+000
12	2.95995723	-2.129287E-012	-1.398600E-012	0	0.000000E+000
12	2.96369585	-1.398600E-012	-2.191253E-012	-1	0.000000E+000
12	2.97397794	-2.078155E-012	-1.574998E-012	0	0.000000E+000
12	2.97656126	-1.574998E-012	-2.205008E-012	-1	0.000000E+000
12	3.05940310	-2.224685E-012	-1.360961E-012	0	0.000000E+000
12	3.06013395	-1.360961E-012	-2.076767E-012	-1	0.000000E+000
12	3.08193530	-2.218055E-012	-1.599424E-012	0	0.000000E+000
12	3.09838692	-1.538820E-012	-2.121636E-012	-1	0.000000E+000
12	3.18179414	-1.992656E-012	-1.404427E-012	0	0.000000E+000
12	3.18230000	-1.404427E-012	-2.019331E-012	-1	0.000000E+000
12	3.20805000	-2.068867E-012	-1.398581E-012	0	0.000000E+000
12	3.23966198	-1.372965E-012	-2.264858E-012	-1	0.000000E+000
12	3.24219157	-2.264858E-012	-1.479062E-012	0	0.000000E+000
12	3.24551642	-1.479062E-012	-2.105980E-012	-1	0.000000E+000
12	3.29782811	-2.128293E-012	-1.501801E-012	0	0.000000E+000
12	3.30035992	-1.483535E-012	-2.199598E-012	-1	0.000000E+000
12	3.31606511	-2.363142E-012	-1.470043E-012	0	0.000000E+000
12	3.35066901	-1.473648E-012	-2.076737E-012	-1	0.000000E+000
12	3.46509087	-2.251461E-012	-1.551418E-012	0	0.000000E+000
12	3.46555252	-1.551418E-012	-2.174654E-012	-1	0.000000E+000
12	3.46994032	-2.195510E-012	-1.504880E-012	0	0.000000E+000
12	3.49163694	-1.481418E-012	-1.979740E-012	-1	0.000000E+000
12	3.50392478	-2.169627E-012	-1.514306E-012	0	0.000000E+000
12	3.51486913	-1.493509E-012	-2.303072E-012	-1	0.000000E+000
12	3.57237144	-2.323945E-012	-1.545342E-012	0	0.000000E+000
12	3.57295993	-1.545342E-012	-2.283559E-012	-1	0.000000E+000
12	3.58768432	-2.108922E-012	-1.533554E-012	0	0.000000E+000
12	3.59670777	-1.542000E-012	-2.216879E-012	-1	0.000000E+000
12	3.60059860	-2.086129E-012	-1.471078E-012	0	0.000000E+000
12	3.60818039	-1.388156E-012	-2.085570E-012	-1	0.000000E+000
12	3.60964562	-2.015069E-012	-1.541250E-012	0	0.000000E+000
12	3.61047763	-1.541250E-012	-2.105598E-012	-1	0.000000E+000
12	3.62408644	-2.163905E-012	-1.430642E-012	0	0.000000E+000
12	3.62706623	-1.430642E-012	-2.090052E-012	-1	0.000000E+000
12	3.63539068	-2.124948E-012	-1.415281E-012	0	0.000000E+000
12	3.65894867	-1.437812E-012	-2.185869E-012	-1	0.000000E+000
12	3.66422500	-2.185869E-012	-1.549777E-012	0	0.000000E+000
12	3.70938131	-1.467031E-012	-2.021716E-012	-1	0.000000E+000
12	3.71172764	-2.021716E-012	-1.487082E-012	0	0.000000E+000
12	3.71409187	-1.495338E-012	-2.093216E-012	-1	0.000000E+000
12	3.71623515	-1.986819E-012	-1.445230E-012	0	0.000000E+000
12	3.73187791	-1.480842E-012	-2.204817E-012	-1	0.000000E+000
12	3.73437500	-2.204817E-012	-1.344114E-012	0	0.000000E+000
12	3.73573452	-1.344114E-012	-2.223742E-012	-1	0.000000E+000
12	3.74382035	-2.243311E-012	-1.632545E-012	0	0.000000E+000
12	3.74529053	-1.632545E-012	-2.188667E-012	-1	0.000000E+000
12	3.77532349	-2.280388E-012	-1.655196E-012	0	0.000000E+000
12	3.77688981	-1.655196E-012	-2.249260E-012	-1	0.000000E+000
12	3.82760789	-2.168718E-012	-1.537985E-012	0	0.000000E+000
12	3.83887926	-1.497338E-012	-2.253339E-012	-1	0.000000E+000
12	3.84818717	-2.292880E-012	-1.554859E-012	0	0.000000E+000
12	3.84974509	-1.539892E-012	-2.063767E-012	-1	0.000000E+000
12	3.85534781	-2.007877E-012	-1.514149E-012	0	0.000000E+000
12	3.88462772	-1.430564E-012	-2.169160E-012	-1	0.000000E+000
12	3.90919873	-2.182279E-012	-1.406681E-012	0	0.000000E+000
12	3.91095032	-1.425509E-012	-2.112678E-012	-1	0.000000E+000
12	3.99980304	-2.249403E-012	-1.406081E-012	0	0.000000E+000
12	4.00369451	-1.406081E-012	-2.129538E-012	-1	0.000000E+000
12	4.05374975	-2.086587E-012	-1.544203E-012	0	0.000000E+000
12	4.05421678	-1.544203E-012	-2.089938E-012	-1	0.000000E+000
12	4.06547492	-2.143229E-012	-1.375454E-012	0	0.000000E+000
12	4.07629498	-1.411168E-012	-2.143136E-012	-1	0.000000E+000
12	4.08070886	-2.080175E-012	-1.428905E-012	0	0.000000E+000
12	4.08392341	-1.428905E-012	-2.017632E-012	-1	0.000000E+000
12	4.15896868	-1.988729E-012	-1.442843E-012	0	0.000000E+000
12	4.16707330	-1.467013E-012	-2.101553E-012	-1	0.000000E+000
12	4.17545163	-2.084554E-012	-1.333613E-012	0	0.000000E+000
12	4.17597500	-1.333613E-012	-2.087073E-012	-1	0.000000E+000
12	4.18407500	-2.054049E-012	-1.166755E-012	0	0.000000E+000
12	4.18457500	-1.166755E-012	-2.082557E-012	-1	0.000000E+000
12	4.20602207	-2.241770E-012	-1.414706E-012	0	0.000000E+000
12	4.21381602	-1.386783E-012	-2.074211E-012	-1	0.000000E+000
12	4.24386285	-2.113414E-012	-1.531046E-012	0	0.000000E+000
12	4.26698028	-1.424966E-012	-1.955204E-012	-1	0.000000E+000
12	4.29050664	-1.955204E-012	-1.443733E-012	0	0.000000E+000
12	4.30749162	-1.398514E-012	-2.045713E-012	-1	0.000000E+000
12	4.31696565	-2.096840E-012	-1.316205E-012	0	0.000000E+000
12	4.31966761	-1.316205E-012	-2.009971E-012	-1	0.000000E+000
12	4.34369062	-2.055346E-012	-1.414309E-012	0	0.000000E+000
12	4.37751016	-1.447216E-012	-2.115658E-012	-1	0.000000E+000
12	4.38172056	-2.103527E-012	-1.326011E-012	0	0.000000E+000
12	4.38467950	-1.326011E-012	-2.021848E-012	-1	0.000000E+000
12	4.42612844	-2.011879E-012	-1.388686E-012	0	0.000000E+000
12	4.45085173	-1.447198E-012	-2.172857E-012	-1	0.000000E+000
12	4.48923867	-2.115814E-012	-1.617626E-012	0	0.000000E+000
12	4.49194065	-1.685883E-012	-2.195969E-012	-1	0.000000E+000
12	4.49771415	-2.153700E-012	-1.478243E-012	0	0.000000E+000
12	4.51514807	-1.460387E-012	-2.170773E-012	-1	0.000000E+000
12	4.53330528	-2.223168E-012	-1.424235E-012	0	0.000000E+000
12	4.54205658	-1.483383E-012	-2.306005E-012	-1	0.000000E+000
12	4.54268501	-2.306005E-012	-1.400976E-012	0	0.000000E+000
12	4.54926795	-1.448735E-012	-1.992296E-012	-1	0.000000E+000
12	4.55269736	-2.033576E-012	-1.460702E-012	0	0.000000E+000
12	4.55777755	-1.542957E-012	-2.218910E-012	-1	0.000000E+000
12	4.59970530	-2.128095E-012	-1.487365E-012	0	0.000000E+000
12	4.64329221	-1.489021E-012	-2.166242E-012	-1	0.000000E+000
12	4.65069808	-2.178539E-012	-1.565355E-012	0	0.000000E+000
12	4.65289789	-1.499308E-012	-2.200964E-012	-1	0.000000E+000
12	4.66504355	-2.030599E-012	-1.456851E-012	0	0.000000E+000
12	4.67389670	-1.449797E-012	-2.052176E-012	-1	0.000000E+000
12	4.67828769	-2.052176E-012	-1.415635E-012	0	0.000000E+000
12	4.67882690	-1.415635E-012	-2.015152E-012	-1	0.000000E+000
12	4.68609794	-2.030954E-012	-1.382827E-012	0	0.000000E+000
12	4.71471530	-1.432531E-012	-1.965330E-012	-1	0.000000E+000
12	4.72634046	-2.117035E-012	-1.512669E-012	0	0.000000E+000
12	4.74982432	-1.466582E-012	-2.316821E-012	-1	0.000000E+000
12	4.78995374	-2.110630E-012	-1.417291E-012	0	0.000000E+000
12	4.80304277	-1.207830E-012	-2.015869E-012	-1	0.000000E+000
12	4.86094681	-2.155270E-012	-1.248363E-012	0	0.000000E+000
12	4.86216284	-1.386172E-012	-2.083541E-012	-1	0.000000E+000
12	4.87358752	-2.422034E-012	-1.639134E-012	0	0.000000E+000
12	4.87919270	-1.571513E-012	-2.293938E-012	-1	0.000000E+000
12	4.96186582	-2.322304E-012	-1.670405E-012	0	0.000000E+000
12	4.96235000	-1.670405E-012	-2.447898E-012	-1	0.000000E+000
12	4.96888861	-2.271685E-012	-1.665318E-012	0	0.000000E+000
12	4.97735488	-1.739697E-012	-2.345030E-012	-1	0.000000E+000
12	4.99230000	-2.229447E-012	-1.489272E-012	0	0.000000E+000
12	4.99306037	-1.489272E-012	-2.182239E-012	-1	0.000000E+000
12	5.00797059	-2.297822E-012	-1.670963E-012	0	0.000000E+000
12	5.01148219	-1.670963E-012	-2.432184E-012	-1	0.000000E+000
12	5.03153137	-2.489561E-012	-1.554322E-012	0	0.000000E+000
12	5.08209334	-1.616766E-012	-2.330241E-012	-1	0.000000E+000
12	5.08427782	-2.330241E-012	-1.388865E-012	0	0.000000E+000
12	5.08970948	-1.388865E-012	-2.124643E-012	-1	0.000000E+000
12	5.09910086	-2.289656E-012	-1.457932E-012	0	0.000000E+000
12	5.47129896	-1.482700E-012	-2.352439E-012	-1	0.000000E+000
12	5.47362116	-2.352439E-012	-1.604862E-012	0	0.000000E+000
12	5.48169521	-1.594323E-012	-2.265780E-012	-1	0.000000E+000
12	5.48973668	-2.126989E-012	-1.553763E-012	0	0.000000E+000
12	5.49474968	-1.439047E-012	-2.088173E-012	-1	0.000000E+000
12	5.50785121	-2.088173E-012	-1.500754E-012	0	0.000000E+000
12	5.50880828	-1.500754E-012	-2.112955E-012	-1	0.000000E+000
12	5.51829745	-2.065476E-012	-1.425607E-012	0	0.000000E+000
12	5.51965046	-1.491241E-012	-2.064965E-012	-1	0.000000E+000
12	5.52974327	-2.083745E-012	-1.525610E-012	0	0.000000E+000
12	5.53027171	-1.525610E-012	-2.053581E-012	-1	0.000000E+000
12	5.55494147	-2.128584E-012	-1.491819E-012	0	0.000000E+000
12	5.55628073	-1.625672E-012	-2.128450E-012	-1	0.000000E+000
12	5.56460634	-2.128450E-012	-1.537876E-012	0	0.000000E+000
12	5.56833682	-1.537876E-012	-2.075293E-012	-1	0.000000E+000
12	5.58001939	-2.047738E-012	-1.498255E-012	0	0.000000E+000
12	5.58053552	-1.498255E-012	-2.106254E-012	-1	0.000000E+000
12	5.60446098	-2.164045E-012	-1.636600E-012	0	0.000000E+000
12	5.62630749	-1.602904E-012	-2.207603E-012	-1	0.000000E+000
12	5.63885000	-2.265394E-012	-1.561897E-012	0	0.000000E+000
12	5.65367274	-1.605049E-012	-2.279620E-012	-1	0.000000E+000
12	5.67373483	-2.228173E-012	-1.472448E-012	0	0.000000E+000
12	5.68196730	-1.557281E-012	-2.270656E-012	-1	0.000000E+000
12	5.69238800	-2.138597E-012	-1.486443E-012	0	0.000000E+000
12	5.71311840	-1.357051E-012	-2.034938E-012	-1	0.000000E+000
12	5.71853779	-2.082077E-012	-1.302441E-012	0	0.000000E+000
12	5.71905000	-1.302441E-012	-2.123887E-012	-1	0.000000E+000
12	5.74308543	-2.156911E-012	-1.556708E-012	0	0.000000E+000
12	5.74456258	-1.602573E-012	-2.234521E-012	-1	0.000000E+000
12	5.80882259	-2.345438E-012	-1.667698E-012	0	0.000000E+000
12	5.83657301	-1.636891E-012	-2.373236E-012	-1	0.000000E+000
12	5.84276485	-2.290677E-012	-1.672630E-012	0	0.000000E+000
12	5.84565891	-1.672630E-012	-2.168863E-012	-1	0.000000E+000
12	5.85578511	-2.102850E-012	-1.549136E-012	0	0.000000E+000
12	5.85645910	-1.549136E-012	-2.216814E-012	-1	0.000000E+000
12	5.87171822	-2.339041E-012	-1.724505E-012	0	0.000000E+000
12	5.87274295	-1.724505E-012	-2.484705E-012	-1	0.000000E+000
12	5.90088147	-2.511505E-012	-1.772503E-012	0	0.000000E+000
12	5.90146453	-1.772503E-012	-2.308861E-012	-1	0.000000E+000
12	5.92583693	-2.228716E-012	-1.498712E-012	0	0.000000E+000
12	5.95708865	-1.669744E-012	-2.316798E-012	-1	0.000000E+000
12	5.96666895	-2.312301E-012	-1.566392E-012	0	0.000000E+000
12	5.96723016	-1.566392E-012	-2.210446E-012	-1	0.000000E+000
12	5.97572309	-2.231798E-012	-1.642400E-012	0	0.000000E+000
12	5.98998394	-1.529565E-012	-2.369986E-012	-1	0.000000E+000
12	5.99055742	-2.369986E-012	-1.437472E-012	0	0.000000E+000
12	6.00273139	-1.377871E-012	-2.068459E-012	-1	0.000000E+000
12	6.01483172	-2.089038E-012	-1.368003E-012	0	0.000000E+000
12	6.01976301	-1.381779E-012	-2.117064E-012	-1	0.000000E+000
12	6.02916620	-2.146202E-012	-1.337209E-012	0	0.000000E+000
12	6.05364649	-1.374874E-012	-2.140657E-012	-1	0.000000E+000
12	6.13057811	-2.515875E-012	-1.757216E-012	0	0.000000E+000
12	6.13244771	-1.828444E-012	-2.456852E-012	-1	0.000000E+000
12	6.14330388	-2.346306E-012	-1.799464E-012	0	0.000000E+000
12	6.14450341	-1.799464E-012	-2.460780E-012	-1	0.000000E+000
12	6.16432151	-2.449827E-012	-1.484770E-012	0	0.000000E+000
12	6.27223428	-1.471016E-012	-2.233914E-012	-1	0.000000E+000
12	6.29817500	-2.233914E-012	-1.408737E-012	0	0.000000E+000
12	6.30179352	-1.408737E-012	-2.057103E-012	-1	0.000000E+000
12	6.31222880	-2.115452E-012	-1.497011E-012	0	0.000000E+000
12	6.31265126	-1.497011E-012	-2.165304E-012	-1	0.000000E+000
12	6.31822541	-2.085564E-012	-1.463152E-012	0	0.000000E+000
12	6.32889515	-1.491486E-012	-2.061541E-012	-1	0.000000E+000
12	6.33183316	-2.061541E-012	-1.511780E-012	0	0.000000E+000
12	6.34405847	-1.535565E-012	-2.097779E-012	-1	0.000000E+000
12	6.35699523	-2.097822E-012	-1.512227E-012	0	0.000000E+000
12	6.35750000	-1.512227E-012	-2.172304E-012	-1	0.000000E+000
12	6.35970726	-2.097824E-012	-1.532352E-012	0	0.000000E+000
12	6.37167895	-1.628335E-012	-2.270880E-012	-1	0.000000E+000
12	6.40544946	-2.244504E-012	-1.598797E-012	0	0.000000E+000
12	6.41011692	-1.626372E-012	-2.307960E-012	-1	0.000000E+000
12	6.42710466	-2.273561E-012	-1.608118E-012	0	0.000000E+000
12	6.42749458	-1.608118E-012	-2.193120E-012	-1	0.000000E+000
12	6.44445048	-2.225420E-012	-1.468826E-012	0	0.000000E+000
12	6.47615301	-1.526197E-012	-2.139423E-012	-1	0.000000E+000
12	6.49758605	-2.147123E-012	-1.565404E-012	0	0.000000E+000
12	6.50915819	-1.518632E-012	-2.260711E-012	-1	0.000000E+000
12	6.55841345	-2.178152E-012	-1.456238E-012	0	0.000000E+000
12	6.56102062	-1.456238E-012	-2.179537E-012	-1	0.000000E+000
12	6.56996449	-2.303355E-012	-1.614329E-012	0	0.000000E+000
12	6.57154808	-1.614329E-012	-2.431488E-012	-1	0.000000E+000
12	6.58761202	-2.428631E-012	-1.564638E-012	0	0.000000E+000
12	6.59760464	-1.533056E-012	-2.245161E-012	-1	0.000000E+000
12	6.60669440	-2.236665E-012	-1.545192E-012	0	0.000000E+000
12	6.60789586	-1.545192E-012	-2.171497E-012	-1	0.000000E+000
12	6.62772779	-2.245800E-012	-1.500888E-012	0	0.000000E+000
12	6.62848031	-1.500888E-012	-2.224296E-012	-1	0.000000E+000
12	6.64862133	-2.091758E-012	-1.371934E-012	0	0.000000E+000
12	6.65821152	-1.387429E-012	-2.045065E-012	-1	0.000000E+000
12	6.66138327	-2.135880E-012	-1.545449E-012	0	0.000000E+000
12	6.70224723	-1.715759E-012	-2.460402E-012	-1	0.000000E+000
12	6.70343593	-2.408837E-012	-1.762252E-012	0	0.000000E+000
12	6.71156647	-1.810676E-012	-2.566982E-012	-1	0.000000E+000
12	6.71458260	-2.666053E-012	-1.619771E-012	0	0.000000E+000
12	6.71616400	-1.646290E-012	-2.292514E-012	-1	0.000000E+000
12	6.72229523	-2.292514E-012	-1.565487E-012	0	0.000000E+000
12	6.74691963	-1.617719E-012	-2.383672E-012	-1	0.000000E+000
12	6.75792500	-2.383672E-012	-1.640125E-012	0	0.000000E+000
12	6.75908344	-1.640125E-012	-2.378065E-012	-1	0.000000E+000
12	6.78714360	-2.378065E-012	-1.793545E-012	0	0.000000E+000
12	6.78854098	-1.793545E-012	-2.328479E-012	-1	0.000000E+000
12	6.80168345	-2.596962E-012	-1.807182E-012	0	0.000000E+000
12	6.82829300	-1.828177E-012	-2.474859E-012	-1	0.000000E+000
12	6.83632056	-2.474859E-012	-1.738687E-012	0	0.000000E+000
12	6.83670572	-1.738687E-012	-2.448429E-012	-1	0.000000E+000
12	6.84710752	-2.359039E-012	-1.697540E-012	0	0.000000E+000
12	6.87677500	-1.697540E-012	-2.281197E-012	-1	0.000000E+000
12	6.89011889	-2.277756E-012	-1.744188E-012	0	0.000000E+000
12	6.89367998	-1.744188E-012	-2.335698E-012	-1	0.000000E+000
12	6.91323640	-2.335698E-012	-1.765527E-012	0	0.000000E+000
12	6.93755095	-1.819633E-012	-2.639071E-012	-1	0.000000E+000
12	6.93847093	-2.639071E-012	-1.648625E-012	0	0.000000E+000
12	6.93998099	-1.668754E-012	-2.363182E-012	-1	0.000000E+000
12	6.97504440	-2.517899E-012	-1.786218E-012	0	0.000000E+000
12	6.98841071	-1.676746E-012	-2.340770E-012	-1	0.000000E+000
12	7.01409024	-2.394481E-012	-1.820516E-012	0	0.000000E+000
12	7.01868587	-1.781969E-012	-2.414091E-012	-1	0.000000E+000
12	7.02179738	-2.381067E-012	-1.702405E-012	0	0.000000E+000
12	7.03133591	-1.805527E-012	-2.566340E-012	-1	0.000000E+000
12	7.08425634	-2.409477E-012	-1.626112E-012	0	0.000000E+000
12	7.08494870	-1.626112E-012	-2.403432E-012	-1	0.000000E+000
12	7.12930147	-2.364347E-012	-1.726615E-012	0	0.000000E+000
12	7.20138195	-1.542491E-012	-2.165652E-012	-1	0.000000E+000
12	7.20165076	-2.165652E-012	-1.500807E-012	0	0.000000E+000
12	7.24418499	-1.545761E-012	-2.104108E-012	-1	0.000000E+000
12	7.25825969	-2.055199E-012	-1.411300E-012	0	0.000000E+000
12	7.25922479	-1.411300E-012	-2.055517E-012	-1	0.000000E+000
12	7.26681643	-2.103173E-012	-1.426060E-012	0	0.000000E+000
12	7.27678763	-1.457834E-012	-2.115412E-012	-1	0.000000E+000
12	7.27900755	-2.026899E-012	-1.364192E-012	0	0.000000E+000
12	7.29046540	-1.484534E-012	-2.123208E-012	-1	0.000000E+000
12	7.30723477	-2.310641E-012	-1.608892E-012	0	0.000000E+000
12	7.31053418	-1.633660E-012	-2.304103E-012	-1	0.000000E+000
12	7.32735865	-2.233091E-012	-1.550401E-012	0	0.000000E+000
12	7.32794740	-1.550401E-012	-2.235981E-012	-1	0.000000E+000
12	7.33032223	-2.235981E-012	-1.391347E-012	0	0.000000E+000
12	7.33713777	-1.436957E-012	-2.179356E-012	-1	0.000000E+000
12	7.40003170	-2.286683E-012	-1.574956E-012	0	0.000000E+000
12	7.40929860	-1.670262E-012	-2.337459E-012	-1	0.000000E+000
12	7.41654253	-2.270388E-012	-1.544779E-012	0	0.000000E+000
12	7.42028585	-1.495243E-012	-2.260960E-012	-1	0.000000E+000
12	7.46141883	-2.169326E-012	-1.479601E-012	0	0.000000E+000
12	7.48480000	-1.479601E-012	-2.175593E-012	-1	0.000000E+000
12	7.51268567	-2.148718E-012	-1.550702E-012	0	0.000000E+000
12	7.51405368	-1.605427E-012	-2.228642E-012	-1	0.000000E+000
12	7.52136324	-2.127214E-012	-1.541757E-012	0	0.000000E+000
12	7.52778263	-1.514215E-012	-2.155942E-012	-1	0.000000E+000
12	7.56449557	-2.266820E-012	-1.497236E-012	0	0.000000E+000
12	7.56541396	-1.497236E-012	-2.416877E-012	-1	0.000000E+000
12	7.57189878	-2.424406E-012	-1.717972E-012	0	0.000000E+000
12	7.59914867	-1.654233E-012	-2.264947E-012	-1	0.000000E+000
12	7.60321639	-2.274261E-012	-1.538469E-012	0	0.000000E+000
12	7.60421110	-1.538469E-012	-2.217907E-012	-1	0.000000E+000
12	7.63313610	-2.171658E-012	-1.427174E-012	0	0.000000E+000
12	7.63361571	-1.427174E-012	-2.008125E-012	-1	0.000000E+000
12	7.64548900	-1.987792E-012	-1.376454E-012	0	0.000000E+000
12	7.64616317	-1.376454E-012	-2.133614E-012	-1	0.000000E+000
12	7.67782949	-2.144481E-012	-1.657571E-012	0	0.000000E+000
12	7.67900063	-1.714801E-012	-2.355800E-012	-1	0.000000E+000
12	7.67970407	-2.355800E-012	-1.676806E-012	0	0.000000E+000
12	7.68350455	-1.676806E-012	-2.275299E-012	-1	0.000000E+000
12	7.77298767	-2.144869E-012	-1.602672E-012	0	0.000000E+000
12	7.83167342	-1.636079E-012	-2.312071E-012	-1	0.000000E+000
12	7.83522708	-2.270792E-012	-1.507746E-012	0	0.000000E+000
12	7.85245874	-1.697836E-012	-2.588682E-012	-1	0.000000E+000
12	7.85453765	-2.588682E-012	-1.675866E-012	0	0.000000E+000
12	7.85818854	-1.675866E-012	-2.379336E-012	-1	0.000000E+000
12	7.86030360	-2.379336E-012	-1.575994E-012	0	0.000000E+000
12	7.86276088	-1.575994E-012	-2.281193E-012	-1	0.000000E+000
12	7.90812735	-2.305961E-012	-1.711868E-012	0	0.000000E+000
12	7.91227112	-1.711868E-012	-2.363132E-012	-1	0.000000E+000
12	7.91433020	-2.363132E-012	-1.695332E-012	0	0.000000E+000
12	7.91470019	-1.695332E-012	-2.098734E-012	-1	0.000000E+000
12	7.91980321	-2.094841E-012	-1.571312E-012	0	0.000000E+000
12	7.92052258	-1.571312E-012	-2.221424E-012	-1	0.000000E+000
12	7.95862797	-2.320294E-012	-1.679425E-012	0	0.000000E+000
12	7.95915755	-1.679425E-012	-2.258731E-012	-1	0.000000E+000
12	7.98103610	-2.169001E-012	-1.488282E-012	0	0.000000E+000
12	7.98243355	-1.488282E-012	-2.123180E-012	-1	0.000000E+000
12	7.99566268	-2.313066E-012	-1.639540E-012	0	0.000000E+000
12	8.05267437	-1.611042E-012	-2.244398E-012	-1	0.000000E+000
12	8.06085928	-2.295831E-012	-1.757295E-012	0	0.000000E+000
12	8.06372662	-1.806831E-012	-2.210999E-012	-1	0.000000E+000
12	8.08233105	-2.392258E-012	-1.652785E-012	0	0.000000E+000
12	8.08403403	-1.685556E-012	-2.298251E-012	-1	0.000000E+000
12	8.09289777	-2.229882E-012	-1.644199E-012	0	0.000000E+000
12	8.11341219	-1.736813E-012	-2.506424E-012	-1	0.000000E+000
12	8.13726847	-2.374276E-012	-1.701258E-012	0	0.000000E+000
12	8.13790340	-1.701258E-012	-2.488521E-012	-1	0.000000E+000
12	8.15526068	-2.306891E-012	-1.647921E-012	0	0.000000E+000
12	8.19479558	-1.829552E-012	-2.777683E-012	-1	0.000000E+000
12	8.21517609	-2.521749E-012	-1.790242E-012	0	0.000000E+000
12	8.21776098	-1.845539E-012	-2.587828E-012	-1	0.000000E+000
12	8.24153955	-2.578540E-012	-1.768362E-012	0	0.000000E+000
12	8.24662249	-1.754203E-012	-2.395487E-012	-1	0.000000E+000
12	8.26932574	-2.395487E-012	-1.781062E-012	0	0.000000E+000
12	8.28558871	-1.812727E-012	-2.528820E-012	-1	0.000000E+000
12	8.29114345	-2.528820E-012	-1.818299E-012	0	0.000000E+000
12	8.29946455	-1.719641E-012	-2.387547E-012	-1	0.000000E+000
12	8.32726822	-2.400974E-012	-1.619688E-012	0	0.000000E+000
12	8.32775235	-1.619688E-012	-2.154717E-012	-1	0.000000E+000
12	8.39115650	-2.237463E-012	-1.638701E-012	0	0.000000E+000
12	8.39165000	-1.638701E-012	-2.284128E-012	-1	0.000000E+000
12	8.39570141	-2.284128E-012	-1.551999E-012	0	0.000000E+000
12	8.39630096	-1.551999E-012	-2.080884E-012	-1	0.000000E+000
12	8.41109737	-1.946597E-012	-1.316215E-012	0	0.000000E+000
12	8.57275169	-1.460200E-012	-2.213724E-012	-1	0.000000E+000
12	8.67469061	-2.149804E-012	-1.472759E-012	0	0.000000E+000
12	8.67518723	-1.472759E-012	-2.065198E-012	-1	0.000000E+000
12	8.68231119	-2.197127E-012	-1.609366E-012	0	0.000000E+000
12	8.71454206	-1.573873E-012	-2.089947E-012	-1	0.000000E+000
12	8.74872025	-2.335270E-012	-1.577928E-012	0	0.000000E+000
12	8.75050318	-1.577928E-012	-2.223538E-012	-1	0.000000E+000
12	8.77361398	-2.155483E-012	-1.566597E-012	0	0.000000E+000
12	8.95779300	-1.541829E-012	-2.192417E-012	-1	0.000000E+000
12	9.04295000	-2.068578E-012	-1.338605E-012	0	0.000000E+000
12	9.88306639	-1.435977E-012	-2.019728E-012	-1	0.000000E+000
12	10.06052644	-1.929957E-012	-1.384533E-012	0	0.000000E+000
12	10.07070254	-1.348307E-012	-2.030211E-012	-1	0.000000E+000
12	10.17172315	-1.916665E-012	-1.376928E-012	0	0.000000E+000
12	10.17224859	-1.376928E-012	-1.949807E-012	-1	0.000000E+000
12	10.30336870	-1.952588E-012	-1.401748E-012	0	0.000000E+000
12	10.31095691	-1.441565E-012	-2.014038E-012	-1	0.000000E+000
12	10.64918289	-2.039814E-012	-1.405811E-012	0	0.000000E+000
12	10.65364082	-1.405811E-012	-1.953163E-012	-1	0.000000E+000
12	10.75498310	-1.865132E-012	-1.301975E-012	0	0.000000E+000
12	10.75550000	-1.301975E-012	-1.957703E-012	-1	0.000000E+000
12	10.81481150	-1.927344E-012	-1.279777E-012	0	0.000000E+000
12	10.81530000	-1.279777E-012	-1.839273E-012	-1	0.000000E+000
12	11.00856947	-2.000579E-012	-1.433870E-012	0	0.000000E+000
12	11.01139222	-1.578157E-012	-2.277439E-012	-1	0.000000E+000
12	11.38395000	-2.079297E-012	-1.319745E-012	0	0.000000E+000
12	11.38445000	-1.319745E-012	-2.022671E-012	-1	0.000000E+000
12	11.43155997	-1.970983E-012	-1.368675E-012	0	0.000000E+000
12	11.43207500	-1.368675E-012	-1.940936E-012	-1	0.000000E+000
12	11.53290094	-1.881187E-012	-1.304552E-012	0	0.000000E+000
12	11.53334601	-1.304552E-012	-1.958311E-012	-1	0.000000E+000
12	11.62605376	-1.818702E-012	-1.254471E-012	0	0.000000E+000
12	11.62654106	-1.254471E-012	-1.951900E-012	-1	0.000000E+000
12	11.72405205	-1.976999E-012	-1.390618E-012	0	0.000000E+000
12	11.75802996	-1.432627E-012	-2.004146E-012	-1	0.000000E+000
12	11.77651245	-2.156993E-012	-1.484546E-012	0	0.000000E+000
12	11.77822373	-1.484546E-012	-2.097512E-012	-1	0.000000E+000
12	11.78275761	-2.163560E-012	-1.453729E-012	0	0.000000E+000
12	11.79343614	-1.483073E-012	-2.059458E-012	-1	0.000000E+000
12	11.79380649	-2.059458E-012	-1.425090E-012	0	0.000000E+000
12	11.79636065	-1.425090E-012	-2.059059E-012	-1	0.000000E+000
12	11.82710819	-2.251159E-012	-1.477658E-012	0	0.000000E+000
12	11.83539230	-1.483046E-012	-2.048358E-012	-1	0.000000E+000
12	11.83587500	-2.048358E-012	-1.483184E-012	0	0.000000E+000
12	11.88010741	-1.444572E-012	-2.111415E-012	-1	0.000000E+000
12	11.88049029	-2.111415E-012	-1.429472E-012	0	0.000000E+000
12	11.89393886	-1.454257E-012	-2.064549E-012	-1	0.000000E+000
12	11.90236564	-1.997927E-012	-1.467406E-012	0	0.000000E+000
12	11.92622250	-1.530333E-012	-2.316325E-012	-1	0.000000E+000
12	11.95399067	-2.159463E-012	-1.344470E-012	0	0.000000E+000
12	11.95507227	-1.355829E-012	-1.955600E-012	-1	0.000000E+000
12	11.96122932	-2.028900E-012	-1.336047E-012	0	0.000000E+000
12	11.96175000	-1.336047E-012	-2.107386E-012	-1	0.000000E+000
12	11.97850000	-2.421111E-012	-1.564256E-012	0	0.000000E+000
12	12.02641665	-1.388491E-012	-2.095375E-012	-1	0.000000E+000
12	12.02985546	-2.095375E-012	-1.360730E-012	0	0.000000E+000
12	12.03643852	-1.522951E-012	-2.268757E-012	-1	0.000000E+000
12	12.04783026	-2.173192E-012	-1.426060E-012	0	0.000000E+000
12	12.06042144	-1.357243E-012	-2.237329E-012	-1	0.000000E+000
12	12.08264301	-2.237329E-012	-1.431192E-012	0	0.000000E+000
12	12.10907501	-1.429360E-012	-2.126172E-012	-1	0.000000E+000
12	12.12944491	-2.246040E-012	-1.492606E-012	0	0.000000E+000
12	12.13088011	-1.492606E-012	-2.290882E-012	-1	0.000000E+000
12	12.14372780	-2.196928E-012	-1.300085E-012	0	0.000000E+000
12	12.14491923	-1.300085E-012	-2.151639E-012	-1	0.000000E+000
12	12.15447320	-1.998435E-012	-1.394913E-012	0	0.000000E+000
12	12.15776864	-1.419680E-012	-2.055670E-012	-1	0.000000E+000
12	12.15891616	-1.947384E-012	-1.457809E-012	0	0.000000E+000
12	12.16532872	-1.382875E-012	-1.978313E-012	-1	0.000000E+000
12	12.18148738	-2.180836E-012	-1.365102E-012	0	0.000000E+000
12	12.18509151	-1.365102E-012	-2.172684E-012	-1	0.000000E+000
12	12.20186814	-2.193649E-012	-1.483063E-012	0	0.000000E+000
12	12.21172694	-1.407549E-012	-2.195393E-012	-1	0.000000E+000
12	12.21942926	-2.104304E-012	-1.370080E-012	0	0.000000E+000
12	12.22227044	-1.370080E-012	-2.045027E-012	-1	0.000000E+000
12	12.24132898	-2.086593E-012	-1.478702E-012	0	0.000000E+000
12	12.24194702	-1.478702E-012	-2.176853E-012	-1	0.000000E+000
12	12.25251517	-2.252769E-012	-1.439952E-012	0	0.000000E+000
12	12.27059143	-1.459798E-012	-2.274425E-012	-1	0.000000E+000
12	12.27354390	-2.274425E-012	-1.467275E-012	0	0.000000E+000
12	12.27812565	-1.467275E-012	-2.220200E-012	-1	0.000000E+000
12	12.30660745	-2.209963E-012	-1.507062E-012	0	0.000000E+000
12	12.31241713	-1.472071E-012	-2.187019E-012	-1	0.000000E+000
12	12.34913711	-2.187019E-012	-1.476692E-012	0	0.000000E+000
12	12.35927014	-1.352722E-012	-2.033507E-012	-1	0.000000E+000
12	12.39035000	-2.033507E-012	-1.351915E-012	0	0.000000E+000
12	12.39482702	-1.351915E-012	-2.223148E-012	-1	0.000000E+000
12	12.39600471	-2.223148E-012	-1.407202E-012	0	0.000000E+000
12	12.39863602	-1.407202E-012	-1.973087E-012	-1	0.000000E+000
12	12.39899824	-1.973087E-012	-1.407695E-012	0	0.000000E+000
12	12.40218110	-1.407695E-012	-2.075995E-012	-1	0.000000E+000
12	12.40752101	-2.135732E-012	-1.541768E-012	0	0.000000E+000
12	12.40803297	-1.541768E-012	-2.029227E-012	-1	0.000000E+000
12	12.41322500	-2.210857E-012	-1.428657E-012	0	0.000000E+000
12	12.43646282	-1.419910E-012	-2.282189E-012	-1	0.000000E+000
12	12.44621493	-2.218572E-012	-1.407734E-012	0	0.000000E+000
12	12.47798718	-1.405844E-012	-2.213601E-012	-1	0.000000E+000
12	12.48923095	-2.213601E-012	-1.486046E-012	0	0.000000E+000
12	12.49614395	-1.463160E-012	-2.081154E-012	-1	0.000000E+000
12	12.50743764	-2.060450E-012	-1.373064E-012	0	0.000000E+000
12	12.51344652	-1.405483E-012	-2.181579E-012	-1	0.000000E+000
12	12.52811344	-2.038540E-012	-1.452808E-012	0	0.000000E+000
12	12.53269150	-1.493887E-012	-2.080240E-012	-1	0.000000E+000
12	12.56981101	-2.156625E-012	-1.383017E-012	0	0.000000E+000
12	12.57483711	-1.485465E-012	-2.178128E-012	-1	0.000000E+000
12	12.57854218	-2.178128E-012	-1.469609E-012	0	0.000000E+000
12	12.59103587	-1.469609E-012	-2.152662E-012	-1	0.000000E+000
12	12.61656669	-2.118781E-012	-1.464062E-012	0	0.000000E+000
12	12.62010050	-1.454988E-012	-2.273738E-012	-1	0.000000E+000
12	12.62165000	-2.273738E-012	-1.441684E-012	0	0.000000E+000
12	12.62854524	-1.488421E-012	-2.178138E-012	-1	0.000000E+000
12	12.63487237	-2.134786E-012	-1.535458E-012	0	0.000000E+000
12	12.63645974	-1.609684E-012	-2.369037E-012	-1	0.000000E+000
12	12.64455973	-2.251795E-012	-1.479883E-012	0	0.000000E+000
12	12.66503570	-1.499310E-012	-2.164635E-012	-1	0.000000E+000
12	12.70021598	-2.072881E-012	-1.390606E-012	0	0.000000E+000
12	12.70064421	-1.390606E-012	-2.143327E-012	-1	0.000000E+000
12	12.70423197	-2.217630E-012	-1.462536E-012	0	0.000000E+000
12	12.70868501	-1.470549E-012	-2.145578E-012	-1	0.000000E+000
12	12.71423425	-2.145578E-012	-1.500059E-012	0	0.000000E+000
12	12.72388032	-1.498346E-012	-2.267457E-012	-1	0.000000E+000
12	12.73750000	-2.267457E-012	-1.456119E-012	0	0.000000E+000
12	12.74802496	-1.494398E-012	-2.222466E-012	-1	0.000000E+000
12	12.74841385	-2.222466E-012	-1.442270E-012	0	0.000000E+000
12	12.75223069	-1.440809E-012	-2.391533E-012	-1	0.000000E+000
12	12.75283768	-2.391533E-012	-1.410027E-012	0	0.000000E+000
12	12.76192595	-1.391856E-012	-2.211746E-012	-1	0.000000E+000
12	12.76625000	-2.211746E-012	-1.490739E-012	0	0.000000E+000
12	12.76695170	-1.490739E-012	-2.133118E-012	-1	0.000000E+000
12	12.76948238	-2.133118E-012	-1.253392E-012	0	0.000000E+000
12	12.77036588	-1.253392E-012	-2.141816E-012	-1	0.000000E+000
12	12.77315432	-2.141816E-012	-1.382367E-012	0	0.000000E+000
12	12.77405520	-1.382367E-012	-2.071227E-012	-1	0.000000E+000
12	12.80310202	-2.161575E-012	-1.564228E-012	0	0.000000E+000
12	12.80774982	-1.506153E-012	-2.257079E-012	-1	0.000000E+000
12	12.83842884	-2.120883E-012	-1.417914E-012	0	0.000000E+000
12	12.84131976	-1.459194E-012	-2.176405E-012	-1	0.000000E+000
12	12.88416980	-2.032200E-012	-1.394553E-012	0	0.000000E+000
12	12.88492156	-1.394553E-012	-2.115639E-012	-1	0.000000E+000
12	12.89340989	-2.164258E-012	-1.409457E-012	0	0.000000E+000
12	12.89643070	-1.409457E-012	-2.312561E-012	-1	0.000000E+000
12	12.89754168	-2.312561E-012	-1.457471E-012	0	0.000000E+000
12	12.90005000	-1.457471E-012	-2.031566E-012	-1	0.000000E+000
12	12.92571808	-2.047886E-012	-1.379055E-012	0	0.000000E+000
12	12.92658440	-1.379055E-012	-2.012737E-012	-1	0.000000E+000
12	13.17701854	-2.062184E-012	-1.450967E-012	0	0.000000E+000
12	13.17756021	-1.450967E-012	-2.107819E-012	-1	0.000000E+000
12	13.17987257	-2.157355E-012	-1.451865E-012	0	0.000000E+000
12	13.18162965	-1.451865E-012	-2.047109E-012	-1	0.000000E+000
12	13.18279954	-1.981061E-012	-1.413965E-012	0	0.000000E+000
12	13.18335735	-1.413965E-012	-2.009883E-012	-1	0.000000E+000
12	13.19572500	-2.133722E-012	-1.499580E-012	0	0.000000E+000
12	13.19929890	-1.626337E-012	-2.202075E-012	-1	0.000000E+000
12	13.31931639	-2.012961E-012	-1.485519E-012	0	0.000000E+000
12	13.31981924	-1.485519E-012	-2.170932E-012	-1	0.000000E+000
12	13.32362784	-2.171391E-012	-1.467238E-012	0	0.000000E+000
12	13.32422076	-1.467238E-012	-2.089056E-012	-1	0.000000E+000
12	13.46942896	-2.027589E-012	-1.331077E-012	0	0.000000E+000
12	13.46995000	-1.331077E-012	-2.161177E-012	-1	0.000000E+000
12	13.49352757	-2.113006E-012	-1.375188E-012	0	0.000000E+000
12	13.50994923	-1.408934E-012	-2.082365E-012	-1	0.000000E+000
12	13.52593998	-2.028206E-012	-1.406755E-012	0	0.000000E+000
12	13.52957727	-1.412270E-012	-2.038411E-012	-1	0.000000E+000
12	13.53475000	-2.038411E-012	-1.415288E-012	0	0.000000E+000
12	13.53982924	-1.359340E-012	-2.125222E-012	-1	0.000000E+000
12	13.54529827	-2.182131E-012	-1.413002E-012	0	0.000000E+000
12	13.57194201	-1.460680E-012	-2.191095E-012	-1	0.000000E+000
12	13.57700629	-2.165011E-012	-1.441052E-012	0	0.000000E+000
12	13.58869003	-1.385045E-012	-2.251801E-012	-1	0.000000E+000
12	13.61230000	-2.251801E-012	-1.406540E-012	0	0.000000E+000
12	13.61318091	-1.406540E-012	-1.993103E-012	-1	0.000000E+000
12	13.62492708	-2.112933E-012	-1.535777E-012	0	0.000000E+000
12	13.62856971	-1.535777E-012	-2.154714E-012	-1	0.000000E+000
12	13.63601286	-2.047918E-012	-1.210250E-012	0	0.000000E+000
12	13.63706517	-1.210250E-012	-1.919033E-012	-1	0.000000E+000
12	13.66665000	-2.018104E-012	-1.441651E-012	0	0.000000E+000
12	13.67960181	-1.402866E-012	-2.133719E-012	-1	0.000000E+000
12	13.68104210	-2.133719E-012	-1.463399E-012	0	0.000000E+000
12	13.71988173	-1.466369E-012	-2.028804E-012	-1	0.000000E+000
12	13.72950075	-1.990691E-012	-1.350791E-012	0	0.000000E+000
12	13.73192030	-1.350791E-012	-2.097757E-012	-1	0.000000E+000
12	13.76037276	-2.095561E-012	-1.491081E-012	0	0.000000E+000
12	13.77004648	-1.341614E-012	-2.005078E-012	-1	0.000000E+000
12	13.77044515	-2.005078E-012	-1.428466E-012	0	0.000000E+000
12	13.79317615	-1.319202E-012	-2.090912E-012	-1	0.000000E+000
12	13.80653171	-1.975746E-012	-1.298184E-012	0	0.000000E+000
12	13.80705000	-1.298184E-012	-1.950872E-012	-1	0.000000E+000
12	13.81888521	-2.109152E-012	-1.435080E-012	0	0.000000E+000
12	13.82286220	-1.435080E-012	-2.078004E-012	-1	0.000000E+000
12	13.84455787	-2.070256E-012	-1.454222E-012	0	0.000000E+000
12	13.84492340	-1.454222E-012	-2.060501E-012	-1	0.000000E+000
12	13.88215160	-2.060501E-012	-1.514740E-012	0	0.000000E+000
12	13.88496828	-1.514740E-012	-2.202116E-012	-1	0.000000E+000
12	13.89812231	-2.186167E-012	-1.387607E-012	0	0.000000E+000
12	13.89937070	-1.387607E-012	-2.090550E-012	-1	0.000000E+000
12	13.90531881	-2.132484E-012	-1.381271E-012	0	0.000000E+000
12	13.92571308	-1.381758E-012	-1.971206E-012	-1	0.000000E+000
12	13.94091523	-2.045339E-012	-1.453424E-012	0	0.000000E+000
12	13.95983969	-1.388592E-012	-2.060277E-012	-1	0.000000E+000
12	13.96088443	-2.060277E-012	-1.418331E-012	0	0.000000E+000
12	13.97219318	-1.471923E-012	-2.112029E-012	-1	0.000000E+000
12	13.99223542	-2.085842E-012	-1.473272E-012	0	0.000000E+000
12	13.99308759	-1.473272E-012	-2.042139E-012	-1	0.000000E+000
12	14.00705000	-2.149466E-012	-1.415501E-012	0	0.000000E+000
12	14.06828609	-1.479114E-012	-2.132996E-012	-1	0.000000E+000
12	14.10703405	-2.018819E-012	-1.229921E-012	0	0.000000E+000
12	14.10940369	-1.320737E-012	-2.283022E-012	-1	0.000000E+000
12	14.13435656	-2.024350E-012	-1.356811E-012	0	0.000000E+000
12	14.14796406	-1.393616E-012	-2.023327E-012	-1	0.000000E+000
12	14.16289386	-2.071197E-012	-1.410731E-012	0	0.000000E+000
12	14.16424053	-1.410731E-012	-2.099645E-012	-1	0.000000E+000
12	14.23588322	-2.096694E-012	-1.455864E-012	0	0.000000E+000
12	14.23829772	-1.455864E-012	-2.169413E-012	-1	0.000000E+000
12	14.32145065	-2.179764E-012	-1.459181E-012	0	0.000000E+000
12	14.33158844	-1.499211E-012	-2.215523E-012	-1	0.000000E+000
12	14.43225372	-2.124708E-012	-1.453992E-012	0	0.000000E+000
12	14.49524292	-1.414755E-012	-1.947836E-012	-1	0.000000E+000
12	14.49769031	-1.947836E-012	-1.488740E-012	0	0.000000E+000
12	14.50184598	-1.491981E-012	-2.001916E-012	-1	0.000000E+000
12	14.50468722	-2.001916E-012	-1.534920E-012	0	0.000000E+000
12	14.50695332	-1.477129E-012	-2.131927E-012	-1	0.000000E+000
12	14.55790270	-2.148489E-012	-1.524354E-012	0	0.000000E+000
12	14.56011128	-1.644877E-012	-2.211826E-012	-1	0.000000E+000
12	14.58545174	-2.068326E-012	-1.484815E-012	0	0.000000E+000
12	14.58736080	-1.484815E-012	-2.075258E-012	-1	0.000000E+000
12	14.60695857	-2.075258E-012	-1.508831E-012	0	0.000000E+000
12	14.61371142	-1.497396E-012	-1.992033E-012	-1	0.000000E+000
12	14.64293118	-1.929374E-012	-1.427323E-012	0	0.000000E+000
12	14.64556612	-1.427323E-012	-2.182424E-012	-1	0.000000E+000
12	14.64594068	-2.182424E-012	-1.410936E-012	0	0.000000E+000
12	14.67144805	-1.387369E-012	-1.977078E-012	-1	0.000000E+000
12	14.68979055	-2.000110E-012	-1.505040E-012	0	0.000000E+000
12	14.70768098	-1.501011E-012	-2.337658E-012	-1	0.000000E+000
12	14.71061179	-2.378938E-012	-1.522052E-012	0	0.000000E+000
12	14.72797198	-1.428926E-012	-2.024736E-012	-1	0.000000E+000
12	14.73174465	-2.024736E-012	-1.359850E-012	0	0.000000E+000
12	14.73920646	-1.597649E-012	-2.241137E-012	-1	0.000000E+000
12	14.74316401	-2.241137E-012	-1.448169E-012	0	0.000000E+000
12	14.76776864	-1.500606E-012	-2.187441E-012	-1	0.000000E+000
12	14.77894691	-2.098332E-012	-1.428879E-012	0	0.000000E+000
12	14.78284502	-1.428879E-012	-2.311921E-012	-1	0.000000E+000
12	14.78495000	-2.311921E-012	-1.512528E-012	0	0.000000E+000
12	14.78651640	-1.512528E-012	-2.171782E-012	-1	0.000000E+000
12	14.80017167	-2.254761E-012	-1.575693E-012	0	0.000000E+000
12	14.80106272	-1.575693E-012	-2.309062E-012	-1	0.000000E+000
12	14.83266183	-2.201952E-012	-1.382803E-012	0	0.000000E+000
12	14.84139209	-1.369925E-012	-2.090267E-012	-1	0.000000E+000
12	14.84584467	-2.090267E-012	-1.290180E-012	0	0.000000E+000
12	14.84695662	-1.290180E-012	-2.057359E-012	-1	0.000000E+000
12	14.85331889	-2.176117E-012	-1.418877E-012	0	0.000000E+000
12	14.87782856	-1.436536E-012	-2.084849E-012	-1	0.000000E+000
12	14.88160063	-2.051825E-012	-1.513425E-012	0	0.000000E+000
12	14.88308127	-1.513425E-012	-2.118199E-012	-1	0.000000E+000
12	14.91613406	-2.002188E-012	-1.461232E-012	0	0.000000E+000
12	14.92116220	-1.461232E-012	-2.105211E-012	-1	0.000000E+000
12	14.92403506	-2.105211E-012	-1.463493E-012	0	0.000000E+000
12	14.93581659	-1.501518E-012	-2.170345E-012	-1	0.000000E+000
12	14.94024179	-2.173566E-012	-1.433696E-012	0	0.000000E+000
12	14.94708688	-1.509158E-012	-2.201156E-012	-1	0.000000E+000
12	14.94934217	-2.201156E-012	-1.504053E-012	0	0.000000E+000
12	14.95495061	-1.351981E-012	-2.082293E-012	-1	0.000000E+000
12	15.01575015	-2.018267E-012	-1.393172E-012	0	0.000000E+000
12	15.01875226	-1.393172E-012	-2.177859E-012	-1	0.000000E+000
12	15.03497500	-2.062276E-012	-1.336463E-012	0	0.000000E+000
12	15.03603946	-1.465858E-012	-2.019906E-012	-1	0.000000E+000
12	15.05030687	-2.180609E-012	-1.466021E-012	0	0.000000E+000
12	15.07289457	-1.438174E-012	-2.046834E-012	-1	0.000000E+000
12	15.09792844	-2.093105E-012	-1.400767E-012	0	0.000000E+000
12	15.11007426	-1.459108E-012	-2.118032E-012	-1	0.000000E+000
12	15.13736548	-2.187466E-012	-1.434409E-012	0	0.000000E+000
12	15.16665000	-1.434409E-012	-2.004127E-012	-1	0.000000E+000
12	15.24064562	-2.176302E-012	-1.374840E-012	0	0.000000E+000
12	15.24865323	-1.337725E-012	-2.183601E-012	-1	0.000000E+000
12	15.25072151	-2.183601E-012	-1.428369E-012	0	0.000000E+000
12	15.27406794	-1.372896E-012	-2.090801E-012	-1	0.000000E+000
12	15.30063964	-2.090801E-012	-1.397536E-012	0	0.000000E+000
12	15.33127061	-1.471771E-012	-2.266624E-012	-1	0.000000E+000
12	15.33344084	-2.266624E-012	-1.405623E-012	0	0.000000E+000
12	15.33635918	-1.405623E-012	-2.138203E-012	-1	0.000000E+000
12	15.36242500	-2.138203E-012	-1.511044E-012	0	0.000000E+000
12	15.36588697	-1.511044E-012	-2.179817E-012	-1	0.000000E+000
12	15.36991197	-2.179817E-012	-1.424528E-012	0	0.000000E+000
12	15.37153059	-1.424528E-012	-2.174906E-012	-1	0.000000E+000
12	15.38242500	-2.174906E-012	-1.433986E-012	0	0.000000E+000
12	15.38271296	-1.433986E-012	-2.103069E-012	-1	0.000000E+000
12	15.38723861	-2.107621E-012	-1.314647E-012	0	0.000000E+000
12	15.39810661	-1.456302E-012	-2.014212E-012	-1	0.000000E+000
12	15.40200214	-2.118779E-012	-1.404003E-012	0	0.000000E+000
12	15.40428730	-1.404003E-012	-2.138921E-012	-1	0.000000E+000
12	15.41528216	-2.033917E-012	-1.331794E-012	0	0.000000E+000
12	15.44360667	-1.427758E-012	-2.151618E-012	-1	0.000000E+000
12	15.46585497	-2.053918E-012	-1.453654E-012	0	0.000000E+000
12	15.47741836	-1.453654E-012	-2.101055E-012	-1	0.000000E+000
12	15.52110175	-2.175358E-012	-1.408288E-012	0	0.000000E+000
12	15.52696040	-1.508398E-012	-2.252769E-012	-1	0.000000E+000
12	15.52771539	-2.252769E-012	-1.520483E-012	0	0.000000E+000
12	15.62979433	-1.502299E-012	-2.500830E-012	-1	0.000000E+000
12	15.63108431	-2.500830E-012	-1.454183E-012	0	0.000000E+000
12	15.63970416	-1.412322E-012	-2.233342E-012	-1	0.000000E+000
12	15.64467500	-2.233342E-012	-1.447017E-012	0	0.000000E+000
12	15.64543398	-1.447017E-012	-2.092980E-012	-1	0.000000E+000
12	15.66695537	-2.092980E-012	-1.438981E-012	0	0.000000E+000
12	15.66736321	-1.438981E-012	-2.204213E-012	-1	0.000000E+000
12	15.66829257	-2.204213E-012	-1.525106E-012	0	0.000000E+000
12	15.66929810	-1.525106E-012	-2.204213E-012	-1	0.000000E+000
12	15.68314732	-2.032586E-012	-1.476502E-012	0	0.000000E+000
12	15.68375217	-1.476502E-012	-2.159882E-012	-1	0.000000E+000
12	15.69633034	-2.149120E-012	-1.417592E-012	0	0.000000E+000
12	15.69738833	-1.417592E-012	-2.085743E-012	-1	0.000000E+000
12	15.75274266	-2.000208E-012	-1.358511E-012	0	0.000000E+000
12	15.77391436	-1.429022E-012	-1.972492E-012	-1	0.000000E+000
12	15.77513474	-1.989496E-012	-1.300433E-012	0	0.000000E+000
12	15.77611552	-1.300433E-012	-1.972492E-012	-1	0.000000E+000
12	15.81200999	-1.995228E-012	-1.254238E-012	0	0.000000E+000
12	15.81283553	-1.254238E-012	-2.145158E-012	-1	0.000000E+000
12	15.86789057	-2.161057E-012	-1.513888E-012	0	0.000000E+000
12	15.87010041	-1.543671E-012	-2.213371E-012	-1	0.000000E+000
12	15.89561840	-2.089703E-012	-1.463431E-012	0	0.000000E+000
12	15.89622791	-1.463431E-012	-2.043027E-012	-1	0.000000E+000
12	15.92477315	-2.066394E-012	-1.342647E-012	0	0.000000E+000
12	15.95360279	-1.404136E-012	-2.048495E-012	-1	0.000000E+000
12	15.98590852	-2.066024E-012	-1.349821E-012	0	0.000000E+000
12	15.98679260	-1.349821E-012	-1.950627E-012	-1	0.000000E+000
12	15.99017619	-2.008418E-012	-1.451935E-012	0	0.000000E+000
12	15.99630356	-1.466314E-012	-2.082352E-012	-1	0.000000E+000
12	16.00403989	-2.107209E-012	-1.402498E-012	0	0.000000E+000
12	16.02304181	-1.515102E-012	-2.088589E-012	-1	0.000000E+000
12	16.02533917	-2.088589E-012	-1.436186E-012	0	0.000000E+000
12	16.02593524	-1.436186E-012	-2.057813E-012	-1	0.000000E+000
12	16.02966879	-2.057813E-012	-1.376244E-012	0	0.000000E+000
12	16.03034660	-1.376244E-012	-2.084292E-012	-1	0.000000E+000
12	16.06592328	-2.243748E-012	-1.401829E-012	0	0.000000E+000
12	16.06896960	-1.401829E-012	-2.209225E-012	-1	0.000000E+000
12	16.08014129	-2.137155E-012	-1.437171E-012	0	0.000000E+000
12	16.10179635	-1.495407E-012	-2.366604E-012	-1	0.000000E+000
12	16.11479151	-2.102404E-012	-1.508242E-012	0	0.000000E+000
12	16.11578981	-1.543711E-012	-2.151156E-012	-1	0.000000E+000
12	16.12971162	-1.991944E-012	-1.266921E-012	0	0.000000E+000
12	16.13072443	-1.266921E-012	-2.073376E-012	-1	0.000000E+000
12	16.14283022	-2.100678E-012	-1.481069E-012	0	0.000000E+000
12	16.15692822	-1.391832E-012	-2.190877E-012	-1	0.000000E+000
12	16.15798855	-2.190877E-012	-1.506775E-012	0	0.000000E+000
12	16.18055921	-1.354684E-012	-2.029417E-012	-1	0.000000E+000
12	16.18400536	-2.029417E-012	-1.432829E-012	0	0.000000E+000
12	16.18740960	-1.432829E-012	-2.042296E-012	-1	0.000000E+000
12	16.19788620	-1.930378E-012	-1.361443E-012	0	0.000000E+000
12	16.19824996	-1.361443E-012	-1.923572E-012	-1	0.000000E+000
12	16.20719592	-1.910677E-012	-1.404358E-012	0	0.000000E+000
12	16.21833428	-1.512118E-012	-2.071337E-012	-1	0.000000E+000
12	16.24085348	-2.111639E-012	-1.406701E-012	0	0.000000E+000
12	16.24694062	-1.592706E-012	-2.293056E-012	-1	0.000000E+000
12	16.25074158	-2.107996E-012	-1.510972E-012	0	0.000000E+000
12	16.25385309	-1.530146E-012	-2.128041E-012	-1	0.000000E+000
12	16.25979569	-2.050068E-012	-1.368933E-012	0	0.000000E+000
12	16.26029516	-1.368933E-012	-2.050307E-012	-1	0.000000E+000
12	16.28157210	-2.089790E-012	-1.363930E-012	0	0.000000E+000
12	16.28290454	-1.363930E-012	-2.018272E-012	-1	0.000000E+000
12	16.29958197	-2.203492E-012	-1.531799E-012	0	0.000000E+000
12	16.30000452	-1.531799E-012	-2.228216E-012	-1	0.000000E+000
12	16.32504315	-2.104377E-012	-1.378990E-012	0	0.000000E+000
12	16.32633955	-1.378990E-012	-2.167603E-012	-1	0.000000E+000
12	16.34070797	-2.179328E-012	-1.436502E-012	0	0.000000E+000
12	16.36138698	-1.489596E-012	-2.146448E-012	-1	0.000000E+000
12	16.40204655	-2.060366E-012	-1.514913E-012	0	0.000000E+000
12	16.40240453	-1.514913E-012	-2.063332E-012	-1	0.000000E+000
12	16.43581995	-1.983675E-012	-1.509757E-012	0	0.000000E+000
12	16.43655259	-1.509757E-012	-2.031614E-012	-1	0.000000E+000
12	16.45793626	-1.985428E-012	-1.415243E-012	0	0.000000E+000
12	16.46868407	-1.458028E-012	-2.512281E-012	-1	0.000000E+000
12	16.47046932	-2.297627E-012	-1.458373E-012	0	0.000000E+000
12	16.51375067	-1.475971E-012	-2.118252E-012	-1	0.000000E+000
12	16.51455982	-2.118252E-012	-1.447518E-012	0	0.000000E+000
12	16.52133293	-1.473627E-012	-2.063725E-012	-1	0.000000E+000
12	16.52402438	-1.981166E-012	-1.401169E-012	0	0.000000E+000
12	16.52923778	-1.458960E-012	-2.130141E-012	-1	0.000000E+000
12	16.52975000	-2.130141E-012	-1.457517E-012	0	0.000000E+000
12	16.59489397	-1.515826E-012	-2.128433E-012	-1	0.000000E+000
12	16.61399982	-2.194404E-012	-1.480598E-012	0	0.000000E+000
12	16.63284317	-1.474704E-012	-2.191019E-012	-1	0.000000E+000
12	16.63658105	-2.191019E-012	-1.432684E-012	0	0.000000E+000
12	16.63710326	-1.432684E-012	-2.082476E-012	-1	0.000000E+000
12	16.64847848	-2.082476E-012	-1.458248E-012	0	0.000000E+000
12	16.66161327	-1.525160E-012	-2.359346E-012	-1	0.000000E+000
12	16.66252664	-2.359346E-012	-1.377396E-012	0	0.000000E+000
12	16.89724849	-1.444724E-012	-2.543476E-012	-1	0.000000E+000
12	16.89785123	-2.543476E-012	-1.536958E-012	0	0.000000E+000
12	17.02796897	-1.464428E-012	-2.144280E-012	-1	0.000000E+000
12	17.02833501	-2.144280E-012	-1.410360E-012	0	0.000000E+000
12	17.08846426	-1.396659E-012	-2.311452E-012	-1	0.000000E+000
12	17.09321246	-2.131136E-012	-1.464966E-012	0	0.000000E+000
12	17.12994231	-1.495010E-012	-2.603007E-012	-1	0.000000E+000
12	17.13122057	-2.603007E-012	-1.496898E-012	0	0.000000E+000
12	17.13568967	-1.496898E-012	-2.592244E-012	-1	0.000000E+000
12	17.13661148	-2.592244E-012	-1.464116E-012	0	0.000000E+000
12	17.15629580	-1.445156E-012	-2.427631E-012	-1	0.000000E+000
12	17.18363448	-2.163441E-012	-1.437429E-012	0	0.000000E+000
12	17.22266972	-1.498250E-012	-2.189066E-012	-1	0.000000E+000
12	17.22381165	-2.189066E-012	-1.392559E-012	0	0.000000E+000
12	17.27329228	-1.512159E-012	-2.083658E-012	-1	0.000000E+000
12	17.28582500	-2.083658E-012	-1.347009E-012	0	0.000000E+000
12	17.29538234	-1.493277E-012	-2.533138E-012	-1	0.000000E+000
12	17.29603120	-2.533138E-012	-1.588209E-012	0	0.000000E+000
12	17.31022688	-1.578519E-012	-2.162119E-012	-1	0.000000E+000
12	17.31865964	-2.174618E-012	-1.559811E-012	0	0.000000E+000
12	17.32443671	-1.547616E-012	-2.212002E-012	-1	0.000000E+000
12	17.34644390	-2.247915E-012	-1.446526E-012	0	0.000000E+000
12	17.36273371	-1.459108E-012	-2.247778E-012	-1	0.000000E+000
12	17.39995599	-2.043642E-012	-1.500734E-012	0	0.000000E+000
12	17.41909984	-1.343700E-012	-2.151137E-012	-1	0.000000E+000
12	17.42627997	-2.171117E-012	-1.458232E-012	0	0.000000E+000
12	17.44520306	-1.381117E-012	-2.067370E-012	-1	0.000000E+000
12	17.45024865	-2.067505E-012	-1.483743E-012	0	0.000000E+000
12	17.49898773	-1.527230E-012	-2.652634E-012	-1	0.000000E+000
12	17.50078408	-2.652634E-012	-1.591738E-012	0	0.000000E+000
12	17.50289624	-1.591738E-012	-2.360859E-012	-1	0.000000E+000
12	17.50597586	-2.360859E-012	-1.629743E-012	0	0.000000E+000
12	17.50821742	-1.609286E-012	-2.423369E-012	-1	0.000000E+000
12	17.58728733	-2.141519E-012	-1.371377E-012	0	0.000000E+000
12	17.59945457	-1.440774E-012	-2.042649E-012	-1	0.000000E+000
12	17.59978284	-2.042649E-012	-1.415415E-012	0	0.000000E+000
12	17.61116413	-1.481000E-012	-2.003907E-012	-1	0.000000E+000
12	17.61149024	-2.003907E-012	-1.504466E-012	0	0.000000E+000
12	17.61666077	-1.504466E-012	-2.136751E-012	-1	0.000000E+000
12	17.64496562	-1.984962E-012	-1.355224E-012	0	0.000000E+000
12	17.65174226	-1.445455E-012	-2.133525E-012	-1	0.000000E+000
12	17.68654759	-2.149694E-012	-1.491846E-012	0	0.000000E+000
12	17.69164970	-1.458000E-012	-1.974686E-012	-1	0.000000E+000
12	17.71289857	-2.134765E-012	-1.356198E-012	0	0.000000E+000
12	17.71363341	-1.356198E-012	-2.105734E-012	-1	0.000000E+000
12	17.71570125	-2.061876E-012	-1.504894E-012	0	0.000000E+000
12	17.71698471	-1.504894E-012	-2.242028E-012	-1	0.000000E+000
12	17.72281787	-2.250022E-012	-1.484099E-012	0	0.000000E+000
12	17.72531956	-1.484099E-012	-2.138073E-012	-1	0.000000E+000
12	17.73502645	-1.998140E-012	-1.369570E-012	0	0.000000E+000
12	17.81594246	-1.369570E-012	-2.068686E-012	-1	0.000000E+000
12	17.85180340	-2.116726E-012	-1.318182E-012	0	0.000000E+000
12	17.85275025	-1.318182E-012	-2.094725E-012	-1	0.000000E+000
12	17.85595701	-2.094725E-012	-1.423945E-012	0	0.000000E+000
12	17.86037322	-1.453319E-012	-2.218899E-012	-1	0.000000E+000
12	17.89319103	-2.062037E-012	-1.468149E-012	0	0.000000E+000
12	17.89559267	-1.485848E-012	-2.129519E-012	-1	0.000000E+000
12	17.90216192	-1.983923E-012	-1.345786E-012	0	0.000000E+000
12	17.90544877	-1.409543E-012	-2.059888E-012	-1	0.000000E+000
12	17.90663669	-2.059888E-012	-1.445920E-012	0	0.000000E+000
12	17.90729547	-1.445920E-012	-2.332571E-012	-1	0.000000E+000
12	17.90802466	-2.332571E-012	-1.445920E-012	0	0.000000E+000
12	17.91560596	-1.487418E-012	-2.288712E-012	-1	0.000000E+000
12	17.92772500	-2.115338E-012	-1.383089E-012	0	0.000000E+000
12	17.93879356	-1.459501E-012	-2.103941E-012	-1	0.000000E+000
12	17.96927340	-2.030502E-012	-1.476078E-012	0	0.000000E+000
12	17.96968700	-1.476078E-012	-2.012717E-012	-1	0.000000E+000
12	17.97998323	-2.284679E-012	-1.541650E-012	0	0.000000E+000
12	17.98572034	-1.504227E-012	-1.997746E-012	-1	0.000000E+000
12	18.00210162	-2.070284E-012	-1.441290E-012	0	0.000000E+000
12	18.00254172	-1.441290E-012	-2.213589E-012	-1	0.000000E+000
12	18.02440080	-2.164913E-012	-1.538545E-012	0	0.000000E+000
12	18.02495000	-1.538545E-012	-2.138125E-012	-1	0.000000E+000
12	18.03318622	-2.294988E-012	-1.577500E-012	0	0.000000E+000
12	18.03644529	-1.574816E-012	-2.385910E-012	-1	0.000000E+000
12	18.03887341	-2.385910E-012	-1.428356E-012	0	0.000000E+000
12	18.04021738	-1.545725E-012	-2.105675E-012	-1	0.000000E+000
12	18.04150355	-2.105675E-012	-1.436179E-012	0	0.000000E+000
12	18.04310872	-1.436179E-012	-2.004950E-012	-1	0.000000E+000
12	18.04948788	-2.022041E-012	-1.395134E-012	0	0.000000E+000
12	18.05023825	-1.395134E-012	-1.903223E-012	-1	0.000000E+000
12	18.05840596	-2.167413E-012	-1.359611E-012	0	0.000000E+000
12	18.06469175	-1.517716E-012	-2.112844E-012	-1	0.000000E+000
12	18.08439528	-2.253195E-012	-1.587549E-012	0	0.000000E+000
12	18.08497939	-1.587549E-012	-2.293746E-012	-1	0.000000E+000
12	18.09254819	-2.213917E-012	-1.503087E-012	0	0.000000E+000
12	18.09435941	-1.503087E-012	-2.148268E-012	-1	0.000000E+000
12	18.09933852	-2.230757E-012	-1.528212E-012	0	0.000000E+000
12	18.11440468	-1.463657E-012	-1.954965E-012	-1	0.000000E+000
12	18.13128089	-2.114438E-012	-1.420961E-012	0	0.000000E+000
12	18.13180000	-1.420961E-012	-2.085062E-012	-1	0.000000E+000
12	18.14200941	-2.085062E-012	-1.446905E-012	0	0.000000E+000
12	18.15300913	-1.492903E-012	-2.113414E-012	-1	0.000000E+000
12	18.17443964	-1.988199E-012	-1.407976E-012	0	0.000000E+000
12	18.20391642	-1.407976E-012	-2.163609E-012	-1	0.000000E+000
12	18.22367431	-2.037873E-012	-1.363497E-012	0	0.000000E+000
12	18.22607518	-1.495705E-012	-2.070584E-012	-1	0.000000E+000
12	18.25066716	-2.124066E-012	-1.324313E-012	0	0.000000E+000
12	18.25170725	-1.354899E-012	-2.037720E-012	-1	0.000000E+000
12	18.25562500	-2.037720E-012	-1.315197E-012	0	0.000000E+000
12	18.25664529	-1.387661E-012	-2.064215E-012	-1	0.000000E+000
12	18.26348245	-2.104353E-012	-1.312737E-012	0	0.000000E+000
12	18.26434682	-1.312737E-012	-2.044408E-012	-1	0.000000E+000
12	18.27460439	-2.081870E-012	-1.436443E-012	0	0.000000E+000
12	18.27732361	-1.436443E-012	-2.237002E-012	-1	0.000000E+000
12	18.29044809	-2.281233E-012	-1.494951E-012	0	0.000000E+000
12	18.29895486	-1.460705E-012	-2.052616E-012	-1	0.000000E+000
12	18.30720000	-2.168199E-012	-1.542053E-012	0	0.000000E+000
12	18.31868461	-1.438648E-012	-2.065509E-012	-1	0.000000E+000
12	18.32351555	-2.057253E-012	-1.502391E-012	0	0.000000E+000
12	18.34371199	-1.468932E-012	-1.998741E-012	-1	0.000000E+000
12	18.34446556	-1.998741E-012	-1.408841E-012	0	0.000000E+000
12	18.37574882	-1.501086E-012	-2.140242E-012	-1	0.000000E+000
12	18.38720916	-2.181301E-012	-1.482219E-012	0	0.000000E+000
12	18.38786269	-1.482219E-012	-2.143763E-012	-1	0.000000E+000
12	18.40599692	-2.154489E-012	-1.581453E-012	0	0.000000E+000
12	18.41165379	-1.619609E-012	-2.200672E-012	-1	0.000000E+000
12	18.42021842	-2.201962E-012	-1.562128E-012	0	0.000000E+000
12	18.42225640	-1.562128E-012	-2.199114E-012	-1	0.000000E+000
12	18.45085000	-2.141323E-012	-1.396546E-012	0	0.000000E+000
12	18.49219640	-1.573899E-012	-2.103088E-012	-1	0.000000E+000
12	18.50426620	-2.056410E-012	-1.423207E-012	0	0.000000E+000
12	18.52526472	-1.497215E-012	-2.104668E-012	-1	0.000000E+000
12	18.55252040	-2.207072E-012	-1.351764E-012	0	0.000000E+000
12	18.55479315	-1.351764E-012	-2.124001E-012	-1	0.000000E+000
12	18.61327653	-2.167413E-012	-1.526685E-012	0	0.000000E+000
12	18.66208580	-1.393680E-012	-2.267414E-012	-1	0.000000E+000
12	18.67304483	-2.162734E-012	-1.478089E-012	0	0.000000E+000
12	18.68095549	-1.486482E-012	-2.261814E-012	-1	0.000000E+000
12	18.68349350	-2.003208E-012	-1.441708E-012	0	0.000000E+000
12	18.68741896	-1.540779E-012	-2.154939E-012	-1	0.000000E+000
12	18.70888529	-2.134067E-012	-1.560435E-012	0	0.000000E+000
12	18.72120279	-1.491393E-012	-2.120200E-012	-1	0.000000E+000
12	18.73012500	-2.120200E-012	-1.555891E-012	0	0.000000E+000
12	18.73132118	-1.555891E-012	-2.047407E-012	-1	0.000000E+000
12	18.77374288	-2.128060E-012	-1.562732E-012	0	0.000000E+000
12	18.77452070	-1.562732E-012	-2.499071E-012	-1	0.000000E+000
12	18.77497330	-2.499071E-012	-1.562732E-012	0	0.000000E+000
12	18.77708021	-1.562732E-012	-2.152908E-012	-1	0.000000E+000
12	18.78445647	-2.098758E-012	-1.420076E-012	0	0.000000E+000
12	18.79064251	-1.433225E-012	-2.125224E-012	-1	0.000000E+000
12	18.81430666	-2.100561E-012	-1.366782E-012	0	0.000000E+000
12	18.82370548	-1.384966E-012	-2.266201E-012	-1	0.000000E+000
12	18.82522835	-2.266201E-012	-1.373636E-012	0	0.000000E+000
12	18.84160987	-1.524785E-012	-2.190852E-012	-1	0.000000E+000
12	18.88372210	-2.089463E-012	-1.476527E-012	0	0.000000E+000
12	18.89531933	-1.511533E-012	-2.054950E-012	-1	0.000000E+000
12	18.90545497	-2.026402E-012	-1.448140E-012	0	0.000000E+000
12	18.90614451	-1.448140E-012	-2.218797E-012	-1	0.000000E+000
12	18.90657521	-2.218797E-012	-1.448140E-012	0	0.000000E+000
12	18.91479925	-1.409744E-012	-2.217332E-012	-1	0.000000E+000
12	18.91896411	-2.217332E-012	-1.449412E-012	0	0.000000E+000
12	18.92170002	-1.449412E-012	-2.043331E-012	-1	0.000000E+000
12	18.94334105	-2.208450E-012	-1.510062E-012	0	0.000000E+000
12	18.94443543	-1.510062E-012	-2.297332E-012	-1	0.000000E+000
12	18.96486820	-2.115701E-012	-1.373621E-012	0	0.000000E+000
12	18.96955412	-1.455843E-012	-2.035419E-012	-1	0.000000E+000
12	18.97423138	-2.152195E-012	-1.529132E-012	0	0.000000E+000
12	18.98435093	-1.338506E-012	-2.203758E-012	-1	0.000000E+000
12	19.01504064	-2.171086E-012	-1.460708E-012	0	0.000000E+000
12	19.05550488	-1.433942E-012	-2.112560E-012	-1	0.000000E+000
12	19.05823574	-2.112560E-012	-1.323942E-012	0	0.000000E+000
12	19.06502304	-1.493262E-012	-2.066499E-012	-1	0.000000E+000
12	19.06574216	-2.066499E-012	-1.401436E-012	0	0.000000E+000
12	19.11324532	-1.501260E-012	-2.029671E-012	-1	0.000000E+000
12	19.12221243	-2.117251E-012	-1.388752E-012	0	0.000000E+000
12	19.13096759	-1.534724E-012	-2.505130E-012	-1	0.000000E+000
12	19.13191170	-2.505130E-012	-1.409502E-012	0	0.000000E+000
12	19.14777310	-1.389278E-012	-2.218008E-012	-1	0.000000E+000
12	19.15050233	-2.333591E-012	-1.458266E-012	0	0.000000E+000
12	19.16069572	-1.519753E-012	-2.017344E-012	-1	0.000000E+000
12	19.16148526	-2.017344E-012	-1.406387E-012	0	0.000000E+000
12	19.19314209	-1.449903E-012	-1.989656E-012	-1	0.000000E+000
12	19.19659541	-2.072216E-012	-1.391301E-012	0	0.000000E+000
12	19.19806622	-1.410367E-012	-2.098980E-012	-1	0.000000E+000
12	19.20886225	-2.036357E-012	-1.408295E-012	0	0.000000E+000
12	19.21024871	-1.424807E-012	-2.060514E-012	-1	0.000000E+000
12	19.22513731	-2.113106E-012	-1.376726E-012	0	0.000000E+000
12	19.22571988	-1.376726E-012	-2.068384E-012	-1	0.000000E+000
12	19.26295089	-2.258756E-012	-1.430195E-012	0	0.000000E+000
12	19.29341330	-1.554429E-012	-2.545553E-012	-1	0.000000E+000
12	19.29518996	-2.545553E-012	-1.473634E-012	0	0.000000E+000
12	19.32143393	-1.465094E-012	-2.361756E-012	-1	0.000000E+000
12	19.32230031	-2.361756E-012	-1.494161E-012	0	0.000000E+000
12	19.33500417	-1.433550E-012	-2.178539E-012	-1	0.000000E+000
12	19.33535104	-2.178539E-012	-1.486856E-012	0	0.000000E+000
12	19.33718998	-1.486856E-012	-2.009150E-012	-1	0.000000E+000
12	19.34644698	-2.249162E-012	-1.481639E-012	0	0.000000E+000
12	19.37779876	-1.481639E-012	-2.102300E-012	-1	0.000000E+000
12	19.38267714	-2.071043E-012	-1.505299E-012	0	0.000000E+000
12	19.38328005	-1.505299E-012	-2.223200E-012	-1	0.000000E+000
12	19.38471338	-2.223200E-012	-1.505299E-012	0	0.000000E+000
12	19.42849853	-1.429570E-012	-2.135452E-012	-1	0.000000E+000
12	19.43336787	-2.168475E-012	-1.429733E-012	0	0.000000E+000
12	19.45018521	-1.499846E-012	-2.150904E-012	-1	0.000000E+000
12	19.48024789	-2.150904E-012	-1.405184E-012	0	0.000000E+000
12	19.51126515	-1.562092E-012	-2.338567E-012	-1	0.000000E+000
12	19.52772293	-2.359215E-012	-1.464377E-012	0	0.000000E+000
12	19.52954034	-1.464377E-012	-2.151665E-012	-1	0.000000E+000
12	19.54425870	-2.231443E-012	-1.485961E-012	0	0.000000E+000
12	19.55039185	-1.472665E-012	-2.167201E-012	-1	0.000000E+000
12	19.55850269	-2.088343E-012	-1.401703E-012	0	0.000000E+000
12	19.56525823	-1.490166E-012	-2.157156E-012	-1	0.000000E+000
12	19.57427080	-2.383264E-012	-1.456480E-012	0	0.000000E+000
12	19.63260480	-1.511489E-012	-2.535118E-012	-1	0.000000E+000
12	19.64115000	-2.502094E-012	-1.493059E-012	0	0.000000E+000
12	19.64602707	-1.473996E-012	-1.923798E-012	-1	0.000000E+000
12	19.65154952	-2.115357E-012	-1.395996E-012	0	0.000000E+000
12	19.65201019	-1.395996E-012	-2.349870E-012	-1	0.000000E+000
12	19.67862263	-2.095054E-012	-1.414222E-012	0	0.000000E+000
12	19.70060924	-1.396914E-012	-2.009297E-012	-1	0.000000E+000
12	19.70842999	-1.898132E-012	-1.251131E-012	0	0.000000E+000
12	19.71903497	-1.469424E-012	-2.235207E-012	-1	0.000000E+000
12	19.72174905	-2.235207E-012	-1.472588E-012	0	0.000000E+000
12	19.73286939	-1.381460E-012	-2.009340E-012	-1	0.000000E+000
12	19.74143606	-2.051124E-012	-1.466444E-012	0	0.000000E+000
12	19.74565175	-1.451635E-012	-2.057110E-012	-1	0.000000E+000
12	19.75017434	-2.058134E-012	-1.496354E-012	0	0.000000E+000
12	19.76425146	-1.398856E-012	-2.014240E-012	-1	0.000000E+000
12	19.78523965	-2.150000E-012	-1.480451E-012	0	0.000000E+000
12	19.82262425	-1.467768E-012	-2.177939E-012	-1	0.000000E+000
12	19.84655089	-2.188756E-012	-1.548619E-012	0	0.000000E+000
12	19.84726955	-1.548619E-012	-2.054400E-012	-1	0.000000E+000
12	19.88243095	-2.135284E-012	-1.413288E-012	0	0.000000E+000
12	19.88560985	-1.413288E-012	-2.497902E-012	-1	0.000000E+000
12	19.88625810	-2.497902E-012	-1.607964E-012	0	0.000000E+000
12	19.88763996	-1.593941E-012	-2.520530E-012	-1	0.000000E+000
12	19.88847067	-2.520530E-012	-1.555868E-012	0	0.000000E+000
12	19.91834168	-1.536297E-012	-2.200959E-012	-1	0.000000E+000
12	19.92976875	-2.200959E-012	-1.353525E-012	0	0.000000E+000
12	19.93123369	-1.353525E-012	-1.939687E-012	-1	0.000000E+000
12	19.95463902	-2.029232E-012	-1.404858E-012	0	0.000000E+000
12	19.95953760	-1.404858E-012	-2.079448E-012	-1	0.000000E+000
12	19.97091338	-2.079448E-012	-1.544786E-012	0	0.000000E+000
12	19.97323212	-1.544786E-012	-2.028130E-012	-1	0.000000E+000
12	19.97504239	-2.028130E-012	-1.474077E-012	0	0.000000E+000
12	19.97588442	-1.474077E-012	-2.148155E-012	-1	0.000000E+000
12	19.99014864	-2.148155E-012	-1.476913E-012	0	0.000000E+000
12	19.99448210	-1.476913E-012	-2.089025E-012	-1	0.000000E+000
12	20.01861842	-2.153155E-012	-1.494318E-012	0	0.000000E+000
12	20.01925692	-1.494318E-012	-2.007967E-012	-1	0.000000E+000
12	20.03375239	-2.115295E-012	-1.441635E-012	0	0.000000E+000
12	20.03866319	-1.441635E-012	-2.098828E-012	-1	0.000000E+000
12	20.06928488	-2.261767E-012	-1.389314E-012	0	0.000000E+000
12	20.08281914	-1.508317E-012	-2.433692E-012	-1	0.000000E+000
12	20.08491061	-2.433692E-012	-1.536242E-012	0	0.000000E+000
12	20.08753764	-1.536242E-012	-2.247493E-012	-1	0.000000E+000
12	20.09259410	-2.253076E-012	-1.529237E-012	0	0.000000E+000
12	20.09450483	-1.529237E-012	-2.204067E-012	-1	0.000000E+000
12	20.12894469	-2.128256E-012	-1.457568E-012	0	0.000000E+000
12	20.13907017	-1.542220E-012	-2.316311E-012	-1	0.000000E+000
12	20.15246268	-2.266775E-012	-1.496676E-012	0	0.000000E+000
12	20.15413211	-1.496676E-012	-2.215618E-012	-1	0.000000E+000
12	20.18166764	-2.131868E-012	-1.501215E-012	0	0.000000E+000
12	20.19055131	-1.523525E-012	-2.385371E-012	-1	0.000000E+000
12	20.20018423	-2.112070E-012	-1.392773E-012	0	0.000000E+000
12	20.20645899	-1.356641E-012	-2.112070E-012	-1	0.000000E+000
12	20.24133715	-2.096412E-012	-1.482160E-012	0	0.000000E+000
12	20.26469890	-1.394099E-012	-2.014805E-012	-1	0.000000E+000
12	20.28395056	-2.234447E-012	-1.452970E-012	0	0.000000E+000
12	20.31460706	-1.493007E-012	-2.312844E-012	-1	0.000000E+000
12	20.32254622	-2.189005E-012	-1.476829E-012	0	0.000000E+000
12	20.35517501	-1.443403E-012	-2.057750E-012	-1	0.000000E+000
12	20.35797122	-2.057750E-012	-1.414539E-012	0	0.000000E+000
12	20.37202150	-1.491592E-012	-2.060090E-012	-1	0.000000E+000
12	20.45345566	-2.216338E-012	-1.494574E-012	0	0.000000E+000
12	20.46541453	-1.474562E-012	-2.049681E-012	-1	0.000000E+000
12	20.47584579	-2.035264E-012	-1.489600E-012	0	0.000000E+000
12	20.48007971	-1.396847E-012	-2.122050E-012	-1	0.000000E+000
12	20.48844267	-2.030734E-012	-1.523525E-012	0	0.000000E+000
12	20.48959378	-1.588448E-012	-2.081380E-012	-1	0.000000E+000
12	20.50396047	-2.174103E-012	-1.446048E-012	0	0.000000E+000
12	20.54259959	-1.476060E-012	-2.082388E-012	-1	0.000000E+000
12	20.66374765	-2.171902E-012	-1.474802E-012	0	0.000000E+000
12	20.67333892	-1.393949E-012	-2.171443E-012	-1	0.000000E+000
12	20.67558981	-2.111668E-012	-1.461121E-012	0	0.000000E+000
12	20.68265508	-1.518402E-012	-2.478030E-012	-1	0.000000E+000
12	20.68452194	-2.478030E-012	-1.509337E-012	0	0.000000E+000
12	20.69967639	-1.454955E-012	-2.002247E-012	-1	0.000000E+000
12	20.71406551	-2.060202E-012	-1.401651E-012	0	0.000000E+000
12	20.72548634	-1.411120E-012	-2.070625E-012	-1	0.000000E+000
12	20.73492848	-1.989128E-012	-1.434548E-012	0	0.000000E+000
12	20.73544454	-1.434548E-012	-2.002333E-012	-1	0.000000E+000
12	20.77680235	-1.935209E-012	-1.393693E-012	0	0.000000E+000
12	20.81051533	-1.423492E-012	-2.307284E-012	-1	0.000000E+000
12	20.81589354	-2.309368E-012	-1.531524E-012	0	0.000000E+000
12	20.82007963	-1.481773E-012	-2.196232E-012	-1	0.000000E+000
12	20.84587761	-2.138440E-012	-1.473108E-012	0	0.000000E+000
12	20.85423770	-1.602990E-012	-2.141561E-012	-1	0.000000E+000
12	20.86978599	-2.114497E-012	-1.622157E-012	0	0.000000E+000
12	20.87145159	-1.695655E-012	-2.329671E-012	-1	0.000000E+000
12	20.90013016	-2.055247E-012	-1.529880E-012	0	0.000000E+000
12	20.91896686	-1.493880E-012	-2.181074E-012	-1	0.000000E+000
12	20.92632881	-2.161722E-012	-1.337788E-012	0	0.000000E+000
12	20.92744271	-1.337788E-012	-2.147790E-012	-1	0.000000E+000
12	20.93134592	-2.041492E-012	-1.351582E-012	0	0.000000E+000
12	20.93236735	-1.351582E-012	-2.156046E-012	-1	0.000000E+000
12	20.97569001	-2.156046E-012	-1.451115E-012	0	0.000000E+000
12	20.99854082	-1.386608E-012	-2.083638E-012	-1	0.000000E+000
12	20.99921088	-2.083638E-012	-1.437014E-012	0	0.000000E+000
12	21.01367603	-1.386421E-012	-2.007307E-012	-1	0.000000E+000
12	21.02493242	-2.155307E-012	-1.507290E-012	0	0.000000E+000
12	21.10351803	-1.345139E-012	-2.049577E-012	-1	0.000000E+000
12	21.15969943	-2.022227E-012	-1.369603E-012	0	0.000000E+000
12	21.16777394	-1.478157E-012	-2.064036E-012	-1	0.000000E+000
12	21.19933452	-2.190375E-012	-1.488842E-012	0	0.000000E+000
12	21.20486862	-1.464109E-012	-2.335146E-012	-1	0.000000E+000
12	21.20550316	-2.335146E-012	-1.520147E-012	0	0.000000E+000
12	21.21583085	-1.429872E-012	-2.258458E-012	-1	0.000000E+000
12	21.25332480	-2.110200E-012	-1.504988E-012	0	0.000000E+000
12	21.31244990	-1.473830E-012	-2.262450E-012	-1	0.000000E+000
12	21.31318404	-2.262450E-012	-1.462289E-012	0	0.000000E+000
12	21.32606116	-1.516295E-012	-2.430565E-012	-1	0.000000E+000
12	21.32674529	-2.430565E-012	-1.535856E-012	0	0.000000E+000
12	21.33607606	-1.435158E-012	-2.158496E-012	-1	0.000000E+000
12	21.36503428	-2.113777E-012	-1.485688E-012	0	0.000000E+000
12	21.36907370	-1.485688E-012	-2.038314E-012	-1	0.000000E+000
12	21.38169362	-2.248891E-012	-1.471051E-012	0	0.000000E+000
12	21.39797418	-1.551399E-012	-2.233726E-012	-1	0.000000E+000
12	21.40226446	-2.142911E-012	-1.449730E-012	0	0.000000E+000
12	21.40290750	-1.449730E-012	-2.294170E-012	-1	0.000000E+000
12	21.42297889	-2.259379E-012	-1.537897E-012	0	0.000000E+000
12	21.42412071	-1.623398E-012	-2.196439E-012	-1	0.000000E+000
12	21.46279683	-2.079195E-012	-1.431256E-012	0	0.000000E+000
12	21.50180924	-1.404852E-012	-2.091566E-012	-1	0.000000E+000
12	21.53597477	-2.180737E-012	-1.387966E-012	0	0.000000E+000
12	21.53696366	-1.387966E-012	-2.230409E-012	-1	0.000000E+000
12	21.54003981	-2.230409E-012	-1.385333E-012	0	0.000000E+000
12	21.54086898	-1.385333E-012	-2.059090E-012	-1	0.000000E+000
12	21.56223768	-2.059090E-012	-1.467328E-012	0	0.000000E+000
12	21.56382809	-1.484668E-012	-2.043203E-012	-1	0.000000E+000
12	21.57505795	-2.128836E-012	-1.515210E-012	0	0.000000E+000
12	21.57594603	-1.515210E-012	-2.240256E-012	-1	0.000000E+000
12	21.57665791	-2.240256E-012	-1.456642E-012	0	0.000000E+000
12	21.61901504	-1.596454E-012	-2.300622E-012	-1	0.000000E+000
12	21.63906153	-2.300622E-012	-1.550426E-012	0	0.000000E+000
12	21.63964737	-1.550426E-012	-2.116865E-012	-1	0.000000E+000
12	21.69061728	-2.142621E-012	-1.432686E-012	0	0.000000E+000
12	21.69146301	-1.432686E-012	-2.104728E-012	-1	0.000000E+000
12	21.76922498	-2.064560E-012	-1.451163E-012	0	0.000000E+000
12	21.78699341	-1.422648E-012	-2.202336E-012	-1	0.000000E+000
12	21.78903235	-2.178928E-012	-1.500601E-012	0	0.000000E+000
