3	0.01191040	-9.597534E-012	-1.023651E-011	-1	0.000000E+000
3	0.03204599	-1.025533E-011	-9.780261E-012	0	0.000000E+000
3	0.03583835	-9.697574E-012	-1.028931E-011	-1	0.000000E+000
3	0.21291188	-1.028931E-011	-9.665950E-012	0	0.000000E+000
3	0.22023354	-9.708233E-012	-1.025767E-011	-1	0.000000E+000
3	0.27263998	-1.030988E-011	-9.739424E-012	0	0.000000E+000
3	0.27368785	-9.761036E-012	-1.031000E-011	-1	0.000000E+000
3	0.46178468	-1.024798E-011	-9.630939E-012	0	0.000000E+000
3	0.51983233	-9.818207E-012	-1.038726E-011	-1	0.000000E+000
3	0.63101961	-1.026323E-011	-9.666443E-012	0	0.000000E+000
3	0.63275076	-9.666443E-012	-1.021829E-011	-1	0.000000E+000
3	0.79322764	-1.039307E-011	-9.816609E-012	0	0.000000E+000
3	0.79758519	-9.864009E-012	-1.035708E-011	-1	0.000000E+000
3	0.91826088	-1.035904E-011	-9.772671E-012	0	0.000000E+000
3	0.91986113	-9.737570E-012	-1.026927E-011	-1	0.000000E+000
3	1.23453089	-1.015138E-011	-9.449939E-012	0	0.000000E+000
3	1.23629353	-9.449939E-012	-1.018768E-011	-1	0.000000E+000
3	1.27375429	-1.031736E-011	-9.706685E-012	0	0.000000E+000
3	1.27514007	-9.735839E-012	-1.030761E-011	-1	0.000000E+000
3	1.28296011	-1.029028E-011	-9.760963E-012	0	0.000000E+000
3	1.28424606	-9.781635E-012	-1.039430E-011	-1	0.000000E+000
3	1.33629802	-1.028036E-011	-9.692362E-012	0	0.000000E+000
3	1.34419848	-9.710115E-012	-1.031916E-011	-1	0.000000E+000
3	1.40706243	-1.024615E-011	-9.748966E-012	0	0.000000E+000
3	1.41925645	-9.725184E-012	-1.028866E-011	-1	0.000000E+000
3	1.50686172	-1.034175E-011	-9.781638E-012	0	0.000000E+000
3	1.51059322	-9.784730E-012	-1.048880E-011	-1	0.000000E+000
3	1.60548748	-1.043712E-011	-9.738754E-012	0	0.000000E+000
3	1.61055711	-9.728419E-012	-1.031643E-011	-1	0.000000E+000
3	1.61637685	-1.031572E-011	-9.729208E-012	0	0.000000E+000
3	1.62772694	-9.797118E-012	-1.032790E-011	-1	0.000000E+000
3	1.81756996	-1.051394E-011	-9.842884E-012	0	0.000000E+000
3	1.82186589	-9.896458E-012	-1.033014E-011	-1	0.000000E+000
3	1.93110000	-1.033014E-011	-9.769156E-012	0	0.000000E+000
3	1.94311623	-9.732173E-012	-1.027405E-011	-1	0.000000E+000
3	2.00169736	-1.038346E-011	-9.805900E-012	0	0.000000E+000
3	2.00916771	-9.789985E-012	-1.028834E-011	-1	0.000000E+000
3	2.06555672	-1.036186E-011	-9.701286E-012	0	0.000000E+000
3	2.07085366	-9.710729E-012	-1.031552E-011	-1	0.000000E+000
3	2.16270165	-1.048413E-011	-9.882378E-012	0	0.000000E+000
3	2.16865356	-9.941678E-012	-1.044372E-011	-1	0.000000E+000
3	2.17773650	-1.043653E-011	-9.907160E-012	0	0.000000E+000
3	2.17961444	-9.981552E-012	-1.049381E-011	-1	0.000000E+000
3	2.18941910	-1.049381E-011	-9.949932E-012	0	0.000000E+000
3	2.19061629	-9.949932E-012	-1.049529E-011	-1	0.000000E+000
3	2.19590837	-1.044362E-011	-9.891248E-012	0	0.000000E+000
3	2.19655511	-9.891248E-012	-1.041672E-011	-1	0.000000E+000
3	2.21916410	-1.045807E-011	-9.920387E-012	0	0.000000E+000
3	2.22349999	-9.969349E-012	-1.053967E-011	-1	0.000000E+000
3	2.24191927	-1.046954E-011	-9.879450E-012	0	0.000000E+000
3	2.24269692	-9.879450E-012	-1.043705E-011	-1	0.000000E+000
3	2.25516895	-1.044718E-011	-9.854242E-012	0	0.000000E+000
3	2.25649393	-9.910820E-012	-1.046313E-011	-1	0.000000E+000
3	2.25960421	-1.043497E-011	-9.796352E-012	0	0.000000E+000
3	2.28199803	-9.799054E-012	-1.037213E-011	-1	0.000000E+000
3	2.33468138	-1.026296E-011	-9.703911E-012	0	0.000000E+000
3	2.33563461	-9.700949E-012	-1.027503E-011	-1	0.000000E+000
3	2.39277988	-1.031983E-011	-9.660607E-012	0	0.000000E+000
3	2.39383657	-9.673158E-012	-1.027091E-011	-1	0.000000E+000
3	2.39486013	-1.017284E-011	-9.693982E-012	0	0.000000E+000
3	2.39868349	-9.729326E-012	-1.030614E-011	-1	0.000000E+000
3	2.47340029	-1.036333E-011	-9.695456E-012	0	0.000000E+000
3	2.47432444	-9.695456E-012	-1.036636E-011	-1	0.000000E+000
3	2.48161075	-1.034538E-011	-9.841687E-012	0	0.000000E+000
3	2.48325459	-9.829085E-012	-1.061729E-011	-1	0.000000E+000
3	2.48489585	-1.047100E-011	-9.863423E-012	0	0.000000E+000
3	2.48834907	-9.794964E-012	-1.045448E-011	-1	0.000000E+000
3	2.52140380	-1.036545E-011	-9.839477E-012	0	0.000000E+000
3	2.52456929	-9.848357E-012	-1.047567E-011	-1	0.000000E+000
3	2.59593133	-1.046711E-011	-9.840754E-012	0	0.000000E+000
3	2.60128413	-9.885761E-012	-1.042839E-011	-1	0.000000E+000
3	2.69400007	-1.025924E-011	-9.702275E-012	0	0.000000E+000
3	2.69805935	-9.739542E-012	-1.026649E-011	-1	0.000000E+000
3	2.78339892	-1.031231E-011	-9.748555E-012	0	0.000000E+000
3	2.78578321	-9.738219E-012	-1.024285E-011	-1	0.000000E+000
3	2.80509578	-1.037997E-011	-9.839161E-012	0	0.000000E+000
3	2.80734619	-9.857362E-012	-1.043852E-011	-1	0.000000E+000
3	2.86075049	-1.043852E-011	-9.870724E-012	0	0.000000E+000
3	2.86765973	-9.919807E-012	-1.050007E-011	-1	0.000000E+000
3	2.89371760	-1.030185E-011	-9.798495E-012	0	0.000000E+000
3	2.89473170	-9.837562E-012	-1.041155E-011	-1	0.000000E+000
3	2.89798028	-1.034629E-011	-9.930197E-012	0	0.000000E+000
3	2.89926928	-9.963947E-012	-1.038835E-011	-1	0.000000E+000
3	2.93629212	-1.027639E-011	-9.653687E-012	0	0.000000E+000
3	2.94622923	-9.736134E-012	-1.041200E-011	-1	0.000000E+000
3	2.97231571	-1.026563E-011	-9.655226E-012	0	0.000000E+000
3	2.97344358	-9.655226E-012	-1.027823E-011	-1	0.000000E+000
3	2.98019673	-1.032102E-011	-9.624125E-012	0	0.000000E+000
3	2.99044908	-9.751706E-012	-1.036892E-011	-1	0.000000E+000
3	3.00461048	-1.025473E-011	-9.720796E-012	0	0.000000E+000
3	3.01155897	-9.706484E-012	-1.030972E-011	-1	0.000000E+000
3	3.07543581	-1.030409E-011	-9.605259E-012	0	0.000000E+000
3	3.07723257	-9.605259E-012	-1.016148E-011	-1	0.000000E+000
3	3.21941998	-1.028888E-011	-9.636483E-012	0	0.000000E+000
3	3.22172676	-9.680022E-012	-1.031688E-011	-1	0.000000E+000
3	3.35794309	-1.048101E-011	-9.882170E-012	0	0.000000E+000
3	3.36173934	-9.950782E-012	-1.059267E-011	-1	0.000000E+000
3	3.40283466	-1.059267E-011	-1.000790E-011	0	0.000000E+000
3	3.42484735	-9.873141E-012	-1.031161E-011	-1	0.000000E+000
3	3.43938925	-1.024106E-011	-9.584632E-012	0	0.000000E+000
3	3.44009111	-9.584632E-012	-1.019323E-011	-1	0.000000E+000
3	3.54835053	-1.038169E-011	-9.784317E-012	0	0.000000E+000
3	3.55065650	-9.809684E-012	-1.036602E-011	-1	0.000000E+000
3	3.60705626	-1.043618E-011	-9.836416E-012	0	0.000000E+000
3	3.61411059	-9.823110E-012	-1.047232E-011	-1	0.000000E+000
3	3.71131268	-1.029624E-011	-9.720230E-012	0	0.000000E+000
3	3.71289889	-9.720230E-012	-1.030093E-011	-1	0.000000E+000
3	3.71969029	-1.026480E-011	-9.707664E-012	0	0.000000E+000
3	3.72025911	-9.707664E-012	-1.024465E-011	-1	0.000000E+000
3	3.86135917	-1.049429E-011	-9.893803E-012	0	0.000000E+000
3	3.87323406	-9.980832E-012	-1.042705E-011	-1	0.000000E+000
3	3.89570803	-1.047003E-011	-9.863080E-012	0	0.000000E+000
3	3.90055307	-9.800396E-012	-1.040527E-011	-1	0.000000E+000
3	3.96929537	-1.041273E-011	-9.893024E-012	0	0.000000E+000
3	3.97087532	-9.905378E-012	-1.042973E-011	-1	0.000000E+000
3	4.01501727	-1.039496E-011	-9.884107E-012	0	0.000000E+000
3	4.01741114	-9.898939E-012	-1.045589E-011	-1	0.000000E+000
3	4.06158908	-1.049594E-011	-9.973936E-012	0	0.000000E+000
3	4.06457608	-9.973936E-012	-1.063611E-011	-1	0.000000E+000
3	4.08638145	-1.046040E-011	-9.928749E-012	0	0.000000E+000
3	4.08827927	-9.985168E-012	-1.036957E-011	-1	0.000000E+000
3	4.11187758	-1.040165E-011	-9.861466E-012	0	0.000000E+000
3	4.11352912	-9.885577E-012	-1.045723E-011	-1	0.000000E+000
3	4.15472823	-1.045148E-011	-9.811823E-012	0	0.000000E+000
3	4.16791670	-9.811823E-012	-1.052902E-011	-1	0.000000E+000
3	4.17136097	-1.052902E-011	-9.870682E-012	0	0.000000E+000
3	4.17320553	-9.850905E-012	-1.041946E-011	-1	0.000000E+000
3	4.36418910	-1.032146E-011	-9.831862E-012	0	0.000000E+000
3	4.36596095	-9.864534E-012	-1.041627E-011	-1	0.000000E+000
3	4.38889283	-1.043264E-011	-9.853751E-012	0	0.000000E+000
3	4.40013550	-9.750008E-012	-1.028848E-011	-1	0.000000E+000
3	4.41376356	-1.044019E-011	-9.904573E-012	0	0.000000E+000
3	4.41548008	-9.912088E-012	-1.050795E-011	-1	0.000000E+000
3	4.48920245	-1.032155E-011	-9.775126E-012	0	0.000000E+000
3	4.49065951	-9.775845E-012	-1.041521E-011	-1	0.000000E+000
3	4.55911806	-1.051052E-011	-9.799921E-012	0	0.000000E+000
3	4.56008470	-9.799921E-012	-1.054693E-011	-1	0.000000E+000
3	4.65336499	-1.045391E-011	-9.756750E-012	0	0.000000E+000
3	4.65409093	-9.756750E-012	-1.038343E-011	-1	0.000000E+000
3	4.76916740	-1.056316E-011	-9.880543E-012	0	0.000000E+000
3	4.76998984	-9.880543E-012	-1.058311E-011	-1	0.000000E+000
3	4.89885737	-1.037332E-011	-9.885004E-012	0	0.000000E+000
3	4.89990885	-9.895183E-012	-1.046496E-011	-1	0.000000E+000
3	4.95839517	-1.045331E-011	-9.882387E-012	0	0.000000E+000
3	4.95930297	-9.892387E-012	-1.047947E-011	-1	0.000000E+000
3	5.14294556	-1.042055E-011	-9.705946E-012	0	0.000000E+000
3	5.14878618	-9.757626E-012	-1.050347E-011	-1	0.000000E+000
3	5.23743275	-1.052018E-011	-9.774241E-012	0	0.000000E+000
3	5.24011136	-9.763325E-012	-1.048599E-011	-1	0.000000E+000
3	5.53704957	-1.059011E-011	-9.950375E-012	0	0.000000E+000
3	5.54236850	-9.909595E-012	-1.054485E-011	-1	0.000000E+000
3	5.76853542	-1.058673E-011	-9.886160E-012	0	0.000000E+000
3	5.77070000	-9.886160E-012	-1.058845E-011	-1	0.000000E+000
3	5.87040440	-1.058203E-011	-9.896930E-012	0	0.000000E+000
3	5.88187146	-9.914520E-012	-1.047890E-011	-1	0.000000E+000
3	5.89342904	-1.061441E-011	-9.965628E-012	0	0.000000E+000
3	5.89559619	-9.983917E-012	-1.055885E-011	-1	0.000000E+000
3	5.90850563	-1.056956E-011	-9.885157E-012	0	0.000000E+000
3	5.90933530	-9.885157E-012	-1.051880E-011	-1	0.000000E+000
3	5.92266937	-1.051880E-011	-9.872305E-012	0	0.000000E+000
3	5.92396988	-9.872305E-012	-1.046280E-011	-1	0.000000E+000
3	6.27895246	-1.068867E-011	-1.003471E-011	0	0.000000E+000
3	6.28510095	-1.005730E-011	-1.062664E-011	-1	0.000000E+000
3	6.34040088	-1.070145E-011	-1.021398E-011	0	0.000000E+000
3	6.34617256	-1.025885E-011	-1.073971E-011	-1	0.000000E+000
3	6.43026999	-1.073971E-011	-1.003573E-011	0	0.000000E+000
3	6.43121972	-1.003857E-011	-1.058439E-011	-1	0.000000E+000
3	6.54698283	-1.053962E-011	-9.856209E-012	0	0.000000E+000
3	6.54873738	-9.845034E-012	-1.054433E-011	-1	0.000000E+000
3	6.68411273	-1.054433E-011	-9.939968E-012	0	0.000000E+000
3	6.68659143	-9.960325E-012	-1.054270E-011	-1	0.000000E+000
3	6.91655492	-1.065988E-011	-1.007680E-011	0	0.000000E+000
3	6.92269509	-1.009651E-011	-1.076559E-011	-1	0.000000E+000
3	6.92363739	-1.073382E-011	-1.007915E-011	0	0.000000E+000
3	6.93588832	-1.002034E-011	-1.066530E-011	-1	0.000000E+000
3	6.97923126	-1.071125E-011	-1.004211E-011	0	0.000000E+000
3	6.99995451	-1.004211E-011	-1.065587E-011	-1	0.000000E+000
3	7.03106850	-1.056727E-011	-9.871931E-012	0	0.000000E+000
3	7.04105166	-9.893932E-012	-1.048041E-011	-1	0.000000E+000
3	7.11426098	-1.065575E-011	-1.001631E-011	0	0.000000E+000
3	7.11602476	-1.001962E-011	-1.066445E-011	-1	0.000000E+000
3	7.14289866	-1.061477E-011	-1.002207E-011	0	0.000000E+000
3	7.14553186	-1.002207E-011	-1.058944E-011	-1	0.000000E+000
3	7.16879658	-1.055163E-011	-9.963209E-012	0	0.000000E+000
3	7.16996473	-1.000248E-011	-1.064054E-011	-1	0.000000E+000
3	7.34480898	-1.070430E-011	-1.003573E-011	0	0.000000E+000
3	7.35062043	-9.995397E-012	-1.061866E-011	-1	0.000000E+000
3	7.40904075	-1.065938E-011	-1.006765E-011	0	0.000000E+000
3	7.41028072	-1.006723E-011	-1.070384E-011	-1	0.000000E+000
3	7.41858067	-1.071115E-011	-1.009276E-011	0	0.000000E+000
3	7.41926079	-1.009276E-011	-1.066747E-011	-1	0.000000E+000
3	7.44546959	-1.058115E-011	-9.997896E-012	0	0.000000E+000
3	7.45508833	-9.997896E-012	-1.052280E-011	-1	0.000000E+000
3	7.52611868	-1.072952E-011	-1.006273E-011	0	0.000000E+000
3	7.55259203	-1.005320E-011	-1.071069E-011	-1	0.000000E+000
3	7.60480402	-1.080224E-011	-1.008885E-011	0	0.000000E+000
3	7.60767914	-1.008885E-011	-1.082325E-011	-1	0.000000E+000
3	7.63828964	-1.065238E-011	-1.004422E-011	0	0.000000E+000
3	7.64363984	-1.009082E-011	-1.071891E-011	-1	0.000000E+000
3	7.64809284	-1.068878E-011	-1.000230E-011	0	0.000000E+000
3	7.64985722	-1.000230E-011	-1.072852E-011	-1	0.000000E+000
3	7.71226283	-1.070596E-011	-1.003804E-011	0	0.000000E+000
3	7.71385612	-1.006746E-011	-1.066594E-011	-1	0.000000E+000
3	7.72083031	-1.073640E-011	-1.018869E-011	0	0.000000E+000
3	7.72712169	-1.018869E-011	-1.078838E-011	-1	0.000000E+000
3	7.76188858	-1.077597E-011	-1.032847E-011	0	0.000000E+000
3	7.76570001	-1.033275E-011	-1.085363E-011	-1	0.000000E+000
3	7.76907161	-1.071998E-011	-1.018930E-011	0	0.000000E+000
3	7.77120680	-1.019496E-011	-1.080572E-011	-1	0.000000E+000
3	7.77783341	-1.078361E-011	-1.019382E-011	0	0.000000E+000
3	7.78599791	-1.016152E-011	-1.068689E-011	-1	0.000000E+000
3	7.88047974	-1.072236E-011	-1.026704E-011	0	0.000000E+000
3	7.88211133	-1.028687E-011	-1.076413E-011	-1	0.000000E+000
3	7.88900466	-1.076413E-011	-1.030173E-011	0	0.000000E+000
3	7.89356224	-1.030173E-011	-1.087706E-011	-1	0.000000E+000
3	7.89931686	-1.087706E-011	-1.033319E-011	0	0.000000E+000
3	7.90047287	-1.033035E-011	-1.091340E-011	-1	0.000000E+000
3	7.90514906	-1.083193E-011	-1.033739E-011	0	0.000000E+000
3	7.90785598	-1.033739E-011	-1.078596E-011	-1	0.000000E+000
3	7.91620250	-1.078596E-011	-1.027141E-011	0	0.000000E+000
3	7.91696087	-1.027141E-011	-1.089282E-011	-1	0.000000E+000
3	7.92678440	-1.079589E-011	-1.028877E-011	0	0.000000E+000
3	7.92785474	-1.033726E-011	-1.087616E-011	-1	0.000000E+000
3	7.92971594	-1.079678E-011	-1.028877E-011	0	0.000000E+000
3	7.94005312	-1.022359E-011	-1.071561E-011	-1	0.000000E+000
3	7.95927348	-1.069432E-011	-1.025239E-011	0	0.000000E+000
3	7.96254786	-1.025210E-011	-1.080694E-011	-1	0.000000E+000
3	7.97127335	-1.065596E-011	-1.026964E-011	0	0.000000E+000
3	7.97385897	-1.020149E-011	-1.082942E-011	-1	0.000000E+000
3	7.98901337	-1.070254E-011	-1.013421E-011	0	0.000000E+000
3	7.99050000	-1.013421E-011	-1.065398E-011	-1	0.000000E+000
3	8.00406844	-1.074448E-011	-1.022740E-011	0	0.000000E+000
3	8.05561772	-1.026615E-011	-1.083483E-011	-1	0.000000E+000
3	8.10372578	-1.073147E-011	-1.003258E-011	0	0.000000E+000
3	8.10747187	-1.003258E-011	-1.067728E-011	-1	0.000000E+000
3	8.27983487	-1.067728E-011	-1.015827E-011	0	0.000000E+000
3	8.28728405	-1.011665E-011	-1.060746E-011	-1	0.000000E+000
3	8.37361616	-1.064927E-011	-1.011632E-011	0	0.000000E+000
3	8.37681275	-1.014712E-011	-1.070128E-011	-1	0.000000E+000
3	8.38330028	-1.069081E-011	-1.010759E-011	0	0.000000E+000
3	8.38786575	-1.010759E-011	-1.072299E-011	-1	0.000000E+000
3	8.39356179	-1.060655E-011	-1.003074E-011	0	0.000000E+000
3	8.39486538	-1.006599E-011	-1.062830E-011	-1	0.000000E+000
3	8.40794831	-1.068946E-011	-1.015015E-011	0	0.000000E+000
3	8.40923000	-1.014893E-011	-1.074921E-011	-1	0.000000E+000
3	8.41302761	-1.071360E-011	-1.011694E-011	0	0.000000E+000
3	8.41534015	-1.011694E-011	-1.061684E-011	-1	0.000000E+000
3	8.44609124	-1.080408E-011	-1.019036E-011	0	0.000000E+000
3	8.44712540	-1.015181E-011	-1.071773E-011	-1	0.000000E+000
3	8.51521171	-1.076149E-011	-1.025380E-011	0	0.000000E+000
3	8.53245007	-1.029857E-011	-1.078626E-011	-1	0.000000E+000
3	8.56004833	-1.064883E-011	-1.015641E-011	0	0.000000E+000
3	8.56139410	-1.015641E-011	-1.073978E-011	-1	0.000000E+000
3	8.58266384	-1.073978E-011	-1.020894E-011	0	0.000000E+000
3	8.61607062	-1.020091E-011	-1.072225E-011	-1	0.000000E+000
3	8.62079840	-1.070593E-011	-1.009928E-011	0	0.000000E+000
3	8.62557874	-1.009928E-011	-1.063892E-011	-1	0.000000E+000
3	8.63376902	-1.063892E-011	-1.007501E-011	0	0.000000E+000
3	8.69912431	-1.012564E-011	-1.070203E-011	-1	0.000000E+000
3	8.70806767	-1.070326E-011	-1.005120E-011	0	0.000000E+000
3	8.70916406	-1.007047E-011	-1.058666E-011	-1	0.000000E+000
3	8.71336817	-1.058666E-011	-1.003213E-011	0	0.000000E+000
3	8.71382369	-1.003213E-011	-1.058818E-011	-1	0.000000E+000
3	8.75526667	-1.074988E-011	-1.014117E-011	0	0.000000E+000
3	8.76047394	-1.021557E-011	-1.086440E-011	-1	0.000000E+000
3	8.77289226	-1.086440E-011	-1.010130E-011	0	0.000000E+000
3	8.77345745	-1.010130E-011	-1.060012E-011	-1	0.000000E+000
3	8.77882362	-1.064980E-011	-1.000457E-011	0	0.000000E+000
3	8.78009674	-1.002965E-011	-1.073031E-011	-1	0.000000E+000
3	8.81462543	-1.064310E-011	-9.981612E-012	0	0.000000E+000
3	8.82089642	-1.002026E-011	-1.065913E-011	-1	0.000000E+000
3	8.88512323	-1.074396E-011	-1.012308E-011	0	0.000000E+000
3	8.92569563	-1.014949E-011	-1.078504E-011	-1	0.000000E+000
3	8.93341894	-1.066101E-011	-1.017467E-011	0	0.000000E+000
3	8.93473301	-1.020645E-011	-1.093192E-011	-1	0.000000E+000
3	8.93549752	-1.093192E-011	-1.035333E-011	0	0.000000E+000
3	8.96306735	-1.025181E-011	-1.092659E-011	-1	0.000000E+000
3	8.98808008	-1.092659E-011	-1.029934E-011	0	0.000000E+000
3	8.99651519	-1.022560E-011	-1.075687E-011	-1	0.000000E+000
3	9.00059318	-1.069101E-011	-1.023020E-011	0	0.000000E+000
3	9.00186537	-1.027144E-011	-1.077629E-011	-1	0.000000E+000
3	9.02367134	-1.063743E-011	-1.018678E-011	0	0.000000E+000
3	9.02478794	-1.021904E-011	-1.068121E-011	-1	0.000000E+000
3	9.04803261	-1.068121E-011	-1.008034E-011	0	0.000000E+000
3	9.04942182	-1.008034E-011	-1.070324E-011	-1	0.000000E+000
3	9.09265954	-1.075709E-011	-1.015829E-011	0	0.000000E+000
3	9.10084078	-1.013589E-011	-1.061440E-011	-1	0.000000E+000
3	9.11568809	-1.069709E-011	-9.981110E-012	0	0.000000E+000
3	9.12481195	-1.004313E-011	-1.071877E-011	-1	0.000000E+000
3	9.18251112	-1.068615E-011	-1.001054E-011	0	0.000000E+000
3	9.18517573	-1.002807E-011	-1.060195E-011	-1	0.000000E+000
3	9.25129230	-1.073878E-011	-1.015488E-011	0	0.000000E+000
3	9.25294477	-1.025596E-011	-1.078249E-011	-1	0.000000E+000
3	9.35413307	-1.075148E-011	-1.017367E-011	0	0.000000E+000
3	9.35664208	-1.018124E-011	-1.076021E-011	-1	0.000000E+000
3	9.37282792	-1.076021E-011	-1.008850E-011	0	0.000000E+000
3	9.37398531	-1.008850E-011	-1.051740E-011	-1	0.000000E+000
3	9.37720951	-1.059672E-011	-1.011433E-011	0	0.000000E+000
3	9.37821330	-1.024610E-011	-1.079852E-011	-1	0.000000E+000
3	9.38178023	-1.062773E-011	-1.005232E-011	0	0.000000E+000
3	9.38311432	-1.006497E-011	-1.056658E-011	-1	0.000000E+000
3	9.46270592	-1.075689E-011	-1.014554E-011	0	0.000000E+000
3	9.46505059	-1.013740E-011	-1.074564E-011	-1	0.000000E+000
3	9.58503931	-1.059015E-011	-1.010157E-011	0	0.000000E+000
3	9.58655609	-1.015068E-011	-1.073143E-011	-1	0.000000E+000
3	9.58916960	-1.073143E-011	-1.016620E-011	0	0.000000E+000
3	9.59047872	-1.015628E-011	-1.069657E-011	-1	0.000000E+000
3	9.61439704	-1.076450E-011	-1.012003E-011	0	0.000000E+000
3	9.61667730	-1.015071E-011	-1.081277E-011	-1	0.000000E+000
3	9.64319525	-1.082023E-011	-1.021485E-011	0	0.000000E+000
3	9.64565553	-1.022762E-011	-1.081204E-011	-1	0.000000E+000
3	9.67682602	-1.081204E-011	-1.011105E-011	0	0.000000E+000
3	9.67971976	-1.006188E-011	-1.068302E-011	-1	0.000000E+000
3	9.69760985	-1.065715E-011	-1.013273E-011	0	0.000000E+000
3	9.70419004	-1.002035E-011	-1.060468E-011	-1	0.000000E+000
3	9.79595335	-1.071888E-011	-1.013981E-011	0	0.000000E+000
3	9.79755183	-1.013981E-011	-1.084185E-011	-1	0.000000E+000
3	9.82134223	-1.077983E-011	-1.013303E-011	0	0.000000E+000
3	9.82273371	-1.012017E-011	-1.069897E-011	-1	0.000000E+000
3	9.84166415	-1.079190E-011	-1.020185E-011	0	0.000000E+000
3	9.84366486	-1.019733E-011	-1.071267E-011	-1	0.000000E+000
3	9.84647105	-1.075441E-011	-1.009560E-011	0	0.000000E+000
3	9.84827430	-1.005860E-011	-1.068689E-011	-1	0.000000E+000
3	9.85955268	-1.075236E-011	-1.014761E-011	0	0.000000E+000
3	9.86171081	-1.015954E-011	-1.092276E-011	-1	0.000000E+000
3	9.88022832	-1.066436E-011	-1.000004E-011	0	0.000000E+000
3	9.88160568	-1.000004E-011	-1.062250E-011	-1	0.000000E+000
3	9.92760225	-1.063881E-011	-1.002813E-011	0	0.000000E+000
3	9.92871089	-1.002813E-011	-1.068453E-011	-1	0.000000E+000
3	9.95614498	-1.068381E-011	-1.013572E-011	0	0.000000E+000
3	9.95970563	-1.013572E-011	-1.066625E-011	-1	0.000000E+000
3	9.97633963	-1.062200E-011	-9.872133E-012	0	0.000000E+000
3	9.97849212	-9.884759E-012	-1.061820E-011	-1	0.000000E+000
3	9.99076325	-1.081847E-011	-1.001858E-011	0	0.000000E+000
3	9.99311812	-1.001917E-011	-1.080806E-011	-1	0.000000E+000
3	10.12069998	-1.080806E-011	-1.005226E-011	0	0.000000E+000
3	10.12238114	-1.005948E-011	-1.072722E-011	-1	0.000000E+000
3	10.20320850	-1.072722E-011	-1.000858E-011	0	0.000000E+000
3	10.22394638	-1.000858E-011	-1.066400E-011	-1	0.000000E+000
3	10.22653541	-1.055514E-011	-1.007642E-011	0	0.000000E+000
3	10.22702897	-1.007642E-011	-1.055730E-011	-1	0.000000E+000
3	10.27846343	-1.071790E-011	-1.002414E-011	0	0.000000E+000
3	10.27915069	-1.002414E-011	-1.065735E-011	-1	0.000000E+000
3	10.30861109	-1.072847E-011	-1.015724E-011	0	0.000000E+000
3	10.31159371	-1.021364E-011	-1.073857E-011	-1	0.000000E+000
3	10.33546383	-1.067549E-011	-1.015931E-011	0	0.000000E+000
3	10.33712850	-1.019561E-011	-1.066162E-011	-1	0.000000E+000
3	10.34671233	-1.061262E-011	-1.007224E-011	0	0.000000E+000
3	10.34755260	-1.007224E-011	-1.053721E-011	-1	0.000000E+000
3	10.35171465	-1.056943E-011	-1.000405E-011	0	0.000000E+000
3	10.35356660	-1.000405E-011	-1.054722E-011	-1	0.000000E+000
3	10.35597892	-1.050588E-011	-1.006170E-011	0	0.000000E+000
3	10.35702366	-1.005839E-011	-1.061596E-011	-1	0.000000E+000
3	10.43545178	-1.081999E-011	-1.025186E-011	0	0.000000E+000
3	10.43719019	-1.019374E-011	-1.080315E-011	-1	0.000000E+000
3	10.43956885	-1.089996E-011	-1.031729E-011	0	0.000000E+000
3	10.44480419	-1.026819E-011	-1.083368E-011	-1	0.000000E+000
3	10.46731730	-1.075798E-011	-1.017951E-011	0	0.000000E+000
3	10.46840025	-1.019133E-011	-1.069551E-011	-1	0.000000E+000
3	10.70255044	-1.083947E-011	-1.022482E-011	0	0.000000E+000
3	10.70910000	-1.022482E-011	-1.090885E-011	-1	0.000000E+000
3	10.88297296	-1.076214E-011	-1.011500E-011	0	0.000000E+000
3	10.88546271	-1.011500E-011	-1.075014E-011	-1	0.000000E+000
3	10.91479003	-1.071519E-011	-1.012782E-011	0	0.000000E+000
3	10.91586373	-1.015745E-011	-1.091575E-011	-1	0.000000E+000
3	10.93356254	-1.074004E-011	-1.004870E-011	0	0.000000E+000
3	10.94930000	-1.004870E-011	-1.071778E-011	-1	0.000000E+000
3	10.99531267	-1.076357E-011	-9.983183E-012	0	0.000000E+000
3	10.99789335	-1.006009E-011	-1.075825E-011	-1	0.000000E+000
3	11.21760321	-1.080881E-011	-1.020652E-011	0	0.000000E+000
3	11.21846223	-1.020652E-011	-1.093536E-011	-1	0.000000E+000
3	11.23000843	-1.093536E-011	-1.004930E-011	0	0.000000E+000
3	11.25891324	-1.009839E-011	-1.073021E-011	-1	0.000000E+000
3	11.32410343	-1.082049E-011	-1.018978E-011	0	0.000000E+000
3	11.32589950	-1.024743E-011	-1.077915E-011	-1	0.000000E+000
3	11.34661255	-1.071387E-011	-1.008444E-011	0	0.000000E+000
3	11.35450000	-1.008444E-011	-1.071787E-011	-1	0.000000E+000
3	11.39016747	-1.079400E-011	-1.027258E-011	0	0.000000E+000
3	11.39493671	-1.017956E-011	-1.086359E-011	-1	0.000000E+000
3	11.47174529	-1.079955E-011	-1.004445E-011	0	0.000000E+000
3	11.47594639	-1.028526E-011	-1.105962E-011	-1	0.000000E+000
3	11.49730000	-1.093559E-011	-1.022069E-011	0	0.000000E+000
3	11.50226811	-1.023392E-011	-1.090949E-011	-1	0.000000E+000
3	11.65607352	-1.078772E-011	-1.022017E-011	0	0.000000E+000
3	11.65752192	-1.022682E-011	-1.076961E-011	-1	0.000000E+000
3	11.67599654	-1.076120E-011	-1.025782E-011	0	0.000000E+000
3	11.67884770	-1.026790E-011	-1.078975E-011	-1	0.000000E+000
3	11.70005760	-1.091727E-011	-1.017051E-011	0	0.000000E+000
3	11.70141046	-1.017051E-011	-1.077772E-011	-1	0.000000E+000
3	11.75250986	-1.080921E-011	-1.015524E-011	0	0.000000E+000
3	11.75510726	-1.015524E-011	-1.075244E-011	-1	0.000000E+000
3	11.78720775	-1.084469E-011	-1.015839E-011	0	0.000000E+000
3	11.78788314	-1.015839E-011	-1.079256E-011	-1	0.000000E+000
3	11.79769295	-1.088483E-011	-1.024695E-011	0	0.000000E+000
3	11.79874937	-1.024695E-011	-1.095504E-011	-1	0.000000E+000
3	11.81437072	-1.095636E-011	-1.021648E-011	0	0.000000E+000
3	11.81525309	-1.021648E-011	-1.083053E-011	-1	0.000000E+000
3	11.83446318	-1.084682E-011	-1.012397E-011	0	0.000000E+000
3	11.83590000	-1.012397E-011	-1.084038E-011	-1	0.000000E+000
3	11.90703794	-1.094344E-011	-1.035100E-011	0	0.000000E+000
3	11.90836743	-1.035100E-011	-1.082310E-011	-1	0.000000E+000
3	11.93425709	-1.088167E-011	-1.036070E-011	0	0.000000E+000
3	11.93798324	-1.036070E-011	-1.095019E-011	-1	0.000000E+000
3	12.00430167	-1.069979E-011	-1.023242E-011	0	0.000000E+000
3	12.01122073	-1.032831E-011	-1.101701E-011	-1	0.000000E+000
3	12.05710301	-1.095726E-011	-9.929765E-012	0	0.000000E+000
3	12.05889404	-9.929765E-012	-1.079001E-011	-1	0.000000E+000
3	12.16511837	-1.092994E-011	-1.024348E-011	0	0.000000E+000
3	12.19782302	-1.026007E-011	-1.079937E-011	-1	0.000000E+000
3	12.35806308	-1.083778E-011	-1.027133E-011	0	0.000000E+000
3	12.35958441	-1.027133E-011	-1.092132E-011	-1	0.000000E+000
3	12.44640058	-1.092132E-011	-1.022173E-011	0	0.000000E+000
3	12.45987185	-1.022077E-011	-1.072619E-011	-1	0.000000E+000
3	12.47289039	-1.079818E-011	-1.005789E-011	0	0.000000E+000
3	12.47722311	-1.012249E-011	-1.075708E-011	-1	0.000000E+000
3	12.61485626	-1.091023E-011	-1.018191E-011	0	0.000000E+000
3	12.63071450	-1.025326E-011	-1.077651E-011	-1	0.000000E+000
3	12.64396822	-1.084386E-011	-9.990400E-012	0	0.000000E+000
3	12.65347931	-1.004208E-011	-1.069943E-011	-1	0.000000E+000
3	12.72041972	-1.090615E-011	-1.026663E-011	0	0.000000E+000
3	12.72277367	-1.026663E-011	-1.089132E-011	-1	0.000000E+000
3	12.73154112	-1.089132E-011	-1.014531E-011	0	0.000000E+000
3	12.73367508	-1.011431E-011	-1.083706E-011	-1	0.000000E+000
3	12.85936057	-1.085562E-011	-1.023315E-011	0	0.000000E+000
3	12.86133117	-1.023315E-011	-1.075558E-011	-1	0.000000E+000
3	12.94502478	-1.086954E-011	-1.023822E-011	0	0.000000E+000
3	12.94630764	-1.026944E-011	-1.101172E-011	-1	0.000000E+000
3	12.95734664	-1.089796E-011	-1.023527E-011	0	0.000000E+000
3	12.95852273	-1.027074E-011	-1.090899E-011	-1	0.000000E+000
3	13.00075760	-1.066556E-011	-1.019060E-011	0	0.000000E+000
3	13.00190189	-1.019060E-011	-1.080732E-011	-1	0.000000E+000
3	13.14708397	-1.086733E-011	-1.026889E-011	0	0.000000E+000
3	13.14841863	-1.026742E-011	-1.092595E-011	-1	0.000000E+000
3	13.19738644	-1.069212E-011	-1.020601E-011	0	0.000000E+000
3	13.19878154	-1.021027E-011	-1.066872E-011	-1	0.000000E+000
3	13.44026011	-1.087775E-011	-1.032773E-011	0	0.000000E+000
3	13.44242825	-1.035748E-011	-1.094305E-011	-1	0.000000E+000
3	13.44414534	-1.088962E-011	-1.032768E-011	0	0.000000E+000
3	13.44667783	-1.032768E-011	-1.082011E-011	-1	0.000000E+000
3	13.45937619	-1.087775E-011	-1.038516E-011	0	0.000000E+000
3	13.47421942	-1.034730E-011	-1.082772E-011	-1	0.000000E+000
3	13.48604418	-1.087225E-011	-1.033236E-011	0	0.000000E+000
3	13.48696743	-1.033236E-011	-1.081543E-011	-1	0.000000E+000
3	13.60186936	-1.077325E-011	-1.012035E-011	0	0.000000E+000
3	13.60736793	-1.016937E-011	-1.075166E-011	-1	0.000000E+000
3	13.61992673	-1.082275E-011	-1.022811E-011	0	0.000000E+000
3	13.62600026	-1.026969E-011	-1.089897E-011	-1	0.000000E+000
3	13.67784427	-1.085081E-011	-1.035569E-011	0	0.000000E+000
3	13.69852529	-1.049006E-011	-1.113864E-011	-1	0.000000E+000
3	13.69939226	-1.113864E-011	-1.037363E-011	0	0.000000E+000
3	13.70046282	-1.037363E-011	-1.104892E-011	-1	0.000000E+000
3	13.72783837	-1.087983E-011	-1.036738E-011	0	0.000000E+000
3	13.73395709	-1.036738E-011	-1.077703E-011	-1	0.000000E+000
3	13.77010369	-1.092690E-011	-1.032788E-011	0	0.000000E+000
3	13.77112545	-1.035782E-011	-1.099453E-011	-1	0.000000E+000
3	13.77829773	-1.087342E-011	-1.011520E-011	0	0.000000E+000
3	13.78420531	-1.011890E-011	-1.065540E-011	-1	0.000000E+000
3	13.78725360	-1.067441E-011	-9.966007E-012	0	0.000000E+000
3	13.79313570	-1.017067E-011	-1.074331E-011	-1	0.000000E+000
3	13.80930692	-1.089007E-011	-1.027944E-011	0	0.000000E+000
3	13.86104978	-1.026924E-011	-1.080392E-011	-1	0.000000E+000
3	13.88918723	-1.079449E-011	-1.026426E-011	0	0.000000E+000
3	13.89348661	-1.026426E-011	-1.079701E-011	-1	0.000000E+000
3	13.90696424	-1.078489E-011	-1.028470E-011	0	0.000000E+000
3	13.90822663	-1.029536E-011	-1.089711E-011	-1	0.000000E+000
3	14.02010292	-1.088302E-011	-1.026321E-011	0	0.000000E+000
3	14.03037987	-1.026321E-011	-1.075295E-011	-1	0.000000E+000
3	14.04057534	-1.088943E-011	-1.028378E-011	0	0.000000E+000
3	14.04159573	-1.029546E-011	-1.095713E-011	-1	0.000000E+000
3	14.06226631	-1.074363E-011	-1.036163E-011	0	0.000000E+000
3	14.06770193	-1.041331E-011	-1.106072E-011	-1	0.000000E+000
3	14.09679886	-1.089269E-011	-1.040358E-011	0	0.000000E+000
3	14.09874069	-1.040358E-011	-1.097318E-011	-1	0.000000E+000
3	14.15361222	-1.085948E-011	-1.030048E-011	0	0.000000E+000
3	14.15698317	-1.026952E-011	-1.081577E-011	-1	0.000000E+000
3	14.30139710	-1.075375E-011	-1.011957E-011	0	0.000000E+000
3	14.30756393	-1.011957E-011	-1.084570E-011	-1	0.000000E+000
3	14.34340107	-1.087271E-011	-1.015705E-011	0	0.000000E+000
3	14.34786196	-1.016501E-011	-1.074897E-011	-1	0.000000E+000
3	14.40913003	-1.087808E-011	-9.960154E-012	0	0.000000E+000
3	14.41023798	-1.005437E-011	-1.078789E-011	-1	0.000000E+000
3	14.69622331	-1.069989E-011	-1.010966E-011	0	0.000000E+000
3	14.69799745	-1.010966E-011	-1.061865E-011	-1	0.000000E+000
3	14.73655240	-1.078878E-011	-1.008665E-011	0	0.000000E+000
3	14.73793204	-1.011862E-011	-1.068240E-011	-1	0.000000E+000
3	14.74963040	-1.080256E-011	-1.015743E-011	0	0.000000E+000
3	14.75085675	-1.015743E-011	-1.063901E-011	-1	0.000000E+000
3	14.76780380	-1.072256E-011	-1.002092E-011	0	0.000000E+000
3	14.76937392	-1.007046E-011	-1.069827E-011	-1	0.000000E+000
3	14.93753423	-1.077730E-011	-1.013097E-011	0	0.000000E+000
3	14.93919284	-1.016371E-011	-1.087010E-011	-1	0.000000E+000
3	14.97121234	-1.080065E-011	-1.017521E-011	0	0.000000E+000
3	14.97678313	-1.017521E-011	-1.074728E-011	-1	0.000000E+000
3	14.98193198	-1.071520E-011	-1.014043E-011	0	0.000000E+000
3	14.98308664	-1.014607E-011	-1.081184E-011	-1	0.000000E+000
3	15.04895375	-1.072467E-011	-1.017387E-011	0	0.000000E+000
3	15.04958990	-1.017387E-011	-1.081768E-011	-1	0.000000E+000
3	15.06587556	-1.080714E-011	-1.020849E-011	0	0.000000E+000
3	15.07153749	-1.020849E-011	-1.102736E-011	-1	0.000000E+000
3	15.07416517	-1.094979E-011	-1.018349E-011	0	0.000000E+000
3	15.07523844	-1.020243E-011	-1.071626E-011	-1	0.000000E+000
3	15.08865840	-1.065391E-011	-1.024146E-011	0	0.000000E+000
3	15.09166817	-1.025230E-011	-1.110966E-011	-1	0.000000E+000
3	15.12990000	-1.087473E-011	-1.012645E-011	0	0.000000E+000
3	15.13168332	-1.012645E-011	-1.078116E-011	-1	0.000000E+000
3	15.25908285	-1.071029E-011	-1.006304E-011	0	0.000000E+000
3	15.26044068	-1.006304E-011	-1.080918E-011	-1	0.000000E+000
3	15.39520455	-1.082043E-011	-1.014311E-011	0	0.000000E+000
3	15.39665598	-1.014311E-011	-1.089469E-011	-1	0.000000E+000
3	15.47090159	-1.075443E-011	-1.025716E-011	0	0.000000E+000
3	15.47153130	-1.025716E-011	-1.083003E-011	-1	0.000000E+000
3	15.49225757	-1.085285E-011	-1.029194E-011	0	0.000000E+000
3	15.49384271	-1.028599E-011	-1.085083E-011	-1	0.000000E+000
3	15.57159336	-1.099236E-011	-1.036315E-011	0	0.000000E+000
3	15.57250866	-1.036315E-011	-1.100523E-011	-1	0.000000E+000
3	15.58173775	-1.098500E-011	-1.031860E-011	0	0.000000E+000
3	15.59230000	-1.031860E-011	-1.102846E-011	-1	0.000000E+000
3	15.61539909	-1.102846E-011	-1.032364E-011	0	0.000000E+000
3	15.61606522	-1.032364E-011	-1.088776E-011	-1	0.000000E+000
3	15.63778506	-1.085591E-011	-1.013604E-011	0	0.000000E+000
3	15.64032969	-1.011503E-011	-1.082906E-011	-1	0.000000E+000
3	15.64182605	-1.082973E-011	-1.021795E-011	0	0.000000E+000
3	15.64337240	-1.016849E-011	-1.088001E-011	-1	0.000000E+000
3	15.86046867	-1.112741E-011	-1.062330E-011	0	0.000000E+000
3	15.86291142	-1.057769E-011	-1.107631E-011	-1	0.000000E+000
3	15.89315580	-1.094194E-011	-1.033891E-011	0	0.000000E+000
3	15.90640436	-1.033891E-011	-1.099820E-011	-1	0.000000E+000
3	15.94270829	-1.081973E-011	-1.023881E-011	0	0.000000E+000
3	15.94444449	-1.032537E-011	-1.100888E-011	-1	0.000000E+000
3	15.98649072	-1.096038E-011	-1.030346E-011	0	0.000000E+000
3	15.99163525	-1.030346E-011	-1.097681E-011	-1	0.000000E+000
3	16.05415944	-1.097672E-011	-1.046180E-011	0	0.000000E+000
3	16.05515713	-1.049010E-011	-1.115766E-011	-1	0.000000E+000
3	16.05772581	-1.102165E-011	-1.028972E-011	0	0.000000E+000
3	16.05903519	-1.030446E-011	-1.100716E-011	-1	0.000000E+000
3	16.08095737	-1.090228E-011	-1.030815E-011	0	0.000000E+000
3	16.08169381	-1.030815E-011	-1.103073E-011	-1	0.000000E+000
3	16.20275561	-1.103073E-011	-1.037946E-011	0	0.000000E+000
3	16.20892373	-1.034955E-011	-1.108135E-011	-1	0.000000E+000
3	16.28655001	-1.107215E-011	-1.045808E-011	0	0.000000E+000
3	16.28937267	-1.045808E-011	-1.102284E-011	-1	0.000000E+000
3	16.31019156	-1.103698E-011	-1.051172E-011	0	0.000000E+000
3	16.31141038	-1.051172E-011	-1.099434E-011	-1	0.000000E+000
3	16.31266606	-1.108959E-011	-1.055409E-011	0	0.000000E+000
3	16.31303102	-1.055409E-011	-1.099434E-011	-1	0.000000E+000
3	16.31618541	-1.104380E-011	-1.057964E-011	0	0.000000E+000
3	16.31715798	-1.058177E-011	-1.112253E-011	-1	0.000000E+000
3	16.31839859	-1.107933E-011	-1.058597E-011	0	0.000000E+000
3	16.31950478	-1.058597E-011	-1.103003E-011	-1	0.000000E+000
3	16.35159703	-1.091329E-011	-1.042592E-011	0	0.000000E+000
3	16.35410669	-1.042592E-011	-1.118760E-011	-1	0.000000E+000
3	16.35489090	-1.118760E-011	-1.056069E-011	0	0.000000E+000
3	16.36089426	-1.056069E-011	-1.101196E-011	-1	0.000000E+000
3	16.36249448	-1.107142E-011	-1.060586E-011	0	0.000000E+000
3	16.38417474	-1.060586E-011	-1.111625E-011	-1	0.000000E+000
3	16.41297452	-1.100650E-011	-1.051098E-011	0	0.000000E+000
3	16.41484109	-1.051098E-011	-1.102406E-011	-1	0.000000E+000
3	16.42769065	-1.077638E-011	-1.041376E-011	0	0.000000E+000
3	16.43028270	-1.041376E-011	-1.087973E-011	-1	0.000000E+000
3	16.54600438	-1.087973E-011	-1.021333E-011	0	0.000000E+000
3	16.54703178	-1.023555E-011	-1.095859E-011	-1	0.000000E+000
3	16.57209462	-1.107742E-011	-1.042311E-011	0	0.000000E+000
3	16.57522798	-1.042043E-011	-1.094035E-011	-1	0.000000E+000
3	16.64222786	-1.095859E-011	-1.027251E-011	0	0.000000E+000
3	16.64348532	-1.027251E-011	-1.081667E-011	-1	0.000000E+000
3	16.72321668	-1.083643E-011	-1.021428E-011	0	0.000000E+000
3	16.72476419	-1.021283E-011	-1.081501E-011	-1	0.000000E+000
