37	0.00092268	-1.25E-012	-1.73E-012	-1	0.00E+000
37	0.00496946	-1.73E-012	-1.25E-012	0	0.00E+000
37	0.01184593	-1.30E-012	-1.72E-012	-1	0.00E+000
37	0.02667678	-1.72E-012	-1.13E-012	0	0.00E+000
37	0.02733923	-1.13E-012	-1.83E-012	-1	0.00E+000
37	0.02782397	-1.83E-012	-1.31E-012	0	0.00E+000
37	0.02873619	-1.31E-012	-1.60E-012	-1	0.00E+000
37	0.03720926	-1.60E-012	-1.17E-012	0	0.00E+000
37	0.04085000	-1.17E-012	-1.59E-012	-1	0.00E+000
37	0.04155907	-1.59E-012	-1.20E-012	0	0.00E+000
37	0.04240112	-1.20E-012	-1.60E-012	-1	0.00E+000
37	0.04416105	-1.59E-012	-1.24E-012	0	0.00E+000
37	0.04462554	-1.24E-012	-1.61E-012	-1	0.00E+000
37	0.04615791	-1.63E-012	-1.20E-012	0	0.00E+000
37	0.04708532	-1.20E-012	-1.79E-012	-1	0.00E+000
37	0.04902323	-1.65E-012	-1.18E-012	0	0.00E+000
37	0.04995912	-1.23E-012	-1.63E-012	-1	0.00E+000
37	0.05164324	-1.59E-012	-1.22E-012	0	0.00E+000
37	0.05200422	-1.22E-012	-1.64E-012	-1	0.00E+000
37	0.05339670	-1.65E-012	-1.23E-012	0	0.00E+000
37	0.05389163	-1.33E-012	-1.67E-012	-1	0.00E+000
37	0.05625048	-1.58E-012	-1.17E-012	0	0.00E+000
37	0.05808114	-1.15E-012	-1.64E-012	-1	0.00E+000
37	0.05879744	-1.64E-012	-1.13E-012	0	0.00E+000
37	0.05929516	-1.13E-012	-1.51E-012	-1	0.00E+000
37	0.06245009	-1.63E-012	-1.21E-012	0	0.00E+000
37	0.06579079	-1.21E-012	-1.77E-012	-1	0.00E+000
37	0.06945270	-1.73E-012	-1.22E-012	0	0.00E+000
37	0.07352743	-1.27E-012	-1.72E-012	-1	0.00E+000
37	0.07567028	-1.61E-012	-1.20E-012	0	0.00E+000
37	0.07797079	-1.20E-012	-1.74E-012	-1	0.00E+000
37	0.08680180	-1.74E-012	-1.13E-012	0	0.00E+000
37	0.08789312	-1.13E-012	-1.68E-012	-1	0.00E+000
37	0.09090622	-1.65E-012	-1.21E-012	0	0.00E+000
37	0.09837015	-1.21E-012	-1.60E-012	-1	0.00E+000
37	0.10155000	-1.60E-012	-1.20E-012	0	0.00E+000
37	0.10316852	-1.26E-012	-1.69E-012	-1	0.00E+000
37	0.10738171	-1.69E-012	-1.18E-012	0	0.00E+000
37	0.11362338	-1.27E-012	-1.47E-012	-1	0.00E+000
37	0.11497174	-1.47E-012	-1.18E-012	0	0.00E+000
37	0.11579703	-1.18E-012	-1.65E-012	-1	0.00E+000
37	0.12081458	-1.66E-012	-1.12E-012	0	0.00E+000
37	0.12507938	-1.12E-012	-1.61E-012	-1	0.00E+000
37	0.12819508	-1.71E-012	-1.15E-012	0	0.00E+000
37	0.13077310	-1.21E-012	-1.79E-012	-1	0.00E+000
37	0.13266529	-1.77E-012	-1.20E-012	0	0.00E+000
37	0.14042493	-1.23E-012	-1.70E-012	-1	0.00E+000
37	0.14513955	-1.70E-012	-1.25E-012	0	0.00E+000
37	0.14676480	-1.14E-012	-1.92E-012	-1	0.00E+000
37	0.14728588	-1.92E-012	-1.22E-012	0	0.00E+000
37	0.14933169	-1.27E-012	-1.72E-012	-1	0.00E+000
37	0.15326762	-1.72E-012	-1.14E-012	0	0.00E+000
37	0.15443497	-1.14E-012	-1.72E-012	-1	0.00E+000
37	0.15648322	-1.71E-012	-1.24E-012	0	0.00E+000
37	0.15697021	-1.18E-012	-1.73E-012	-1	0.00E+000
37	0.16605000	-1.73E-012	-1.16E-012	0	0.00E+000
37	0.17800387	-1.16E-012	-1.67E-012	-1	0.00E+000
37	0.17949561	-1.67E-012	-1.21E-012	0	0.00E+000
37	0.17982929	-1.21E-012	-1.65E-012	-1	0.00E+000
37	0.18079951	-1.65E-012	-1.19E-012	0	0.00E+000
37	0.18604729	-1.27E-012	-1.58E-012	-1	0.00E+000
37	0.18820000	-1.58E-012	-1.27E-012	0	0.00E+000
37	0.18849789	-1.27E-012	-1.74E-012	-1	0.00E+000
37	0.19047251	-1.56E-012	-1.23E-012	0	0.00E+000
37	0.19320615	-1.23E-012	-1.75E-012	-1	0.00E+000
37	0.19402839	-1.71E-012	-1.16E-012	0	0.00E+000
37	0.19551170	-1.16E-012	-1.64E-012	-1	0.00E+000
37	0.20436938	-1.61E-012	-1.18E-012	0	0.00E+000
37	0.20901032	-1.30E-012	-1.85E-012	-1	0.00E+000
37	0.20955341	-1.85E-012	-1.21E-012	0	0.00E+000
37	0.22736019	-1.21E-012	-1.79E-012	-1	0.00E+000
37	0.22876657	-1.79E-012	-1.28E-012	0	0.00E+000
37	0.23202000	-1.19E-012	-1.60E-012	-1	0.00E+000
37	0.23892610	-1.60E-012	-1.07E-012	0	0.00E+000
37	0.25572212	-1.18E-012	-1.55E-012	-1	0.00E+000
37	0.25904598	-1.61E-012	-1.19E-012	0	0.00E+000
37	0.26274075	-1.16E-012	-1.65E-012	-1	0.00E+000
37	0.26432100	-1.65E-012	-1.18E-012	0	0.00E+000
37	0.27494216	-1.29E-012	-1.75E-012	-1	0.00E+000
37	0.27530887	-1.75E-012	-1.19E-012	0	0.00E+000
37	0.27554999	-1.19E-012	-1.72E-012	-1	0.00E+000
37	0.27620694	-1.75E-012	-1.18E-012	0	0.00E+000
37	0.27655173	-1.18E-012	-1.72E-012	-1	0.00E+000
37	0.27746677	-1.72E-012	-1.19E-012	0	0.00E+000
37	0.27782462	-1.19E-012	-1.55E-012	-1	0.00E+000
37	0.28099999	-1.55E-012	-1.20E-012	0	0.00E+000
37	0.30837205	-1.21E-012	-1.62E-012	-1	0.00E+000
37	0.30874516	-1.62E-012	-1.23E-012	0	0.00E+000
37	0.31277595	-1.31E-012	-1.81E-012	-1	0.00E+000
37	0.31667797	-1.81E-012	-1.27E-012	0	0.00E+000
37	0.31727204	-1.24E-012	-1.71E-012	-1	0.00E+000
37	0.32067049	-1.71E-012	-1.26E-012	0	0.00E+000
37	0.32156307	-1.27E-012	-1.67E-012	-1	0.00E+000
37	0.34068490	-1.67E-012	-1.24E-012	0	0.00E+000
37	0.34504567	-1.27E-012	-1.64E-012	-1	0.00E+000
37	0.35604999	-1.64E-012	-1.31E-012	0	0.00E+000
37	0.35669937	-1.31E-012	-1.79E-012	-1	0.00E+000
37	0.35727124	-1.79E-012	-1.33E-012	0	0.00E+000
37	0.36078202	-1.38E-012	-1.72E-012	-1	0.00E+000
37	0.36672060	-1.72E-012	-1.29E-012	0	0.00E+000
37	0.37139632	-1.29E-012	-1.76E-012	-1	0.00E+000
37	0.37313308	-1.76E-012	-1.18E-012	0	0.00E+000
37	0.37348509	-1.18E-012	-1.63E-012	-1	0.00E+000
37	0.37547240	-1.71E-012	-1.23E-012	0	0.00E+000
37	0.37848054	-1.23E-012	-1.71E-012	-1	0.00E+000
37	0.38157566	-1.75E-012	-1.22E-012	0	0.00E+000
37	0.39057073	-1.29E-012	-1.66E-012	-1	0.00E+000
37	0.39200917	-1.66E-012	-1.33E-012	0	0.00E+000
37	0.39238465	-1.33E-012	-1.70E-012	-1	0.00E+000
37	0.40399999	-1.70E-012	-1.31E-012	0	0.00E+000
37	0.40806803	-1.28E-012	-1.77E-012	-1	0.00E+000
37	0.41527458	-1.74E-012	-1.28E-012	0	0.00E+000
37	0.41588789	-1.42E-012	-1.78E-012	-1	0.00E+000
37	0.44736628	-1.60E-012	-1.16E-012	0	0.00E+000
37	0.44765277	-1.16E-012	-1.71E-012	-1	0.00E+000
37	0.44866990	-1.71E-012	-1.17E-012	0	0.00E+000
37	0.44923381	-1.17E-012	-1.63E-012	-1	0.00E+000
37	0.45047792	-1.53E-012	-1.13E-012	0	0.00E+000
37	0.45125518	-1.13E-012	-1.68E-012	-1	0.00E+000
37	0.47562934	-1.74E-012	-1.13E-012	0	0.00E+000
37	0.47596485	-1.13E-012	-1.78E-012	-1	0.00E+000
37	0.50279785	-1.78E-012	-1.16E-012	0	0.00E+000
37	0.50372554	-1.17E-012	-1.66E-012	-1	0.00E+000
37	0.50701171	-1.66E-012	-1.15E-012	0	0.00E+000
37	0.50860090	-1.16E-012	-1.70E-012	-1	0.00E+000
37	0.51478644	-1.69E-012	-1.09E-012	0	0.00E+000
37	0.51532155	-1.20E-012	-1.64E-012	-1	0.00E+000
37	0.51834999	-1.64E-012	-1.16E-012	0	0.00E+000
37	0.51871161	-1.16E-012	-1.67E-012	-1	0.00E+000
37	0.51950114	-1.67E-012	-1.20E-012	0	0.00E+000
37	0.52003727	-1.20E-012	-1.65E-012	-1	0.00E+000
37	0.53295539	-1.65E-012	-1.13E-012	0	0.00E+000
37	0.53424582	-1.18E-012	-1.90E-012	-1	0.00E+000
37	0.54707003	-1.90E-012	-1.17E-012	0	0.00E+000
37	0.54729999	-1.17E-012	-1.73E-012	-1	0.00E+000
37	0.54849240	-1.73E-012	-1.19E-012	0	0.00E+000
37	0.54892081	-1.19E-012	-1.64E-012	-1	0.00E+000
37	0.56286287	-1.49E-012	-1.04E-012	0	0.00E+000
37	0.56348373	-1.04E-012	-1.49E-012	-1	0.00E+000
37	0.57364999	-1.49E-012	-1.10E-012	0	0.00E+000
37	0.57384999	-1.10E-012	-1.55E-012	-1	0.00E+000
37	0.60244998	-1.55E-012	-1.11E-012	0	0.00E+000
37	0.60264998	-1.11E-012	-1.61E-012	-1	0.00E+000
37	0.61529188	-1.52E-012	-1.16E-012	0	0.00E+000
37	0.61563694	-1.16E-012	-1.48E-012	-1	0.00E+000
37	0.62249998	-1.48E-012	-1.10E-012	0	0.00E+000
37	0.62279973	-1.10E-012	-1.49E-012	-1	0.00E+000
37	0.63919998	-1.59E-012	-1.15E-012	0	0.00E+000
37	0.64003741	-1.25E-012	-1.72E-012	-1	0.00E+000
37	0.64908927	-1.72E-012	-1.14E-012	0	0.00E+000
37	0.64969236	-1.13E-012	-1.71E-012	-1	0.00E+000
37	0.65900035	-1.66E-012	-1.13E-012	0	0.00E+000
37	0.65924998	-1.13E-012	-1.67E-012	-1	0.00E+000
37	0.66584998	-1.67E-012	-1.18E-012	0	0.00E+000
37	0.66640078	-1.18E-012	-1.82E-012	-1	0.00E+000
37	0.69545812	-1.68E-012	-1.15E-012	0	0.00E+000
37	0.69703126	-1.27E-012	-1.62E-012	-1	0.00E+000
37	0.70549986	-1.73E-012	-1.15E-012	0	0.00E+000
37	0.70574242	-1.15E-012	-1.67E-012	-1	0.00E+000
37	0.73010464	-1.67E-012	-1.27E-012	0	0.00E+000
37	0.73070796	-1.27E-012	-1.62E-012	-1	0.00E+000