6	16.86713116	-9.46E-013	-1.83E-012	-1	0.00E+000
6	16.86740330	-1.83E-012	-9.73E-013	0	0.00E+000
6	16.87265668	-1.01E-012	-1.94E-012	-1	0.00E+000
6	16.87380099	-1.94E-012	-8.87E-013	0	0.00E+000
6	26.74224551	-7.33E-013	-1.59E-012	-1	0.00E+000
6	26.74352116	-1.59E-012	-8.31E-013	0	0.00E+000
6	30.27728849	-9.40E-013	-1.62E-012	-1	0.00E+000
6	30.27825574	-1.62E-012	-8.34E-013	0	0.00E+000
6	31.88967646	-9.13E-013	-1.80E-012	-1	0.00E+000
6	31.89007384	-1.80E-012	-9.83E-013	0	0.00E+000
6	33.48657568	-7.32E-013	-1.70E-012	-1	0.00E+000
6	33.48698322	-1.70E-012	-7.28E-013	0	0.00E+000
6	33.48811694	-7.28E-013	-1.71E-012	-1	0.00E+000
6	33.49078064	-1.69E-012	-7.57E-013	0	0.00E+000
6	33.54034380	-8.11E-013	-1.61E-012	-1	0.00E+000
6	33.54105681	-1.61E-012	-9.26E-013	0	0.00E+000
6	44.00102822	-8.24E-013	-1.56E-012	-1	0.00E+000
6	44.00210098	-1.56E-012	-8.40E-013	0	0.00E+000
6	44.00503382	-7.99E-013	-1.64E-012	-1	0.00E+000
6	44.01092590	-1.74E-012	-8.49E-013	0	0.00E+000
6	44.63595247	-8.31E-013	-1.51E-012	-1	0.00E+000
6	44.63682888	-1.51E-012	-8.48E-013	0	0.00E+000
6	44.64747848	-7.50E-013	-1.57E-012	-1	0.00E+000
6	44.64822521	-1.57E-012	-7.83E-013	0	0.00E+000
6	46.03134044	-8.17E-013	-1.61E-012	-1	0.00E+000
6	46.03227197	-1.61E-012	-8.89E-013	0	0.00E+000
6	47.15205010	-9.41E-013	-1.52E-012	-1	0.00E+000
6	47.16479040	-1.53E-012	-7.75E-013	0	0.00E+000
6	47.91261794	-8.93E-013	-1.69E-012	-1	0.00E+000
6	47.91352744	-1.69E-012	-9.76E-013	0	0.00E+000
6	47.91391960	-9.76E-013	-1.62E-012	-1	0.00E+000
6	47.91493008	-1.62E-012	-9.55E-013	0	0.00E+000
6	47.91556882	-9.55E-013	-1.65E-012	-1	0.00E+000
6	47.91681406	-1.65E-012	-9.28E-013	0	0.00E+000
6	48.29550125	-8.66E-013	-1.60E-012	-1	0.00E+000
6	48.29591188	-1.60E-012	-8.33E-013	0	0.00E+000
6	48.80385743	-8.68E-013	-1.73E-012	-1	0.00E+000
6	48.80427237	-1.73E-012	-9.33E-013	0	0.00E+000
6	49.83184234	-8.26E-013	-1.51E-012	-1	0.00E+000
6	49.83649874	-1.51E-012	-8.83E-013	0	0.00E+000
6	51.95904553	-9.36E-013	-1.82E-012	-1	0.00E+000
6	51.95956292	-1.82E-012	-9.28E-013	0	0.00E+000
6	51.96024025	-9.28E-013	-1.61E-012	-1	0.00E+000
6	51.96130392	-1.61E-012	-8.58E-013	0	0.00E+000
6	52.28226284	-8.99E-013	-1.64E-012	-1	0.00E+000
6	52.28366163	-1.64E-012	-8.59E-013	0	0.00E+000
6	52.38050022	-8.21E-013	-1.39E-012	-1	0.00E+000
6	52.38084228	-1.39E-012	-7.61E-013	0	0.00E+000
6	52.39302231	-8.63E-013	-1.42E-012	-1	0.00E+000
6	52.39349179	-1.42E-012	-8.61E-013	0	0.00E+000
6	52.70884570	-8.49E-013	-1.59E-012	-1	0.00E+000
6	52.70969537	-1.59E-012	-8.20E-013	0	0.00E+000
6	53.66561251	-8.84E-013	-1.54E-012	-1	0.00E+000
6	53.66593722	-1.54E-012	-8.90E-013	0	0.00E+000
6	54.27583537	-9.30E-013	-1.57E-012	-1	0.00E+000
6	54.27806519	-1.57E-012	-7.32E-013	0	0.00E+000
6	54.36020032	-8.27E-013	-1.46E-012	-1	0.00E+000
6	54.36066877	-1.46E-012	-7.87E-013	0	0.00E+000
6	55.32166469	-8.41E-013	-1.65E-012	-1	0.00E+000
6	55.32486046	-1.51E-012	-8.39E-013	0	0.00E+000
6	56.08860917	-7.90E-013	-1.71E-012	-1	0.00E+000
6	56.08905537	-1.71E-012	-8.28E-013	0	0.00E+000
6	56.10770649	-9.49E-013	-1.71E-012	-1	0.00E+000
6	56.10869271	-1.71E-012	-8.01E-013	0	0.00E+000
6	56.17209761	-7.79E-013	-1.55E-012	-1	0.00E+000
6	56.17441375	-1.55E-012	-8.21E-013	0	0.00E+000
6	56.17523428	-8.21E-013	-1.65E-012	-1	0.00E+000
6	56.19899005	-1.65E-012	-8.11E-013	0	0.00E+000
6	56.19917529	-8.11E-013	-1.78E-012	-1	0.00E+000
6	56.20762910	-1.50E-012	-8.69E-013	0	0.00E+000
6	56.20907172	-8.69E-013	-1.57E-012	-1	0.00E+000
6	56.21307725	-1.58E-012	-8.49E-013	0	0.00E+000
6	56.21493308	-8.58E-013	-1.47E-012	-1	0.00E+000
6	56.21685167	-1.53E-012	-7.88E-013	0	0.00E+000
6	56.21727228	-7.88E-013	-1.56E-012	-1	0.00E+000
6	56.22033331	-1.50E-012	-8.38E-013	0	0.00E+000
6	56.22078341	-8.38E-013	-1.48E-012	-1	0.00E+000
6	56.23899858	-1.48E-012	-9.27E-013	0	0.00E+000
6	56.23962693	-9.27E-013	-1.56E-012	-1	0.00E+000
6	56.24140078	-1.56E-012	-7.81E-013	0	0.00E+000
6	56.24491649	-8.30E-013	-1.41E-012	-1	0.00E+000
6	56.24526577	-1.41E-012	-8.89E-013	0	0.00E+000
6	56.26099939	-8.40E-013	-1.69E-012	-1	0.00E+000
6	56.30260452	-1.53E-012	-8.65E-013	0	0.00E+000
6	56.30463459	-9.04E-013	-1.50E-012	-1	0.00E+000
6	56.31963131	-1.52E-012	-8.64E-013	0	0.00E+000
6	56.31984858	-8.64E-013	-1.62E-012	-1	0.00E+000
6	56.32058451	-1.62E-012	-9.86E-013	0	0.00E+000
6	56.32512172	-9.86E-013	-1.53E-012	-1	0.00E+000
6	56.32637300	-1.53E-012	-9.78E-013	0	0.00E+000
6	56.32690466	-9.78E-013	-1.77E-012	-1	0.00E+000
6	56.32817241	-1.77E-012	-8.74E-013	0	0.00E+000
6	57.18610341	-7.91E-013	-1.52E-012	-1	0.00E+000
6	57.18647206	-1.52E-012	-8.40E-013	0	0.00E+000
6	57.19529291	-7.62E-013	-1.41E-012	-1	0.00E+000
6	57.19592534	-1.41E-012	-9.09E-013	0	0.00E+000
6	57.20598913	-8.41E-013	-1.28E-012	-1	0.00E+000
6	57.20625326	-1.28E-012	-9.10E-013	0	0.00E+000
6	57.21409855	-9.10E-013	-1.58E-012	-1	0.00E+000
6	57.21511926	-1.55E-012	-7.34E-013	0	0.00E+000
6	57.27432724	-7.54E-013	-1.78E-012	-1	0.00E+000
6	57.27643128	-1.68E-012	-7.96E-013	0	0.00E+000
6	57.28944866	-7.80E-013	-1.80E-012	-1	0.00E+000
6	57.29132315	-1.80E-012	-7.94E-013	0	0.00E+000
6	57.99160972	-9.80E-013	-1.60E-012	-1	0.00E+000
6	57.99755805	-1.71E-012	-1.03E-012	0	0.00E+000
6	58.02660811	-8.55E-013	-1.61E-012	-1	0.00E+000
6	58.03106607	-1.68E-012	-8.69E-013	0	0.00E+000
6	58.03492175	-8.18E-013	-1.61E-012	-1	0.00E+000
6	58.03621868	-1.61E-012	-8.37E-013	0	0.00E+000
6	58.13832218	-8.27E-013	-1.60E-012	-1	0.00E+000
6	58.13899676	-1.60E-012	-7.93E-013	0	0.00E+000
6	58.34162948	-8.14E-013	-1.39E-012	-1	0.00E+000
6	58.34988387	-1.53E-012	-7.94E-013	0	0.00E+000
6	58.38487960	-7.87E-013	-1.75E-012	-1	0.00E+000
6	58.38779221	-1.56E-012	-7.50E-013	0	0.00E+000
6	58.39165182	-8.58E-013	-1.65E-012	-1	0.00E+000
6	58.39217259	-1.65E-012	-8.91E-013	0	0.00E+000
6	58.43301352	-8.49E-013	-1.72E-012	-1	0.00E+000
6	58.43346818	-1.72E-012	-9.04E-013	0	0.00E+000
6	58.44719026	-8.14E-013	-1.37E-012	-1	0.00E+000
6	58.44747189	-1.37E-012	-8.38E-013	0	0.00E+000
6	58.53853195	-7.80E-013	-1.58E-012	-1	0.00E+000
6	58.53917216	-1.58E-012	-7.62E-013	0	0.00E+000
6	58.92134398	-7.91E-013	-1.52E-012	-1	0.00E+000
6	58.92551473	-1.69E-012	-9.62E-013	0	0.00E+000
6	59.02203235	-7.16E-013	-1.56E-012	-1	0.00E+000
6	59.02869976	-1.69E-012	-8.72E-013	0	0.00E+000
6	59.04940812	-8.57E-013	-1.68E-012	-1	0.00E+000
6	59.05829503	-1.79E-012	-8.77E-013	0	0.00E+000
6	59.05861057	-8.77E-013	-1.77E-012	-1	0.00E+000
6	59.16219087	-1.66E-012	-8.21E-013	0	0.00E+000
6	59.16239355	-8.21E-013	-1.60E-012	-1	0.00E+000
6	59.17755336	-1.58E-012	-8.82E-013	0	0.00E+000
6	59.17801757	-8.82E-013	-1.80E-012	-1	0.00E+000
6	59.17897636	-1.80E-012	-9.57E-013	0	0.00E+000
6	59.17943779	-9.57E-013	-1.68E-012	-1	0.00E+000
6	59.18202101	-1.69E-012	-8.80E-013	0	0.00E+000
6	59.18382579	-8.83E-013	-1.63E-012	-1	0.00E+000
6	59.18431744	-1.63E-012	-8.98E-013	0	0.00E+000
6	59.21796049	-8.38E-013	-1.59E-012	-1	0.00E+000
6	59.21842600	-1.46E-012	-8.53E-013	0	0.00E+000
6	59.21865048	-8.53E-013	-1.74E-012	-1	0.00E+000
6	59.21917139	-1.74E-012	-9.18E-013	0	0.00E+000
6	59.22022203	-9.18E-013	-1.60E-012	-1	0.00E+000
6	59.22474344	-1.73E-012	-8.41E-013	0	0.00E+000
6	59.22522955	-1.11E-012	-1.70E-012	-1	0.00E+000
6	59.23269605	-1.54E-012	-8.97E-013	0	0.00E+000
6	59.23327529	-8.97E-013	-1.51E-012	-1	0.00E+000
6	59.23472906	-1.51E-012	-9.88E-013	0	0.00E+000
6	59.23509986	-9.88E-013	-1.51E-012	-1	0.00E+000
6	59.25290761	-1.47E-012	-9.02E-013	0	0.00E+000
6	59.25597282	-8.15E-013	-1.72E-012	-1	0.00E+000
6	59.26091040	-1.62E-012	-8.19E-013	0	0.00E+000
6	59.26564764	-8.47E-013	-1.64E-012	-1	0.00E+000
6	59.26607036	-1.64E-012	-8.57E-013	0	0.00E+000
6	59.28044169	-8.30E-013	-1.67E-012	-1	0.00E+000
6	59.28744514	-1.59E-012	-7.91E-013	0	0.00E+000
6	59.28902311	-7.91E-013	-1.56E-012	-1	0.00E+000
6	59.29371698	-1.53E-012	-8.32E-013	0	0.00E+000
6	59.29483365	-8.32E-013	-1.59E-012	-1	0.00E+000
6	59.29832907	-1.48E-012	-8.26E-013	0	0.00E+000
6	59.64797569	-8.29E-013	-1.54E-012	-1	0.00E+000
6	59.64847517	-1.54E-012	-8.10E-013	0	0.00E+000
6	59.65398981	-9.10E-013	-1.52E-012	-1	0.00E+000
6	59.65516998	-1.52E-012	-9.94E-013	0	0.00E+000
6	59.65552161	-9.94E-013	-1.67E-012	-1	0.00E+000
6	59.65810172	-1.84E-012	-9.10E-013	0	0.00E+000
6	59.66242424	-9.52E-013	-1.58E-012	-1	0.00E+000
6	59.66460227	-1.62E-012	-8.26E-013	0	0.00E+000
6	59.72632762	-6.79E-013	-1.44E-012	-1	0.00E+000
6	59.72690717	-1.44E-012	-7.39E-013	0	0.00E+000
6	59.73182658	-7.91E-013	-1.55E-012	-1	0.00E+000
6	59.73300636	-1.55E-012	-7.69E-013	0	0.00E+000
6	59.97522408	-7.72E-013	-1.53E-012	-1	0.00E+000
6	59.97578861	-1.49E-012	-8.25E-013	0	0.00E+000
6	59.97596764	-8.25E-013	-1.62E-012	-1	0.00E+000
6	59.97662992	-1.62E-012	-7.66E-013	0	0.00E+000
6	60.40598635	-8.45E-013	-1.61E-012	-1	0.00E+000
6	60.40651869	-1.61E-012	-8.79E-013	0	0.00E+000
6	60.46390109	-8.71E-013	-1.52E-012	-1	0.00E+000
6	60.46529191	-1.52E-012	-8.62E-013	0	0.00E+000
6	60.53697232	-7.06E-013	-1.62E-012	-1	0.00E+000
6	60.53823472	-1.62E-012	-8.70E-013	0	0.00E+000
6	60.59873313	-8.40E-013	-1.71E-012	-1	0.00E+000
6	60.59963737	-1.71E-012	-1.01E-012	0	0.00E+000
6	60.60540250	-7.99E-013	-1.47E-012	-1	0.00E+000
6	60.60572536	-1.47E-012	-8.40E-013	0	0.00E+000
6	60.62631720	-8.61E-013	-1.40E-012	-1	0.00E+000
6	60.62940308	-1.38E-012	-8.10E-013	0	0.00E+000
6	60.69936419	-7.56E-013	-1.54E-012	-1	0.00E+000
6	60.70554765	-1.56E-012	-7.74E-013	0	0.00E+000
6	60.71257731	-7.88E-013	-1.56E-012	-1	0.00E+000
6	60.71372697	-1.56E-012	-7.48E-013	0	0.00E+000
6	60.71933291	-8.28E-013	-1.67E-012	-1	0.00E+000
6	60.73082582	-1.60E-012	-9.35E-013	0	0.00E+000
6	60.73122439	-9.35E-013	-1.66E-012	-1	0.00E+000
6	60.74017845	-1.53E-012	-9.16E-013	0	0.00E+000
6	60.74209431	-8.71E-013	-1.67E-012	-1	0.00E+000
6	60.74306647	-1.67E-012	-8.05E-013	0	0.00E+000
6	60.74384717	-8.05E-013	-1.56E-012	-1	0.00E+000
6	60.74625815	-1.66E-012	-7.45E-013	0	0.00E+000
6	60.74787223	-7.45E-013	-1.68E-012	-1	0.00E+000
6	60.76525782	-1.59E-012	-9.86E-013	0	0.00E+000
6	60.76660219	-9.86E-013	-1.70E-012	-1	0.00E+000
6	60.77610535	-1.67E-012	-8.25E-013	0	0.00E+000
6	60.77675701	-8.25E-013	-1.74E-012	-1	0.00E+000
6	60.78724925	-1.69E-012	-9.24E-013	0	0.00E+000
6	60.78777809	-1.04E-012	-1.60E-012	-1	0.00E+000
6	60.78912757	-1.60E-012	-8.50E-013	0	0.00E+000
6	60.78976643	-8.50E-013	-1.61E-012	-1	0.00E+000
6	60.79656515	-1.68E-012	-8.59E-013	0	0.00E+000
6	60.79701099	-8.59E-013	-1.57E-012	-1	0.00E+000
6	60.81722658	-1.54E-012	-8.68E-013	0	0.00E+000
6	60.81852781	-8.68E-013	-1.64E-012	-1	0.00E+000
6	60.83760302	-1.52E-012	-8.31E-013	0	0.00E+000
6	60.83787084	-8.31E-013	-1.48E-012	-1	0.00E+000
6	60.83947126	-1.48E-012	-8.37E-013	0	0.00E+000
6	60.83989068	-8.37E-013	-1.64E-012	-1	0.00E+000
6	60.84195206	-1.68E-012	-8.50E-013	0	0.00E+000
6	60.84477486	-9.06E-013	-1.58E-012	-1	0.00E+000
6	60.85215200	-1.58E-012	-7.77E-013	0	0.00E+000
6	60.85445383	-8.99E-013	-1.72E-012	-1	0.00E+000
6	60.89157739	-1.71E-012	-8.97E-013	0	0.00E+000
6	60.89179846	-8.97E-013	-1.60E-012	-1	0.00E+000
6	60.89663184	-1.66E-012	-8.84E-013	0	0.00E+000
6	60.89684846	-8.84E-013	-1.61E-012	-1	0.00E+000
6	60.96601501	-1.61E-012	-1.08E-012	0	0.00E+000
6	60.96644282	-1.08E-012	-1.61E-012	-1	0.00E+000
6	60.97636092	-1.70E-012	-1.07E-012	0	0.00E+000
6	60.97670817	-1.07E-012	-1.61E-012	-1	0.00E+000
6	60.98337011	-1.67E-012	-2.35E-012	-2	0.00E+000
6	60.98410409	-2.35E-012	-1.61E-012	-1	0.00E+000
6	60.98434846	-1.61E-012	-8.31E-013	0	0.00E+000
6	60.98512676	-8.31E-013	-1.68E-012	-1	0.00E+000
6	60.99466287	-1.66E-012	-1.14E-012	0	0.00E+000
6	60.99501708	-1.14E-012	-1.63E-012	-1	0.00E+000
6	61.00209247	-1.58E-012	-9.67E-013	0	0.00E+000
6	61.00250407	-9.67E-013	-1.63E-012	-1	0.00E+000
6	61.00416396	-1.58E-012	-2.42E-012	-2	0.00E+000
6	61.00488379	-2.42E-012	-1.66E-012	-1	0.00E+000
6	61.00970272	-1.63E-012	-8.75E-013	0	0.00E+000
6	61.01045056	-8.75E-013	-1.61E-012	-1	0.00E+000
6	61.03140848	-1.62E-012	-1.10E-012	0	0.00E+000
6	61.03178172	-1.10E-012	-1.77E-012	-1	0.00E+000
6	61.07011801	-1.59E-012	-9.62E-013	0	0.00E+000
6	61.07056563	-9.62E-013	-1.49E-012	-1	0.00E+000
6	61.16820856	-1.73E-012	-9.85E-013	0	0.00E+000
6	61.16860236	-9.85E-013	-1.60E-012	-1	0.00E+000
6	61.21194845	-1.62E-012	-9.12E-013	0	0.00E+000
6	61.21234028	-9.12E-013	-1.73E-012	-1	0.00E+000
6	61.21763653	-1.61E-012	-9.43E-013	0	0.00E+000
6	61.21790349	-9.43E-013	-1.58E-012	-1	0.00E+000
6	61.28669970	-1.59E-012	-9.99E-013	0	0.00E+000
6	61.28784251	-1.15E-012	-1.56E-012	-1	0.00E+000
6	61.36502422	-1.67E-012	-8.58E-013	0	0.00E+000
6	61.36630463	-8.58E-013	-1.75E-012	-1	0.00E+000
6	61.36828211	-1.76E-012	-7.91E-013	0	0.00E+000
6	61.36894117	-7.91E-013	-1.48E-012	-1	0.00E+000
6	61.37072139	-1.48E-012	-8.24E-013	0	0.00E+000
6	61.37132551	-8.24E-013	-1.78E-012	-1	0.00E+000
6	61.37474333	-1.60E-012	-7.96E-013	0	0.00E+000
6	61.37807499	-7.89E-013	-1.84E-012	-1	0.00E+000
6	61.38925572	-1.68E-012	-8.08E-013	0	0.00E+000
6	61.39214357	-7.50E-013	-1.45E-012	-1	0.00E+000
6	61.39249648	-1.45E-012	-1.04E-012	0	0.00E+000
6	61.39304922	-1.04E-012	-1.51E-012	-1	0.00E+000
6	61.39353009	-1.51E-012	-8.89E-013	0	0.00E+000
6	61.39399998	-8.89E-013	-1.60E-012	-1	0.00E+000
6	61.39808394	-1.50E-012	-2.36E-012	-2	0.00E+000
6	61.39874152	-2.36E-012	-1.44E-012	-1	0.00E+000
6	61.39894845	-1.63E-012	-8.92E-013	0	0.00E+000
6	61.51008587	-7.37E-013	-1.49E-012	-1	0.00E+000
6	61.51210232	-1.52E-012	-8.23E-013	0	0.00E+000
6	61.52249945	-7.94E-013	-1.51E-012	-1	0.00E+000
6	61.52448560	-1.49E-012	-8.16E-013	0	0.00E+000
6	61.55210358	-8.21E-013	-1.38E-012	-1	0.00E+000
6	61.55246460	-1.38E-012	-7.57E-013	0	0.00E+000
6	61.57780780	-8.92E-013	-1.32E-012	-1	0.00E+000
6	61.57814709	-1.32E-012	-7.82E-013	0	0.00E+000
6	61.59142989	-8.42E-013	-1.54E-012	-1	0.00E+000
6	61.59389657	-1.57E-012	-8.33E-013	0	0.00E+000
6	61.84947044	-7.63E-013	-1.48E-012	-1	0.00E+000
6	61.84996478	-1.48E-012	-9.32E-013	0	0.00E+000
6	61.85133800	-9.32E-013	-1.54E-012	-1	0.00E+000
6	61.85201114	-1.54E-012	-8.28E-013	0	0.00E+000
6	61.87219066	-7.55E-013	-1.56E-012	-1	0.00E+000
6	61.87665518	-1.68E-012	-8.70E-013	0	0.00E+000
6	61.87858041	-8.70E-013	-1.69E-012	-1	0.00E+000
6	61.88011944	-1.69E-012	-8.05E-013	0	0.00E+000
6	61.88034407	-8.05E-013	-1.59E-012	-1	0.00E+000
6	61.88978546	-1.58E-012	-9.19E-013	0	0.00E+000
6	61.89020450	-9.19E-013	-1.64E-012	-1	0.00E+000
6	61.90069676	-1.53E-012	-7.66E-013	0	0.00E+000
6	61.90148064	-8.76E-013	-1.48E-012	-1	0.00E+000
6	61.90223266	-1.48E-012	-8.19E-013	0	0.00E+000
6	61.90732178	-8.97E-013	-1.60E-012	-1	0.00E+000
6	61.91328477	-1.77E-012	-8.87E-013	0	0.00E+000
6	61.91536534	-7.68E-013	-1.65E-012	-1	0.00E+000
6	61.92356255	-1.67E-012	-8.25E-013	0	0.00E+000
6	61.92385151	-8.25E-013	-1.51E-012	-1	0.00E+000
6	62.01264361	-1.72E-012	-9.26E-013	0	0.00E+000
6	62.01386357	-9.26E-013	-1.77E-012	-1	0.00E+000
6	62.01590479	-1.57E-012	-9.32E-013	0	0.00E+000
6	62.03773949	-9.07E-013	-1.56E-012	-1	0.00E+000
6	62.03822541	-1.56E-012	-9.31E-013	0	0.00E+000
6	62.07947278	-7.85E-013	-1.65E-012	-1	0.00E+000
6	62.08158128	-1.72E-012	-8.05E-013	0	0.00E+000
6	62.11013226	-7.95E-013	-1.63E-012	-1	0.00E+000
6	62.11162452	-1.63E-012	-7.78E-013	0	0.00E+000
6	62.14967116	-9.33E-013	-1.67E-012	-1	0.00E+000
6	62.15688328	-1.63E-012	-8.27E-013	0	0.00E+000
6	62.18871898	-8.99E-013	-1.38E-012	-1	0.00E+000
6	62.19004957	-1.38E-012	-8.43E-013	0	0.00E+000
6	62.29863795	-8.91E-013	-1.77E-012	-1	0.00E+000
6	62.29985368	-1.77E-012	-9.58E-013	0	0.00E+000
6	62.30095270	-9.58E-013	-1.66E-012	-1	0.00E+000
6	62.30195715	-1.66E-012	-8.89E-013	0	0.00E+000
6	62.31801669	-9.81E-013	-1.67E-012	-1	0.00E+000
6	62.31996170	-1.67E-012	-1.02E-012	0	0.00E+000
6	62.32036813	-1.02E-012	-1.59E-012	-1	0.00E+000
6	62.32190146	-1.59E-012	-8.20E-013	0	0.00E+000
6	62.32454146	-9.58E-013	-1.58E-012	-1	0.00E+000
6	62.32536375	-1.58E-012	-9.35E-013	0	0.00E+000
6	62.32990243	-9.69E-013	-1.71E-012	-1	0.00E+000
6	62.33253761	-1.58E-012	-7.90E-013	0	0.00E+000
6	62.34685407	-1.05E-012	-1.76E-012	-1	0.00E+000
6	62.35260286	-1.67E-012	-9.56E-013	0	0.00E+000
6	62.35933688	-1.02E-012	-1.63E-012	-1	0.00E+000
6	62.35978023	-1.63E-012	-1.04E-012	0	0.00E+000
6	62.36482954	-8.82E-013	-1.68E-012	-1	0.00E+000
6	62.38676711	-1.65E-012	-8.26E-013	0	0.00E+000
6	62.38826776	-9.49E-013	-1.72E-012	-1	0.00E+000
6	62.38882872	-1.72E-012	-8.11E-013	0	0.00E+000
6	62.38973176	-8.11E-013	-1.48E-012	-1	0.00E+000
6	62.39009508	-1.48E-012	-8.46E-013	0	0.00E+000
6	62.40144976	-8.48E-013	-1.60E-012	-1	0.00E+000
6	62.40537077	-1.58E-012	-7.52E-013	0	0.00E+000
6	62.46322713	-9.41E-013	-1.71E-012	-1	0.00E+000
6	62.46407991	-1.71E-012	-9.67E-013	0	0.00E+000
6	62.52463487	-8.82E-013	-1.65E-012	-1	0.00E+000
6	62.53756549	-1.50E-012	-8.61E-013	0	0.00E+000
6	62.54385024	-8.13E-013	-1.59E-012	-1	0.00E+000
6	62.54503517	-1.59E-012	-8.17E-013	0	0.00E+000
6	62.54770310	-8.81E-013	-1.64E-012	-1	0.00E+000
6	62.55984577	-1.68E-012	-8.24E-013	0	0.00E+000
6	62.56382386	-9.54E-013	-1.62E-012	-1	0.00E+000
6	62.56609819	-1.68E-012	-2.47E-012	-2	0.00E+000
6	62.56983245	-2.38E-012	-1.68E-012	-1	0.00E+000
6	62.57533271	-1.68E-012	-8.68E-013	0	0.00E+000
6	62.58371006	-8.96E-013	-1.71E-012	-1	0.00E+000
6	62.58604125	-1.59E-012	-2.41E-012	-2	0.00E+000
6	62.58708975	-2.41E-012	-1.66E-012	-1	0.00E+000
6	62.58761802	-1.65E-012	-8.55E-013	0	0.00E+000
6	62.58794457	-8.55E-013	-1.67E-012	-1	0.00E+000
6	62.59693174	-1.70E-012	-8.47E-013	0	0.00E+000
6	62.59759765	-8.47E-013	-1.73E-012	-1	0.00E+000
6	62.59878379	-1.73E-012	-1.01E-012	0	0.00E+000
6	62.59920853	-1.01E-012	-1.58E-012	-1	0.00E+000
6	62.60003626	-1.58E-012	-8.44E-013	0	0.00E+000
6	62.60055319	-8.44E-013	-1.83E-012	-1	0.00E+000
6	62.60569208	-1.61E-012	-8.06E-013	0	0.00E+000
6	62.60831501	-8.74E-013	-1.60E-012	-1	0.00E+000
6	62.61465556	-1.63E-012	-8.47E-013	0	0.00E+000
6	62.61657823	-8.18E-013	-1.70E-012	-1	0.00E+000
6	62.62981757	-1.52E-012	-7.90E-013	0	0.00E+000
6	62.63318571	-8.33E-013	-1.71E-012	-1	0.00E+000
6	62.63382972	-1.71E-012	-8.14E-013	0	0.00E+000
6	62.64105399	-8.21E-013	-1.63E-012	-1	0.00E+000
6	62.64298787	-1.63E-012	-7.89E-013	0	0.00E+000
6	62.64701285	-8.67E-013	-1.68E-012	-1	0.00E+000
6	62.64811005	-1.68E-012	-9.23E-013	0	0.00E+000
6	62.64842199	-9.23E-013	-1.58E-012	-1	0.00E+000
6	62.64896858	-1.58E-012	-9.11E-013	0	0.00E+000
6	62.88528746	-8.06E-013	-1.55E-012	-1	0.00E+000
6	62.89068934	-1.64E-012	-8.10E-013	0	0.00E+000
6	62.89481563	-8.84E-013	-1.80E-012	-1	0.00E+000
6	62.89863753	-1.65E-012	-8.50E-013	0	0.00E+000
6	62.90415953	-8.20E-013	-1.66E-012	-1	0.00E+000
6	62.90488566	-1.66E-012	-7.95E-013	0	0.00E+000
6	62.90846535	-7.54E-013	-1.34E-012	-1	0.00E+000
6	62.90892099	-1.34E-012	-9.08E-013	0	0.00E+000
6	62.99702079	-8.40E-013	-1.72E-012	-1	0.00E+000
6	62.99778700	-1.72E-012	-9.56E-013	0	0.00E+000
6	63.04631889	-8.68E-013	-1.74E-012	-1	0.00E+000
6	63.04809448	-1.59E-012	-8.13E-013	0	0.00E+000
6	63.15024292	-7.14E-013	-1.62E-012	-1	0.00E+000
6	63.15084209	-1.62E-012	-6.57E-013	0	0.00E+000
6	63.21571487	-8.76E-013	-1.46E-012	-1	0.00E+000
6	63.21629717	-1.46E-012	-8.42E-013	0	0.00E+000
6	63.21676486	-8.42E-013	-1.69E-012	-1	0.00E+000
6	63.22107206	-1.67E-012	-8.31E-013	0	0.00E+000
6	63.22178807	-8.31E-013	-1.53E-012	-1	0.00E+000
6	63.24994657	-1.69E-012	-9.10E-013	0	0.00E+000
6	63.25054659	-9.10E-013	-1.70E-012	-1	0.00E+000
6	63.25371566	-1.60E-012	-8.71E-013	0	0.00E+000
6	63.25450801	-8.71E-013	-1.51E-012	-1	0.00E+000
6	63.25739107	-1.73E-012	-8.76E-013	0	0.00E+000
6	63.25763486	-8.76E-013	-1.69E-012	-1	0.00E+000
6	63.27954585	-1.60E-012	-8.09E-013	0	0.00E+000
6	63.28142138	-8.09E-013	-1.70E-012	-1	0.00E+000
6	63.28690609	-1.61E-012	-8.26E-013	0	0.00E+000
6	63.28725998	-8.26E-013	-1.63E-012	-1	0.00E+000
6	63.29456336	-1.60E-012	-7.87E-013	0	0.00E+000
6	63.29601207	-7.87E-013	-1.58E-012	-1	0.00E+000
6	63.29688358	-1.58E-012	-7.65E-013	0	0.00E+000
6	63.29907142	-9.10E-013	-1.62E-012	-1	0.00E+000
6	63.34403817	-1.64E-012	-7.63E-013	0	0.00E+000
6	63.34484880	-7.63E-013	-1.65E-012	-1	0.00E+000
6	63.35606946	-1.69E-012	-7.72E-013	0	0.00E+000
6	63.36381421	-7.43E-013	-1.46E-012	-1	0.00E+000
6	63.36432066	-1.46E-012	-7.82E-013	0	0.00E+000
6	63.48195527	-7.13E-013	-1.52E-012	-1	0.00E+000
6	63.48321882	-1.52E-012	-7.66E-013	0	0.00E+000
6	63.50060533	-8.12E-013	-1.46E-012	-1	0.00E+000
6	63.50101072	-1.46E-012	-9.04E-013	0	0.00E+000
6	63.51489840	-8.08E-013	-1.53E-012	-1	0.00E+000
6	63.51635364	-1.53E-012	-7.92E-013	0	0.00E+000
6	63.53362825	-6.82E-013	-1.58E-012	-1	0.00E+000
6	63.53516235	-1.58E-012	-7.57E-013	0	0.00E+000
6	63.53575979	-7.57E-013	-1.60E-012	-1	0.00E+000
6	63.53711658	-1.42E-012	-7.42E-013	0	0.00E+000
6	63.53796392	-7.42E-013	-1.68E-012	-1	0.00E+000
6	63.54261874	-1.61E-012	-6.83E-013	0	0.00E+000
6	63.54292834	-6.83E-013	-1.47E-012	-1	0.00E+000
6	63.54940335	-1.54E-012	-9.16E-013	0	0.00E+000
6	63.54995780	-9.16E-013	-1.73E-012	-1	0.00E+000
6	63.57349770	-1.73E-012	-7.74E-013	0	0.00E+000
6	63.57523928	-8.54E-013	-1.59E-012	-1	0.00E+000
6	63.57540300	-1.59E-012	-8.56E-013	0	0.00E+000
6	63.57601948	-8.56E-013	-1.55E-012	-1	0.00E+000
6	63.63811208	-1.53E-012	-8.43E-013	0	0.00E+000
6	63.63880581	-8.43E-013	-1.71E-012	-1	0.00E+000
6	63.65031394	-1.58E-012	-8.78E-013	0	0.00E+000
6	63.65118397	-8.78E-013	-1.73E-012	-1	0.00E+000
6	63.67563171	-1.57E-012	-9.22E-013	0	0.00E+000
6	63.67591576	-9.22E-013	-1.65E-012	-1	0.00E+000
6	63.70440034	-1.65E-012	-9.87E-013	0	0.00E+000
6	63.70492686	-9.10E-013	-1.54E-012	-1	0.00E+000
6	63.71259452	-1.71E-012	-1.05E-012	0	0.00E+000
6	63.71294186	-1.05E-012	-1.63E-012	-1	0.00E+000
6	63.77714839	-1.63E-012	-2.31E-012	-2	0.00E+000
6	63.77747802	-2.31E-012	-1.60E-012	-1	0.00E+000
6	63.88822996	-1.74E-012	-8.75E-013	0	0.00E+000
6	63.88913293	-8.75E-013	-1.76E-012	-1	0.00E+000
6	63.92648633	-1.69E-012	-1.00E-012	0	0.00E+000
6	63.92819320	-1.00E-012	-1.76E-012	-1	0.00E+000
6	63.92904626	-1.76E-012	-8.19E-013	0	0.00E+000
6	63.92930382	-8.19E-013	-1.59E-012	-1	0.00E+000
6	63.93518152	-1.57E-012	-8.90E-013	0	0.00E+000
6	63.94988731	-7.53E-013	-1.60E-012	-1	0.00E+000
6	63.95044343	-1.60E-012	-8.64E-013	0	0.00E+000
6	63.95189878	-8.64E-013	-1.69E-012	-1	0.00E+000
6	63.95411968	-1.54E-012	-8.04E-013	0	0.00E+000
6	63.98058878	-9.21E-013	-1.53E-012	-1	0.00E+000
6	63.98195528	-1.53E-012	-8.40E-013	0	0.00E+000
6	64.00629938	-8.82E-013	-1.56E-012	-1	0.00E+000
6	64.00684854	-1.56E-012	-8.37E-013	0	0.00E+000
6	64.01431310	-7.87E-013	-1.55E-012	-1	0.00E+000
6	64.01667160	-1.56E-012	-8.25E-013	0	0.00E+000
6	64.06946101	-8.87E-013	-1.51E-012	-1	0.00E+000
6	64.07431399	-1.47E-012	-7.86E-013	0	0.00E+000
6	64.07672882	-7.28E-013	-1.41E-012	-1	0.00E+000
6	64.13475371	-1.57E-012	-1.01E-012	0	0.00E+000
6	64.13504642	-1.01E-012	-1.53E-012	-1	0.00E+000
6	64.21312575	-1.67E-012	-8.96E-013	0	0.00E+000
6	64.21384453	-8.96E-013	-1.60E-012	-1	0.00E+000
6	64.24280201	-1.67E-012	-8.29E-013	0	0.00E+000
6	64.24318908	-8.29E-013	-1.55E-012	-1	0.00E+000
6	64.35564605	-1.60E-012	-8.30E-013	0	0.00E+000
6	64.35595545	-8.30E-013	-1.60E-012	-1	0.00E+000
6	64.48206455	-1.70E-012	-7.25E-013	0	0.00E+000
6	64.48321862	-7.25E-013	-1.68E-012	-1	0.00E+000
6	64.48411088	-1.68E-012	-9.08E-013	0	0.00E+000
6	64.48871566	-7.45E-013	-1.58E-012	-1	0.00E+000
6	64.51874325	-1.48E-012	-8.13E-013	0	0.00E+000
6	64.51894837	-8.13E-013	-1.47E-012	-1	0.00E+000
6	64.55382340	-1.68E-012	-7.53E-013	0	0.00E+000
6	64.55517961	-7.53E-013	-1.71E-012	-1	0.00E+000
6	64.61210214	-1.51E-012	-7.15E-013	0	0.00E+000
6	64.61234837	-7.15E-013	-1.44E-012	-1	0.00E+000
6	64.67799871	-1.60E-012	-9.13E-013	0	0.00E+000
6	64.67854707	-9.13E-013	-1.81E-012	-1	0.00E+000
6	64.68893614	-1.59E-012	-8.22E-013	0	0.00E+000
6	64.68991859	-8.38E-013	-1.51E-012	-1	0.00E+000
6	64.73069213	-1.56E-012	-9.37E-013	0	0.00E+000
6	64.73110004	-9.37E-013	-1.55E-012	-1	0.00E+000
6	64.77991798	-1.54E-012	-7.93E-013	0	0.00E+000
6	64.78017377	-7.93E-013	-1.55E-012	-1	0.00E+000
6	64.89785978	-1.76E-012	-2.33E-012	-2	0.00E+000
6	64.89821687	-2.33E-012	-1.58E-012	-1	0.00E+000
6	64.97950112	-1.65E-012	-2.32E-012	-2	0.00E+000
6	64.97995205	-2.32E-012	-1.53E-012	-1	0.00E+000
6	65.04591580	-1.65E-012	-8.44E-013	0	0.00E+000
6	65.04640221	-8.44E-013	-1.51E-012	-1	0.00E+000
6	65.04722712	-1.51E-012	-9.40E-013	0	0.00E+000
6	65.04827175	-9.40E-013	-1.66E-012	-1	0.00E+000
6	65.07104449	-1.64E-012	-1.01E-012	0	0.00E+000
6	65.07681614	-9.57E-013	-1.65E-012	-1	0.00E+000
6	65.07783666	-1.65E-012	-9.06E-013	0	0.00E+000
6	65.08561437	-1.02E-012	-1.55E-012	-1	0.00E+000
6	65.08599508	-1.55E-012	-9.87E-013	0	0.00E+000
6	65.09236587	-1.02E-012	-1.73E-012	-1	0.00E+000
6	65.09867456	-1.69E-012	-8.99E-013	0	0.00E+000
6	65.11537108	-8.99E-013	-1.62E-012	-1	0.00E+000
6	65.17400711	-1.52E-012	-8.31E-013	0	0.00E+000
6	65.17424835	-8.31E-013	-1.61E-012	-1	0.00E+000
6	65.17811882	-1.60E-012	-8.97E-013	0	0.00E+000
6	65.17860291	-8.97E-013	-1.64E-012	-1	0.00E+000
6	65.21164813	-1.67E-012	-8.06E-013	0	0.00E+000
6	65.21290170	-8.06E-013	-1.66E-012	-1	0.00E+000
6	65.26579173	-1.49E-012	-7.71E-013	0	0.00E+000
6	65.26665159	-7.71E-013	-1.52E-012	-1	0.00E+000
6	65.28516446	-1.67E-012	-7.94E-013	0	0.00E+000
6	65.28547283	-7.94E-013	-1.56E-012	-1	0.00E+000
6	65.29589311	-1.62E-012	-8.04E-013	0	0.00E+000
6	65.29635170	-8.04E-013	-1.56E-012	-1	0.00E+000
6	65.31490152	-1.57E-012	-8.74E-013	0	0.00E+000
6	65.31519917	-8.74E-013	-1.73E-012	-1	0.00E+000
6	65.36879835	-1.63E-012	-8.91E-013	0	0.00E+000
6	65.36939991	-8.91E-013	-1.78E-012	-1	0.00E+000
6	65.37436297	-1.55E-012	-6.93E-013	0	0.00E+000
6	65.37680030	-8.27E-013	-1.74E-012	-1	0.00E+000
6	65.37882264	-1.75E-012	-8.72E-013	0	0.00E+000
6	65.37938413	-8.72E-013	-1.55E-012	-1	0.00E+000
6	65.38037038	-1.55E-012	-9.15E-013	0	0.00E+000
6	65.38095211	-9.15E-013	-1.74E-012	-1	0.00E+000
6	65.42411142	-1.55E-012	-8.57E-013	0	0.00E+000
6	65.42443526	-8.57E-013	-1.53E-012	-1	0.00E+000
6	65.43316754	-1.69E-012	-8.70E-013	0	0.00E+000
6	65.43498631	-8.70E-013	-1.63E-012	-1	0.00E+000
6	65.44424312	-1.79E-012	-8.56E-013	0	0.00E+000
6	65.44453399	-8.56E-013	-1.73E-012	-1	0.00E+000
6	65.47920715	-1.66E-012	-8.82E-013	0	0.00E+000
6	65.47943151	-8.82E-013	-1.61E-012	-1	0.00E+000
6	65.58928357	-1.59E-012	-8.81E-013	0	0.00E+000
6	65.58952842	-8.81E-013	-1.72E-012	-1	0.00E+000
6	65.61137101	-1.64E-012	-8.56E-013	0	0.00E+000
6	65.61166714	-8.56E-013	-1.62E-012	-1	0.00E+000
6	65.72106076	-1.72E-012	-1.03E-012	0	0.00E+000
6	65.72172567	-1.03E-012	-1.73E-012	-1	0.00E+000
6	65.74777943	-1.82E-012	-1.00E-012	0	0.00E+000
6	65.75085290	-8.89E-013	-1.78E-012	-1	0.00E+000
6	65.75255752	-1.78E-012	-7.48E-013	0	0.00E+000
6	65.75319206	-7.48E-013	-1.64E-012	-1	0.00E+000
6	65.79376484	-1.74E-012	-1.00E-012	0	0.00E+000
6	65.79426531	-1.00E-012	-1.62E-012	-1	0.00E+000
6	65.81365741	-1.67E-012	-1.05E-012	0	0.00E+000
6	65.81404014	-1.05E-012	-1.85E-012	-1	0.00E+000
6	65.89858934	-1.79E-012	-9.30E-013	0	0.00E+000
6	65.89879834	-9.30E-013	-1.73E-012	-1	0.00E+000
6	65.94127675	-1.56E-012	-9.28E-013	0	0.00E+000
6	65.94556285	-9.58E-013	-1.75E-012	-1	0.00E+000
6	65.98524927	-1.83E-012	-9.04E-013	0	0.00E+000
6	65.98593972	-9.04E-013	-1.74E-012	-1	0.00E+000
6	66.24133749	-1.66E-012	-7.63E-013	0	0.00E+000
6	66.24212952	-7.63E-013	-1.71E-012	-1	0.00E+000
6	66.27202506	-1.73E-012	-7.88E-013	0	0.00E+000
6	66.27224833	-7.88E-013	-1.65E-012	-1	0.00E+000
6	66.29401147	-1.51E-012	-8.06E-013	0	0.00E+000
6	66.29433083	-8.06E-013	-1.61E-012	-1	0.00E+000
6	66.30352768	-1.61E-012	-2.41E-012	-2	0.00E+000
6	66.30535973	-2.24E-012	-1.54E-012	-1	0.00E+000
6	66.53298641	-1.47E-012	-8.22E-013	0	0.00E+000
6	66.53350005	-8.22E-013	-1.65E-012	-1	0.00E+000
6	66.56310639	-1.70E-012	-9.14E-013	0	0.00E+000
6	66.57461267	-9.43E-013	-1.64E-012	-1	0.00E+000
6	66.58825937	-1.70E-012	-9.53E-013	0	0.00E+000
6	66.58858364	-9.53E-013	-1.72E-012	-1	0.00E+000
6	66.59385345	-1.66E-012	-8.35E-013	0	0.00E+000
6	66.59512954	-8.35E-013	-1.71E-012	-1	0.00E+000
6	66.60010662	-1.74E-012	-8.76E-013	0	0.00E+000
6	66.60031117	-8.76E-013	-1.83E-012	-1	0.00E+000
6	66.61475003	-1.55E-012	-9.11E-013	0	0.00E+000
6	66.61496565	-9.11E-013	-1.62E-012	-1	0.00E+000
6	66.61672532	-1.62E-012	-8.41E-013	0	0.00E+000
6	66.61728186	-8.41E-013	-1.66E-012	-1	0.00E+000
6	66.70327599	-1.59E-012	-7.75E-013	0	0.00E+000
6	66.70392936	-7.75E-013	-1.59E-012	-1	0.00E+000
6	66.71493072	-1.49E-012	-8.39E-013	0	0.00E+000
6	66.71514831	-8.39E-013	-1.61E-012	-1	0.00E+000
6	66.71602303	-1.61E-012	-9.52E-013	0	0.00E+000
6	66.71736392	-9.52E-013	-1.66E-012	-1	0.00E+000
6	66.71904921	-1.66E-012	-7.72E-013	0	0.00E+000
6	66.71977713	-7.72E-013	-1.60E-012	-1	0.00E+000
6	66.74075377	-1.72E-012	-8.15E-013	0	0.00E+000
6	66.74157421	-8.15E-013	-1.59E-012	-1	0.00E+000
6	66.99402783	-1.65E-012	-1.01E-012	0	0.00E+000
6	66.99438647	-1.01E-012	-1.70E-012	-1	0.00E+000
6	67.02378571	-1.70E-012	-9.73E-013	0	0.00E+000
6	67.02398576	-9.73E-013	-1.64E-012	-1	0.00E+000
6	67.02967585	-1.63E-012	-1.04E-012	0	0.00E+000
6	67.02992607	-1.04E-012	-1.77E-012	-1	0.00E+000
6	67.06530540	-1.67E-012	-2.32E-012	-2	0.00E+000
6	67.06562201	-2.32E-012	-1.55E-012	-1	0.00E+000
6	67.07080960	-1.54E-012	-2.38E-012	-2	0.00E+000
6	67.07132099	-2.38E-012	-1.76E-012	-1	0.00E+000
6	67.11635311	-1.53E-012	-8.84E-013	0	0.00E+000
6	67.11665510	-8.84E-013	-1.50E-012	-1	0.00E+000
6	67.11777422	-1.50E-012	-2.36E-012	-2	0.00E+000
6	67.11823768	-2.36E-012	-1.70E-012	-1	0.00E+000
6	67.11909402	-1.70E-012	-2.44E-012	-2	0.00E+000
6	67.11974051	-2.44E-012	-1.61E-012	-1	0.00E+000
6	67.15484305	-1.61E-012	-2.26E-012	-2	0.00E+000
6	67.15812273	-2.38E-012	-1.54E-012	-1	0.00E+000
6	67.15835518	-1.54E-012	-2.39E-012	-2	0.00E+000
6	67.15916285	-2.39E-012	-1.56E-012	-1	0.00E+000
6	67.25664830	-1.62E-012	-2.52E-012	-2	0.00E+000
6	67.25714563	-2.52E-012	-1.66E-012	-1	0.00E+000
6	67.59980451	-1.68E-012	-2.34E-012	-2	0.00E+000
6	67.60124522	-2.34E-012	-1.69E-012	-1	0.00E+000
6	67.61436096	-1.65E-012	-2.26E-012	-2	0.00E+000
6	67.61479773	-2.26E-012	-1.56E-012	-1	0.00E+000
6	67.62958820	-1.62E-012	-2.40E-012	-2	0.00E+000
6	67.63028654	-2.40E-012	-1.63E-012	-1	0.00E+000
6	67.63076101	-1.63E-012	-2.54E-012	-2	0.00E+000
6	67.63180550	-2.54E-012	-1.91E-012	-1	0.00E+000
6	67.63219435	-1.91E-012	-2.44E-012	-2	0.00E+000
6	67.63285954	-2.44E-012	-1.51E-012	-1	0.00E+000
6	67.68224615	-1.82E-012	-9.04E-013	0	0.00E+000
6	67.68450105	-1.03E-012	-1.73E-012	-1	0.00E+000
6	67.76197675	-1.56E-012	-9.06E-013	0	0.00E+000
6	67.76248912	-9.06E-013	-1.67E-012	-1	0.00E+000
6	67.80803197	-1.68E-012	-8.73E-013	0	0.00E+000
6	67.81379374	-9.03E-013	-1.74E-012	-1	0.00E+000
6	67.90395051	-1.73E-012	-1.02E-012	0	0.00E+000
6	67.90431702	-1.02E-012	-1.68E-012	-1	0.00E+000
6	67.94329828	-1.66E-012	-2.21E-012	-2	0.00E+000
6	67.94382062	-2.21E-012	-1.66E-012	-1	0.00E+000
6	67.97230506	-1.56E-012	-1.06E-012	0	0.00E+000
6	67.97260925	-1.06E-012	-1.65E-012	-1	0.00E+000
6	67.97627152	-1.60E-012	-1.16E-012	0	0.00E+000
6	67.97666006	-1.16E-012	-1.58E-012	-1	0.00E+000
6	68.07471532	-1.46E-012	-2.15E-012	-2	0.00E+000
6	68.07590596	-1.98E-012	-1.58E-012	-1	0.00E+000
6	68.07662264	-1.58E-012	-2.19E-012	-2	0.00E+000
6	68.07733035	-2.19E-012	-1.71E-012	-1	0.00E+000
6	68.07788786	-1.71E-012	-2.20E-012	-2	0.00E+000
6	68.07939828	-2.20E-012	-1.57E-012	-1	0.00E+000
6	68.11407083	-1.53E-012	-8.32E-013	0	0.00E+000
6	68.11456640	-8.32E-013	-1.50E-012	-1	0.00E+000
6	68.11942858	-1.49E-012	-2.30E-012	-2	0.00E+000
6	68.12022898	-2.30E-012	-1.57E-012	-1	0.00E+000
6	68.18065222	-1.66E-012	-8.22E-013	0	0.00E+000
6	68.18103083	-8.22E-013	-1.51E-012	-1	0.00E+000
6	68.18451018	-1.61E-012	-9.94E-013	0	0.00E+000
6	68.18487386	-9.94E-013	-1.61E-012	-1	0.00E+000
6	68.18639307	-1.61E-012	-9.72E-013	0	0.00E+000
6	68.18685094	-9.72E-013	-1.63E-012	-1	0.00E+000
6	68.23365682	-1.45E-012	-8.05E-013	0	0.00E+000
6	68.23546418	-8.05E-013	-1.67E-012	-1	0.00E+000
6	68.23599061	-1.67E-012	-7.97E-013	0	0.00E+000
6	68.24313437	-7.86E-013	-1.44E-012	-1	0.00E+000
6	68.24347809	-1.44E-012	-7.22E-013	0	0.00E+000
6	68.24424487	-7.22E-013	-1.56E-012	-1	0.00E+000
6	68.24505911	-1.56E-012	-7.03E-013	0	0.00E+000
6	68.24903043	-7.03E-013	-1.54E-012	-1	0.00E+000
6	68.25116183	-1.55E-012	-7.27E-013	0	0.00E+000
6	68.25494703	-7.84E-013	-1.51E-012	-1	0.00E+000
6	68.26110738	-1.64E-012	-7.77E-013	0	0.00E+000
6	68.26232962	-7.77E-013	-1.51E-012	-1	0.00E+000
6	68.33529827	-1.51E-012	-8.31E-013	0	0.00E+000
6	68.33563308	-8.31E-013	-1.69E-012	-1	0.00E+000
6	68.59384493	-1.73E-012	-2.21E-012	-2	0.00E+000
6	68.59404074	-2.21E-012	-1.65E-012	-1	0.00E+000
6	68.60298662	-1.65E-012	-9.14E-013	0	0.00E+000
6	68.60434372	-9.14E-013	-1.74E-012	-1	0.00E+000
6	68.62226622	-1.73E-012	-8.75E-013	0	0.00E+000
6	68.62293959	-8.75E-013	-1.52E-012	-1	0.00E+000
6	68.66500059	-1.58E-012	-2.40E-012	-2	0.00E+000
6	68.66546040	-2.40E-012	-1.63E-012	-1	0.00E+000
6	68.71579041	-1.55E-012	-9.16E-013	0	0.00E+000
6	68.71607321	-9.16E-013	-1.66E-012	-1	0.00E+000
6	68.77466343	-1.78E-012	-2.38E-012	-2	0.00E+000
6	68.77583306	-2.38E-012	-1.75E-012	-1	0.00E+000
6	68.78347808	-1.87E-012	-2.61E-012	-2	0.00E+000
6	68.78479972	-2.61E-012	-1.62E-012	-1	0.00E+000
6	68.78590290	-1.62E-012	-2.44E-012	-2	0.00E+000
6	68.78703057	-2.44E-012	-1.76E-012	-1	0.00E+000
6	68.78875557	-1.76E-012	-9.92E-013	0	0.00E+000
6	68.78913904	-9.92E-013	-1.75E-012	-1	0.00E+000
6	68.78929906	-1.75E-012	-2.40E-012	-2	0.00E+000
6	68.79199754	-2.52E-012	-1.71E-012	-1	0.00E+000
6	68.79436967	-1.69E-012	-2.36E-012	-2	0.00E+000
6	68.79531074	-2.36E-012	-1.57E-012	-1	0.00E+000
6	68.81864826	-1.57E-012	-8.47E-013	0	0.00E+000
6	68.81972323	-8.47E-013	-1.75E-012	-1	0.00E+000
6	68.82056060	-1.75E-012	-8.72E-013	0	0.00E+000
6	68.82137706	-8.72E-013	-1.56E-012	-1	0.00E+000
6	68.82160377	-1.56E-012	-2.32E-012	-2	0.00E+000
6	68.82207830	-2.32E-012	-1.62E-012	-1	0.00E+000
6	68.83959690	-1.63E-012	-9.24E-013	0	0.00E+000
6	68.84080298	-9.24E-013	-1.69E-012	-1	0.00E+000
6	68.86108391	-1.66E-012	-8.04E-013	0	0.00E+000
6	68.86159704	-8.13E-013	-1.60E-012	-1	0.00E+000
6	68.86601223	-1.56E-012	-7.35E-013	0	0.00E+000
6	68.86858207	-7.91E-013	-1.68E-012	-1	0.00E+000
6	68.88084469	-1.55E-012	-7.44E-013	0	0.00E+000
6	68.88143426	-7.44E-013	-1.61E-012	-1	0.00E+000
6	68.89515775	-1.66E-012	-9.81E-013	0	0.00E+000
6	68.90117124	-9.39E-013	-1.92E-012	-1	0.00E+000
6	68.98779826	-1.73E-012	-2.50E-012	-2	0.00E+000
6	68.98808094	-2.50E-012	-1.67E-012	-1	0.00E+000
6	69.01478434	-1.58E-012	-2.30E-012	-2	0.00E+000
6	69.01563220	-2.30E-012	-1.71E-012	-1	0.00E+000
6	69.01605377	-1.71E-012	-2.39E-012	-2	0.00E+000
6	69.01749047	-2.39E-012	-1.52E-012	-1	0.00E+000
6	69.06329826	-1.66E-012	-1.02E-012	0	0.00E+000
6	69.06383926	-9.64E-013	-1.64E-012	-1	0.00E+000
6	69.12659421	-1.60E-012	-9.32E-013	0	0.00E+000
6	69.12701657	-9.32E-013	-1.62E-012	-1	0.00E+000
6	69.63753593	-1.52E-012	-9.59E-013	0	0.00E+000
6	69.63988768	-7.92E-013	-1.61E-012	-1	0.00E+000
6	69.68009039	-1.81E-012	-2.46E-012	-2	0.00E+000
6	69.68104555	-2.46E-012	-1.70E-012	-1	0.00E+000
6	69.69219015	-1.84E-012	-2.31E-012	-2	0.00E+000
6	69.69254074	-2.31E-012	-1.74E-012	-1	0.00E+000
6	69.74224824	-1.78E-012	-1.02E-012	0	0.00E+000
6	69.74284866	-1.05E-012	-1.80E-012	-1	0.00E+000
6	69.75749712	-1.81E-012	-1.03E-012	0	0.00E+000
6	69.75797397	-8.90E-013	-1.78E-012	-1	0.00E+000
6	69.78830055	-1.69E-012	-9.39E-013	0	0.00E+000
6	69.78864951	-9.39E-013	-1.79E-012	-1	0.00E+000
6	70.06375014	-1.60E-012	-2.64E-012	-2	0.00E+000
6	70.06512111	-2.64E-012	-1.66E-012	-1	0.00E+000
6	70.19871798	-1.45E-012	-2.20E-012	-2	0.00E+000
6	70.19916316	-2.20E-012	-1.44E-012	-1	0.00E+000
6	70.20285866	-1.41E-012	-2.19E-012	-2	0.00E+000
6	70.20333943	-2.19E-012	-1.38E-012	-1	0.00E+000
6	70.20849263	-1.29E-012	-2.11E-012	-2	0.00E+000
6	70.20904927	-2.11E-012	-1.41E-012	-1	0.00E+000
6	70.21842807	-1.51E-012	-1.96E-012	-2	0.00E+000
6	70.21874708	-1.96E-012	-1.63E-012	-1	0.00E+000
6	70.30341894	-1.79E-012	-1.00E-012	0	0.00E+000
6	70.31084714	-9.07E-013	-1.66E-012	-1	0.00E+000
6	70.48279238	-1.51E-012	-2.30E-012	-2	0.00E+000
6	70.48510475	-2.18E-012	-1.58E-012	-1	0.00E+000
6	70.49734259	-1.30E-012	-2.17E-012	-2	0.00E+000
6	70.49817820	-2.17E-012	-1.39E-012	-1	0.00E+000
6	70.69926458	-1.44E-012	-2.26E-012	-2	0.00E+000
6	70.70146203	-2.35E-012	-1.53E-012	-1	0.00E+000
6	70.72999252	-1.49E-012	-2.38E-012	-2	0.00E+000
6	70.73146833	-2.38E-012	-1.40E-012	-1	0.00E+000
6	70.73401211	-1.52E-012	-2.13E-012	-2	0.00E+000
6	70.73582307	-2.13E-012	-1.38E-012	-1	0.00E+000
6	70.83921042	-1.67E-012	-2.44E-012	-2	0.00E+000
6	70.84058347	-2.44E-012	-1.61E-012	-1	0.00E+000
6	70.90530247	-1.64E-012	-2.76E-012	-2	0.00E+000
6	70.90583520	-2.76E-012	-1.75E-012	-1	0.00E+000
6	70.99601457	-1.65E-012	-2.35E-012	-2	0.00E+000
6	70.99630664	-2.35E-012	-1.67E-012	-1	0.00E+000
6	71.00151967	-1.72E-012	-1.01E-012	0	0.00E+000
6	71.00170480	-1.01E-012	-1.56E-012	-1	0.00E+000
6	71.06029820	-1.74E-012	-1.07E-012	0	0.00E+000
6	71.06357543	-9.91E-013	-1.72E-012	-1	0.00E+000
6	71.08780847	-1.56E-012	-9.18E-013	0	0.00E+000
6	71.08810107	-9.18E-013	-1.65E-012	-1	0.00E+000
6	71.10421472	-1.66E-012	-2.28E-012	-2	0.00E+000
6	71.10668032	-2.29E-012	-1.76E-012	-1	0.00E+000
6	71.13757398	-1.62E-012	-2.32E-012	-2	0.00E+000
6	71.13796573	-2.32E-012	-1.58E-012	-1	0.00E+000
6	71.23905696	-1.71E-012	-8.16E-013	0	0.00E+000
6	71.23979774	-8.16E-013	-1.58E-012	-1	0.00E+000
6	71.27033451	-1.77E-012	-8.55E-013	0	0.00E+000
6	71.27140103	-8.55E-013	-1.68E-012	-1	0.00E+000
6	71.32214802	-1.79E-012	-2.39E-012	-2	0.00E+000
6	71.32278305	-2.39E-012	-1.66E-012	-1	0.00E+000
6	71.45991327	-1.62E-012	-9.44E-013	0	0.00E+000
6	71.47179421	-9.38E-013	-1.57E-012	-1	0.00E+000
6	71.47211250	-1.57E-012	-1.01E-012	0	0.00E+000
6	71.47248815	-1.01E-012	-1.59E-012	-1	0.00E+000
6	71.47666457	-1.55E-012	-1.00E-012	0	0.00E+000
6	71.48150932	-9.03E-013	-1.75E-012	-1	0.00E+000
6	71.48226478	-1.75E-012	-8.42E-013	0	0.00E+000
6	71.48568041	-9.71E-013	-1.64E-012	-1	0.00E+000
6	71.51667033	-1.66E-012	-2.34E-012	-2	0.00E+000
6	71.51746997	-2.34E-012	-1.53E-012	-1	0.00E+000
6	71.51769819	-1.53E-012	-2.43E-012	-2	0.00E+000
6	71.51956227	-2.47E-012	-1.58E-012	-1	0.00E+000
6	71.52103255	-1.58E-012	-2.31E-012	-2	0.00E+000
6	71.52144611	-2.31E-012	-1.65E-012	-1	0.00E+000
6	71.52502809	-1.65E-012	-9.82E-013	0	0.00E+000
6	71.52520749	-9.82E-013	-1.74E-012	-1	0.00E+000
6	71.52955414	-1.68E-012	-1.00E-012	0	0.00E+000
6	71.53006689	-1.12E-012	-1.76E-012	-1	0.00E+000
6	71.56315699	-1.48E-012	-2.21E-012	-2	0.00E+000
6	71.56362236	-2.21E-012	-1.44E-012	-1	0.00E+000
6	71.56897390	-1.55E-012	-2.18E-012	-2	0.00E+000
6	71.56942106	-2.18E-012	-1.57E-012	-1	0.00E+000
6	71.58495081	-1.49E-012	-2.41E-012	-2	0.00E+000
6	71.58548907	-2.41E-012	-1.68E-012	-1	0.00E+000
6	71.67351161	-1.50E-012	-2.20E-012	-2	0.00E+000
6	71.67384643	-2.20E-012	-1.55E-012	-1	0.00E+000
6	71.70506399	-1.74E-012	-1.12E-012	0	0.00E+000
6	71.70540675	-1.12E-012	-1.96E-012	-1	0.00E+000
6	71.78044989	-1.69E-012	-2.51E-012	-2	0.00E+000
6	71.78189133	-2.51E-012	-1.67E-012	-1	0.00E+000
6	71.83728909	-1.59E-012	-9.67E-013	0	0.00E+000
6	71.84698062	-9.73E-013	-1.64E-012	-1	0.00E+000
6	71.84838529	-1.64E-012	-9.12E-013	0	0.00E+000
6	71.85623193	-9.43E-013	-1.71E-012	-1	0.00E+000
6	71.87894489	-1.57E-012	-2.63E-012	-2	0.00E+000
6	71.87986828	-2.63E-012	-1.60E-012	-1	0.00E+000
6	71.91391946	-1.53E-012	-6.57E-013	0	0.00E+000
6	71.91414638	-6.57E-013	-1.66E-012	-1	0.00E+000
6	71.94838123	-1.63E-012	-2.27E-012	-2	0.00E+000
6	71.94929806	-2.27E-012	-1.53E-012	-1	0.00E+000
6	71.95181234	-1.51E-012	-2.10E-012	-2	0.00E+000
6	71.95223514	-2.10E-012	-1.60E-012	-1	0.00E+000
6	71.99693117	-1.47E-012	-2.35E-012	-2	0.00E+000
6	71.99919244	-2.48E-012	-1.43E-012	-1	0.00E+000
6	72.02316617	-1.52E-012	-2.16E-012	-2	0.00E+000
6	72.02458879	-2.16E-012	-1.53E-012	-1	0.00E+000
6	72.06910853	-1.60E-012	-7.94E-013	0	0.00E+000
6	72.07008092	-7.94E-013	-1.58E-012	-1	0.00E+000
6	72.20503023	-1.64E-012	-9.62E-013	0	0.00E+000
6	72.20549164	-9.62E-013	-1.72E-012	-1	0.00E+000
6	72.20998203	-1.62E-012	-8.66E-013	0	0.00E+000
6	72.21084081	-8.66E-013	-1.65E-012	-1	0.00E+000
6	72.21217154	-1.65E-012	-9.13E-013	0	0.00E+000
6	72.21404755	-9.13E-013	-1.57E-012	-1	0.00E+000
6	72.21446294	-1.37E-012	-9.38E-013	0	0.00E+000
6	72.21498462	-9.38E-013	-1.62E-012	-1	0.00E+000
6	72.21761836	-1.48E-012	-8.17E-013	0	0.00E+000
6	72.21783913	-8.17E-013	-1.68E-012	-1	0.00E+000
6	72.21893068	-1.68E-012	-8.93E-013	0	0.00E+000
6	72.21971196	-8.93E-013	-1.59E-012	-1	0.00E+000
6	72.22030030	-1.59E-012	-8.98E-013	0	0.00E+000
6	72.22200021	-8.44E-013	-1.56E-012	-1	0.00E+000
6	72.22289325	-1.56E-012	-8.07E-013	0	0.00E+000
6	72.22419877	-8.07E-013	-1.62E-012	-1	0.00E+000
6	72.27798649	-1.66E-012	-2.39E-012	-2	0.00E+000
6	72.27976909	-2.39E-012	-1.84E-012	-1	0.00E+000
6	72.28074828	-1.84E-012	-2.56E-012	-2	0.00E+000
6	72.28218963	-2.56E-012	-1.66E-012	-1	0.00E+000
6	72.31336602	-1.56E-012	-2.54E-012	-2	0.00E+000
6	72.31436080	-2.54E-012	-1.51E-012	-1	0.00E+000
6	72.31862214	-1.56E-012	-2.54E-012	-2	0.00E+000
6	72.31926945	-2.54E-012	-1.62E-012	-1	0.00E+000
6	72.32031473	-1.62E-012	-2.50E-012	-2	0.00E+000
6	72.32129421	-2.50E-012	-1.60E-012	-1	0.00E+000
6	72.36283497	-1.43E-012	-2.14E-012	-2	0.00E+000
6	72.36481998	-1.93E-012	-1.45E-012	-1	0.00E+000
6	72.45105904	-1.63E-012	-2.38E-012	-2	0.00E+000
6	72.45332385	-2.38E-012	-1.72E-012	-1	0.00E+000
6	72.52345967	-1.74E-012	-1.00E-012	0	0.00E+000
6	72.54010412	-9.01E-013	-1.62E-012	-1	0.00E+000
6	72.54330417	-1.68E-012	-1.02E-012	0	0.00E+000
6	72.54364730	-1.02E-012	-1.62E-012	-1	0.00E+000
6	72.54640659	-1.70E-012	-9.13E-013	0	0.00E+000
6	72.54685196	-9.13E-013	-1.79E-012	-1	0.00E+000
6	72.60387945	-1.73E-012	-1.08E-012	0	0.00E+000
6	72.60746586	-9.16E-013	-1.68E-012	-1	0.00E+000
6	72.62626240	-1.58E-012	-9.28E-013	0	0.00E+000
6	72.63388189	-9.63E-013	-1.70E-012	-1	0.00E+000
6	72.63681343	-1.55E-012	-1.03E-012	0	0.00E+000
6	72.63770628	-1.03E-012	-1.70E-012	-1	0.00E+000
6	72.65253562	-1.57E-012	-8.37E-013	0	0.00E+000
6	72.65320541	-1.13E-012	-1.51E-012	-1	0.00E+000
6	72.71013121	-1.52E-012	-9.78E-013	0	0.00E+000
6	72.71135998	-9.78E-013	-1.70E-012	-1	0.00E+000
6	72.73714603	-1.70E-012	-9.70E-013	0	0.00E+000
6	72.73781474	-9.70E-013	-1.84E-012	-1	0.00E+000
6	72.74890544	-1.68E-012	-8.43E-013	0	0.00E+000
6	72.75534688	-8.43E-013	-1.75E-012	-1	0.00E+000
6	72.75741295	-1.74E-012	-8.39E-013	0	0.00E+000
6	72.75840547	-8.39E-013	-1.74E-012	-1	0.00E+000
6	72.77213359	-1.51E-012	-8.54E-013	0	0.00E+000
6	72.84402898	-8.38E-013	-1.50E-012	-1	0.00E+000
6	72.84430183	-1.50E-012	-7.09E-013	0	0.00E+000
6	72.84963192	-9.09E-013	-1.55E-012	-1	0.00E+000
6	72.85016296	-1.55E-012	-8.30E-013	0	0.00E+000
6	72.85892878	-8.04E-013	-1.64E-012	-1	0.00E+000
6	72.85947173	-1.64E-012	-8.79E-013	0	0.00E+000
6	72.86615547	-8.59E-013	-1.51E-012	-1	0.00E+000
6	72.86666963	-1.51E-012	-8.74E-013	0	0.00E+000
6	72.87378515	-8.95E-013	-1.55E-012	-1	0.00E+000
6	72.87952022	-1.51E-012	-8.84E-013	0	0.00E+000
6	72.88273764	-8.11E-013	-1.64E-012	-1	0.00E+000
6	72.88945426	-1.60E-012	-7.87E-013	0	0.00E+000
6	72.89684714	-8.47E-013	-1.65E-012	-1	0.00E+000
6	72.89950290	-1.65E-012	-7.83E-013	0	0.00E+000
6	72.90011262	-7.83E-013	-1.70E-012	-1	0.00E+000
6	72.90828742	-1.72E-012	-8.39E-013	0	0.00E+000
6	72.90944890	-8.39E-013	-1.56E-012	-1	0.00E+000
6	72.94299822	-1.71E-012	-9.81E-013	0	0.00E+000
6	72.94421538	-9.62E-013	-1.70E-012	-1	0.00E+000
6	72.94458279	-1.70E-012	-1.10E-012	0	0.00E+000
6	72.94479053	-1.10E-012	-1.81E-012	-1	0.00E+000
6	72.94532814	-1.81E-012	-1.10E-012	0	0.00E+000
6	72.94610191	-1.10E-012	-1.72E-012	-1	0.00E+000
6	72.97080446	-1.85E-012	-9.55E-013	0	0.00E+000
6	72.97103248	-9.55E-013	-1.56E-012	-1	0.00E+000
6	72.97280589	-1.56E-012	-8.87E-013	0	0.00E+000
6	72.97357440	-8.87E-013	-1.68E-012	-1	0.00E+000
6	72.98370784	-1.68E-012	-8.72E-013	0	0.00E+000
6	72.98453641	-8.72E-013	-1.56E-012	-1	0.00E+000
6	72.99990824	-1.50E-012	-7.97E-013	0	0.00E+000
6	73.01866526	-8.97E-013	-1.60E-012	-1	0.00E+000
6	73.01911257	-1.43E-012	-9.98E-013	0	0.00E+000
6	73.01949813	-9.98E-013	-1.71E-012	-1	0.00E+000
6	73.02253572	-1.60E-012	-9.10E-013	0	0.00E+000
6	73.02332525	-9.10E-013	-1.67E-012	-1	0.00E+000
6	73.02795473	-1.66E-012	-9.59E-013	0	0.00E+000
6	73.02999470	-9.33E-013	-1.79E-012	-1	0.00E+000
6	73.03292893	-1.63E-012	-9.94E-013	0	0.00E+000
6	73.03347618	-9.94E-013	-1.74E-012	-1	0.00E+000
6	73.06944833	-1.74E-012	-2.31E-012	-2	0.00E+000
6	73.07138049	-2.31E-012	-1.57E-012	-1	0.00E+000
6	73.14348430	-1.61E-012	-2.26E-012	-2	0.00E+000
6	73.14399379	-2.12E-012	-1.41E-012	-1	0.00E+000
6	73.16742205	-1.66E-012	-8.23E-013	0	0.00E+000
6	73.16891655	-8.23E-013	-1.60E-012	-1	0.00E+000
6	73.20497390	-1.77E-012	-2.42E-012	-2	0.00E+000
6	73.20870698	-2.42E-012	-1.68E-012	-1	0.00E+000
6	73.20929112	-1.70E-012	-2.24E-012	-2	0.00E+000
6	73.20964495	-2.24E-012	-1.67E-012	-1	0.00E+000
6	73.21457355	-1.76E-012	-9.78E-013	0	0.00E+000
6	73.21480220	-9.78E-013	-1.71E-012	-1	0.00E+000
6	73.23283544	-1.63E-012	-8.90E-013	0	0.00E+000
6	73.23309065	-8.90E-013	-1.71E-012	-1	0.00E+000
6	73.25032737	-1.63E-012	-8.32E-013	0	0.00E+000
6	73.25090795	-8.82E-013	-1.73E-012	-1	0.00E+000
6	73.27965557	-1.61E-012	-2.41E-012	-2	0.00E+000
6	73.28094241	-2.41E-012	-1.69E-012	-1	0.00E+000
6	73.30647115	-1.69E-012	-9.27E-013	0	0.00E+000
6	73.30742071	-9.27E-013	-1.60E-012	-1	0.00E+000
6	73.31999423	-1.53E-012	-8.32E-013	0	0.00E+000
6	73.32032155	-8.32E-013	-1.56E-012	-1	0.00E+000
6	73.38225474	-1.53E-012	-2.14E-012	-2	0.00E+000
6	73.38269275	-2.14E-012	-1.51E-012	-1	0.00E+000
6	73.38677825	-1.55E-012	-2.45E-012	-2	0.00E+000
6	73.38781379	-2.45E-012	-1.76E-012	-1	0.00E+000
6	73.38974126	-1.65E-012	-2.22E-012	-2	0.00E+000
6	73.39099692	-2.22E-012	-1.64E-012	-1	0.00E+000
6	73.40844815	-1.64E-012	-9.13E-013	0	0.00E+000
6	73.40866748	-9.13E-013	-1.76E-012	-1	0.00E+000
6	73.43530038	-1.83E-012	-8.77E-013	0	0.00E+000
6	73.43989899	-8.55E-013	-1.47E-012	-1	0.00E+000
6	73.44023475	-1.47E-012	-8.16E-013	0	0.00E+000
6	73.44092231	-8.16E-013	-1.78E-012	-1	0.00E+000
6	73.46547036	-1.72E-012	-9.18E-013	0	0.00E+000
6	73.46902959	-9.24E-013	-1.76E-012	-1	0.00E+000
6	73.47124277	-1.76E-012	-9.41E-013	0	0.00E+000
6	73.47159994	-9.41E-013	-1.81E-012	-1	0.00E+000
6	73.47300176	-1.81E-012	-9.60E-013	0	0.00E+000
6	73.47368476	-9.60E-013	-1.73E-012	-1	0.00E+000
6	73.47442316	-1.76E-012	-9.87E-013	0	0.00E+000
6	73.47464814	-9.87E-013	-1.74E-012	-1	0.00E+000
6	73.48940197	-1.56E-012	-7.58E-013	0	0.00E+000
6	73.49063045	-7.58E-013	-1.57E-012	-1	0.00E+000
6	73.58139248	-1.59E-012	-8.96E-013	0	0.00E+000
6	73.58163389	-8.96E-013	-1.77E-012	-1	0.00E+000
6	73.58278607	-1.77E-012	-8.54E-013	0	0.00E+000
6	73.59712630	-8.07E-013	-1.55E-012	-1	0.00E+000
6	73.59958374	-1.66E-012	-8.25E-013	0	0.00E+000
6	73.60001027	-8.32E-013	-1.59E-012	-1	0.00E+000
6	73.60353508	-1.67E-012	-8.50E-013	0	0.00E+000
6	73.60374814	-8.50E-013	-1.63E-012	-1	0.00E+000
6	73.60634704	-1.66E-012	-8.18E-013	0	0.00E+000
6	73.60906895	-8.27E-013	-1.62E-012	-1	0.00E+000
6	73.60953531	-1.46E-012	-8.59E-013	0	0.00E+000
6	73.60988862	-8.59E-013	-1.64E-012	-1	0.00E+000
6	73.61792099	-1.74E-012	-8.05E-013	0	0.00E+000
6	73.61904900	-8.05E-013	-1.62E-012	-1	0.00E+000
6	73.65341949	-1.54E-012	-2.23E-012	-2	0.00E+000
6	73.65382463	-2.23E-012	-1.43E-012	-1	0.00E+000
6	73.74709166	-1.43E-012	-2.58E-012	-2	0.00E+000
6	73.74792234	-2.58E-012	-1.52E-012	-1	0.00E+000
6	73.79696462	-1.57E-012	-9.22E-013	0	0.00E+000
6	73.79724523	-9.22E-013	-1.56E-012	-1	0.00E+000
6	73.81352630	-1.59E-012	-9.40E-013	0	0.00E+000
6	73.81440729	-1.12E-012	-1.65E-012	-1	0.00E+000
6	73.96758318	-1.63E-012	-9.23E-013	0	0.00E+000
6	73.96793077	-9.23E-013	-1.53E-012	-1	0.00E+000
6	73.97622726	-1.58E-012	-8.11E-013	0	0.00E+000
6	73.97865730	-8.85E-013	-1.50E-012	-1	0.00E+000
6	74.00844813	-1.50E-012	-8.18E-013	0	0.00E+000
6	74.00929210	-8.18E-013	-1.49E-012	-1	0.00E+000
6	74.30589812	-1.31E-012	-2.05E-012	-2	0.00E+000
6	74.30767791	-1.91E-012	-1.35E-012	-1	0.00E+000
6	74.38860440	-1.35E-012	-2.26E-012	-2	0.00E+000
6	74.38933260	-2.26E-012	-1.58E-012	-1	0.00E+000
6	74.47517672	-1.58E-012	-8.83E-013	0	0.00E+000
6	74.47545974	-8.83E-013	-1.58E-012	-1	0.00E+000
6	74.48011412	-1.61E-012	-8.77E-013	0	0.00E+000
6	74.48031187	-8.77E-013	-1.53E-012	-1	0.00E+000
6	74.53316998	-1.79E-012	-2.45E-012	-2	0.00E+000
6	74.53368114	-2.45E-012	-1.67E-012	-1	0.00E+000
6	74.55592239	-1.67E-012	-2.31E-012	-2	0.00E+000
6	74.55642410	-2.31E-012	-1.48E-012	-1	0.00E+000
6	74.56595315	-1.53E-012	-2.36E-012	-2	0.00E+000
6	74.57420129	-2.37E-012	-1.45E-012	-1	0.00E+000
6	74.58163706	-1.45E-012	-2.26E-012	-2	0.00E+000
6	74.58215708	-2.26E-012	-1.26E-012	-1	0.00E+000
6	74.66456999	-1.24E-012	-2.09E-012	-2	0.00E+000
6	74.66762660	-2.14E-012	-1.30E-012	-1	0.00E+000
6	74.73036250	-1.39E-012	-2.16E-012	-2	0.00E+000
6	74.73105548	-2.16E-012	-1.34E-012	-1	0.00E+000
6	74.73391219	-1.30E-012	-2.06E-012	-2	0.00E+000
6	74.73429394	-2.06E-012	-1.40E-012	-1	0.00E+000
6	74.73553802	-1.40E-012	-2.20E-012	-2	0.00E+000
6	74.73587194	-2.20E-012	-1.33E-012	-1	0.00E+000
6	74.73641408	-1.33E-012	-2.22E-012	-2	0.00E+000
6	74.73716852	-2.22E-012	-1.42E-012	-1	0.00E+000
6	74.73740942	-1.42E-012	-2.04E-012	-2	0.00E+000
6	74.73974541	-2.04E-012	-1.41E-012	-1	0.00E+000
6	74.75356207	-1.45E-012	-2.23E-012	-2	0.00E+000
6	74.75605082	-2.23E-012	-1.33E-012	-1	0.00E+000
6	74.82169261	-1.69E-012	-2.45E-012	-2	0.00E+000
6	74.82214360	-2.45E-012	-1.49E-012	-1	0.00E+000
6	74.89219057	-1.44E-012	-2.30E-012	-2	0.00E+000
6	74.89411610	-2.29E-012	-1.40E-012	-1	0.00E+000
6	74.89539895	-1.40E-012	-2.36E-012	-2	0.00E+000
6	74.89994212	-2.18E-012	-1.37E-012	-1	0.00E+000
6	74.90696996	-1.60E-012	-2.16E-012	-2	0.00E+000
6	74.90731536	-2.16E-012	-1.76E-012	-1	0.00E+000
6	74.90945687	-1.76E-012	-2.58E-012	-2	0.00E+000
6	74.91035734	-2.58E-012	-1.69E-012	-1	0.00E+000
6	74.91417841	-1.45E-012	-2.27E-012	-2	0.00E+000
6	74.91846668	-2.25E-012	-1.39E-012	-1	0.00E+000
6	74.93197827	-1.40E-012	-2.15E-012	-2	0.00E+000
6	74.93267629	-2.15E-012	-1.25E-012	-1	0.00E+000
6	74.98450567	-1.65E-012	-2.49E-012	-2	0.00E+000
6	74.98520107	-2.49E-012	-1.58E-012	-1	0.00E+000
6	75.01298367	-1.82E-012	-2.43E-012	-2	0.00E+000
6	75.01346565	-2.43E-012	-1.76E-012	-1	0.00E+000
6	75.03793767	-1.70E-012	-2.46E-012	-2	0.00E+000
6	75.03959617	-2.46E-012	-1.61E-012	-1	0.00E+000
6	75.04695589	-1.52E-012	-2.26E-012	-2	0.00E+000
6	75.04893783	-2.44E-012	-1.56E-012	-1	0.00E+000
6	75.05744435	-1.72E-012	-2.47E-012	-2	0.00E+000
6	75.05973882	-2.26E-012	-1.66E-012	-1	0.00E+000
6	75.06177723	-1.77E-012	-2.51E-012	-2	0.00E+000
6	75.06451111	-2.48E-012	-1.67E-012	-1	0.00E+000
6	75.09676917	-1.72E-012	-9.71E-013	0	0.00E+000
6	75.09699810	-9.71E-013	-1.74E-012	-1	0.00E+000
6	75.10033517	-1.72E-012	-1.06E-012	0	0.00E+000
6	75.10074511	-1.06E-012	-1.62E-012	-1	0.00E+000
6	75.14645019	-1.52E-012	-2.44E-012	-2	0.00E+000
6	75.14771536	-2.26E-012	-1.53E-012	-1	0.00E+000
6	75.14794810	-1.53E-012	-2.38E-012	-2	0.00E+000
6	75.14936542	-2.38E-012	-1.61E-012	-1	0.00E+000
6	75.16464816	-1.59E-012	-2.59E-012	-2	0.00E+000
6	75.17038336	-2.31E-012	-1.53E-012	-1	0.00E+000
6	75.17300371	-1.56E-012	-2.11E-012	-2	0.00E+000
6	75.17331167	-2.11E-012	-1.47E-012	-1	0.00E+000
6	75.17397952	-1.47E-012	-2.15E-012	-2	0.00E+000
6	75.17535754	-2.15E-012	-1.38E-012	-1	0.00E+000
6	75.18866736	-1.63E-012	-2.39E-012	-2	0.00E+000
6	75.19227933	-2.45E-012	-1.82E-012	-1	0.00E+000
6	75.19875115	-1.81E-012	-2.43E-012	-2	0.00E+000
6	75.20279196	-2.43E-012	-1.85E-012	-1	0.00E+000
6	75.20625082	-1.72E-012	-2.50E-012	-2	0.00E+000
6	75.20906839	-2.40E-012	-1.81E-012	-1	0.00E+000
6	75.21269810	-1.81E-012	-2.33E-012	-2	0.00E+000
6	75.21395935	-2.10E-012	-1.67E-012	-1	0.00E+000
6	75.21439900	-1.67E-012	-2.28E-012	-2	0.00E+000
6	75.21901177	-2.36E-012	-1.55E-012	-1	0.00E+000
6	75.23706266	-1.64E-012	-2.47E-012	-2	0.00E+000
6	75.23976316	-2.39E-012	-1.61E-012	-1	0.00E+000
6	75.26192553	-1.54E-012	-9.14E-013	0	0.00E+000
6	75.26250008	-9.14E-013	-1.62E-012	-1	0.00E+000
6	75.28137128	-1.47E-012	-2.13E-012	-2	0.00E+000
6	75.28170091	-2.13E-012	-1.61E-012	-1	0.00E+000
6	75.29133449	-1.52E-012	-2.19E-012	-2	0.00E+000
6	75.29177900	-2.19E-012	-1.49E-012	-1	0.00E+000
6	75.29677813	-1.45E-012	-2.06E-012	-2	0.00E+000
6	75.29715645	-2.06E-012	-1.60E-012	-1	0.00E+000
6	75.29764294	-1.60E-012	-2.24E-012	-2	0.00E+000
6	75.29816378	-2.24E-012	-1.52E-012	-1	0.00E+000
6	75.34764775	-1.69E-012	-1.09E-012	0	0.00E+000
6	75.34802519	-1.09E-012	-1.71E-012	-1	0.00E+000
6	75.34998258	-1.69E-012	-2.49E-012	-2	0.00E+000
6	75.35055956	-2.49E-012	-1.65E-012	-1	0.00E+000
6	75.36648218	-1.57E-012	-6.88E-013	0	0.00E+000
6	75.36672168	-6.88E-013	-1.34E-012	-1	0.00E+000
6	75.37569810	-1.49E-012	-7.93E-013	0	0.00E+000
6	75.37594935	-7.93E-013	-1.48E-012	-1	0.00E+000
6	75.38047162	-1.62E-012	-9.72E-013	0	0.00E+000
6	75.38100991	-9.72E-013	-1.57E-012	-1	0.00E+000
6	75.38304584	-1.57E-012	-2.51E-012	-2	0.00E+000
6	75.38364529	-2.51E-012	-1.51E-012	-1	0.00E+000
6	75.48732295	-1.55E-012	-9.39E-013	0	0.00E+000
6	75.48772365	-9.39E-013	-1.72E-012	-1	0.00E+000
6	75.50529809	-1.72E-012	-2.32E-012	-2	0.00E+000
6	75.50631585	-2.32E-012	-1.37E-012	-1	0.00E+000
6	75.53443977	-1.59E-012	-8.44E-013	0	0.00E+000
6	75.53478222	-8.44E-013	-1.38E-012	-1	0.00E+000
6	75.53774527	-1.40E-012	-8.01E-013	0	0.00E+000
6	75.53968294	-9.54E-013	-1.62E-012	-1	0.00E+000
6	75.54510635	-1.51E-012	-8.16E-013	0	0.00E+000
6	75.54549379	-8.16E-013	-1.49E-012	-1	0.00E+000
6	75.60102294	-1.45E-012	-8.45E-013	0	0.00E+000
6	75.60166055	-8.45E-013	-1.50E-012	-1	0.00E+000
6	75.65054809	-1.50E-012	-8.64E-013	0	0.00E+000
6	75.65077470	-8.64E-013	-1.65E-012	-1	0.00E+000
6	75.66179329	-1.48E-012	-2.27E-012	-2	0.00E+000
6	75.66242603	-2.27E-012	-1.44E-012	-1	0.00E+000
6	75.69803068	-1.55E-012	-9.45E-013	0	0.00E+000
6	75.69834564	-9.45E-013	-1.80E-012	-1	0.00E+000
6	75.70986481	-1.80E-012	-1.23E-012	0	0.00E+000
6	75.71017667	-1.23E-012	-1.71E-012	-1	0.00E+000
6	75.73082316	-1.71E-012	-8.80E-013	0	0.00E+000
6	75.73129760	-1.24E-012	-1.71E-012	-1	0.00E+000
6	75.75659911	-1.71E-012	-2.58E-012	-2	0.00E+000
6	75.75853740	-2.50E-012	-1.61E-012	-1	0.00E+000
6	75.76756578	-1.67E-012	-2.22E-012	-2	0.00E+000
6	75.76819322	-2.22E-012	-1.58E-012	-1	0.00E+000
6	75.79570356	-1.80E-012	-1.04E-012	0	0.00E+000
6	75.79763578	-1.04E-012	-1.72E-012	-1	0.00E+000
6	75.80261716	-1.68E-012	-2.44E-012	-2	0.00E+000
6	75.80328274	-2.44E-012	-1.59E-012	-1	0.00E+000
6	75.83455251	-1.60E-012	-2.40E-012	-2	0.00E+000
6	75.83660274	-2.46E-012	-1.62E-012	-1	0.00E+000
6	75.84939396	-1.60E-012	-2.46E-012	-2	0.00E+000
6	75.85024371	-2.46E-012	-1.65E-012	-1	0.00E+000
6	75.85246142	-1.55E-012	-2.22E-012	-2	0.00E+000
6	75.85628902	-2.50E-012	-1.58E-012	-1	0.00E+000
6	75.85650706	-1.58E-012	-2.30E-012	-2	0.00E+000
6	75.86036697	-2.34E-012	-3.28E-012	-3	0.00E+000
6	75.86199084	-3.28E-012	-2.62E-012	-2	0.00E+000
6	75.86635046	-2.55E-012	-1.63E-012	-1	0.00E+000
6	75.88708086	-1.62E-012	-2.54E-012	-2	0.00E+000
6	75.89185125	-2.31E-012	-1.57E-012	-1	0.00E+000
6	75.89254079	-1.47E-012	-2.50E-012	-2	0.00E+000
6	75.89354623	-2.50E-012	-1.58E-012	-1	0.00E+000
6	75.89486443	-1.62E-012	-2.31E-012	-2	0.00E+000
6	75.89526055	-2.31E-012	-1.63E-012	-1	0.00E+000
6	75.91985931	-1.50E-012	-2.45E-012	-2	0.00E+000
6	75.92073995	-2.45E-012	-1.62E-012	-1	0.00E+000
6	75.92338658	-1.63E-012	-7.28E-013	0	0.00E+000
6	75.92365649	-7.28E-013	-1.50E-012	-1	0.00E+000
6	75.92910321	-1.52E-012	-2.48E-012	-2	0.00E+000
6	75.93069491	-2.46E-012	-1.70E-012	-1	0.00E+000
6	75.93757497	-1.56E-012	-9.63E-013	0	0.00E+000
6	75.93800674	-9.63E-013	-1.65E-012	-1	0.00E+000
6	76.01327398	-1.63E-012	-2.33E-012	-2	0.00E+000
6	76.01407794	-2.33E-012	-1.70E-012	-1	0.00E+000
6	76.02123421	-1.68E-012	-2.33E-012	-2	0.00E+000
6	76.02247920	-2.33E-012	-1.61E-012	-1	0.00E+000
6	76.03546997	-1.62E-012	-2.23E-012	-2	0.00E+000
6	76.03585255	-2.23E-012	-1.57E-012	-1	0.00E+000
6	76.09507618	-1.64E-012	-7.06E-013	0	0.00E+000
6	76.09564774	-7.06E-013	-1.64E-012	-1	0.00E+000
6	76.09826719	-1.76E-012	-2.33E-012	-2	0.00E+000
6	76.09865859	-2.33E-012	-1.61E-012	-1	0.00E+000
6	76.11558979	-1.55E-012	-2.51E-012	-2	0.00E+000
6	76.11772330	-2.26E-012	-1.22E-012	-1	0.00E+000
6	76.12220247	-1.52E-012	-2.25E-012	-2	0.00E+000
6	76.12351713	-2.25E-012	-1.51E-012	-1	0.00E+000
6	76.12646576	-1.64E-012	-2.61E-012	-2	0.00E+000
6	76.12876174	-2.47E-012	-1.74E-012	-1	0.00E+000
6	76.14239300	-1.75E-012	-9.53E-013	0	0.00E+000
6	76.14272681	-9.53E-013	-1.96E-012	-1	0.00E+000
6	76.15092280	-1.76E-012	-9.89E-013	0	0.00E+000
6	76.15117518	-9.89E-013	-1.68E-012	-1	0.00E+000
6	76.21534121	-1.59E-012	-2.65E-012	-2	0.00E+000
6	76.21614687	-2.65E-012	-1.53E-012	-1	0.00E+000
6	76.21763556	-1.53E-012	-2.13E-012	-2	0.00E+000
6	76.21922066	-2.13E-012	-1.52E-012	-1	0.00E+000
6	76.34166241	-1.70E-012	-8.13E-013	0	0.00E+000
6	76.34220062	-8.13E-013	-1.62E-012	-1	0.00E+000
6	76.38083856	-1.55E-012	-8.20E-013	0	0.00E+000
6	76.38168583	-8.20E-013	-1.52E-012	-1	0.00E+000
6	76.42972243	-1.56E-012	-2.25E-012	-2	0.00E+000
6	76.43027491	-2.25E-012	-1.58E-012	-1	0.00E+000
6	76.45674597	-1.80E-012	-2.53E-012	-2	0.00E+000
6	76.45771817	-2.53E-012	-1.73E-012	-1	0.00E+000
6	76.46414123	-1.67E-012	-2.36E-012	-2	0.00E+000
6	76.46487701	-2.36E-012	-1.63E-012	-1	0.00E+000
6	76.53692587	-1.52E-012	-2.34E-012	-2	0.00E+000
6	76.53807642	-2.34E-012	-1.67E-012	-1	0.00E+000
6	76.54436355	-1.55E-012	-2.34E-012	-2	0.00E+000
6	76.54692147	-2.36E-012	-1.45E-012	-1	0.00E+000
6	76.57272903	-1.83E-012	-9.39E-013	0	0.00E+000
6	76.57306974	-9.39E-013	-1.68E-012	-1	0.00E+000
6	76.67272485	-1.69E-012	-2.42E-012	-2	0.00E+000
6	76.67318396	-2.42E-012	-1.70E-012	-1	0.00E+000
6	76.69719754	-1.75E-012	-2.43E-012	-2	0.00E+000
6	76.69811007	-2.43E-012	-1.80E-012	-1	0.00E+000
6	76.70318758	-1.89E-012	-8.97E-013	0	0.00E+000
6	76.70344627	-8.97E-013	-1.80E-012	-1	0.00E+000
6	76.72958628	-1.78E-012	-2.54E-012	-2	0.00E+000
6	76.73013678	-2.54E-012	-1.63E-012	-1	0.00E+000
6	76.74386164	-1.54E-012	-2.49E-012	-2	0.00E+000
6	76.74464634	-2.49E-012	-1.52E-012	-1	0.00E+000
6	76.74570176	-1.52E-012	-2.39E-012	-2	0.00E+000
6	76.74736267	-2.36E-012	-1.62E-012	-1	0.00E+000
6	76.77580743	-1.53E-012	-8.21E-013	0	0.00E+000
6	76.77603015	-8.21E-013	-1.57E-012	-1	0.00E+000
6	76.78247766	-1.68E-012	-2.46E-012	-2	0.00E+000
6	76.78504146	-2.37E-012	-1.62E-012	-1	0.00E+000
6	76.82442846	-1.66E-012	-8.86E-013	0	0.00E+000
6	76.82465043	-8.86E-013	-1.76E-012	-1	0.00E+000
6	76.82960172	-1.64E-012	-2.50E-012	-2	0.00E+000
6	76.83008202	-2.50E-012	-1.71E-012	-1	0.00E+000
6	76.91258922	-1.55E-012	-8.65E-013	0	0.00E+000
6	76.91408894	-8.65E-013	-1.55E-012	-1	0.00E+000
6	76.94340136	-1.60E-012	-8.22E-013	0	0.00E+000
6	76.94405651	-8.22E-013	-1.62E-012	-1	0.00E+000
6	76.96441784	-1.68E-012	-9.22E-013	0	0.00E+000
6	76.96495692	-9.22E-013	-1.71E-012	-1	0.00E+000
6	76.97773535	-1.78E-012	-1.05E-012	0	0.00E+000
6	76.97823877	-8.56E-013	-1.61E-012	-1	0.00E+000
6	76.99723303	-1.69E-012	-8.68E-013	0	0.00E+000
6	76.99744805	-8.68E-013	-1.61E-012	-1	0.00E+000
6	77.01978322	-1.59E-012	-8.19E-013	0	0.00E+000
6	77.01995448	-8.19E-013	-1.70E-012	-1	0.00E+000
6	77.03942410	-1.73E-012	-2.32E-012	-2	0.00E+000
6	77.03975620	-2.32E-012	-1.69E-012	-1	0.00E+000
6	77.05621486	-1.49E-012	-6.44E-013	0	0.00E+000
6	77.05687935	-6.44E-013	-1.66E-012	-1	0.00E+000
6	77.05780444	-1.66E-012	-8.47E-013	0	0.00E+000
6	77.05840090	-8.47E-013	-1.66E-012	-1	0.00E+000
6	77.09692177	-1.80E-012	-7.87E-013	0	0.00E+000
6	77.10002707	-8.38E-013	-1.56E-012	-1	0.00E+000
6	77.10762888	-1.63E-012	-2.25E-012	-2	0.00E+000
6	77.10795424	-2.25E-012	-1.64E-012	-1	0.00E+000
6	77.11667372	-1.68E-012	-2.49E-012	-2	0.00E+000
6	77.11860339	-2.53E-012	-1.55E-012	-1	0.00E+000
6	77.12249987	-1.69E-012	-2.32E-012	-2	0.00E+000
6	77.12369395	-2.32E-012	-1.50E-012	-1	0.00E+000
6	77.24407813	-1.67E-012	-2.53E-012	-2	0.00E+000
6	77.24466558	-2.53E-012	-1.60E-012	-1	0.00E+000
6	77.29944378	-1.64E-012	-1.03E-012	0	0.00E+000
6	77.29979920	-1.03E-012	-1.68E-012	-1	0.00E+000
6	77.30135598	-1.68E-012	-2.29E-012	-2	0.00E+000
6	77.30619805	-2.29E-012	-1.58E-012	-1	0.00E+000
6	77.30735694	-1.79E-012	-1.03E-012	0	0.00E+000
6	77.30778520	-1.03E-012	-1.74E-012	-1	0.00E+000
6	77.35986788	-1.30E-012	-2.32E-012	-2	0.00E+000
6	77.36065156	-2.32E-012	-1.42E-012	-1	0.00E+000
6	77.36719036	-1.49E-012	-2.35E-012	-2	0.00E+000
6	77.36823719	-2.35E-012	-1.58E-012	-1	0.00E+000
6	77.38639509	-1.69E-012	-1.06E-012	0	0.00E+000
6	77.38672860	-1.06E-012	-1.84E-012	-1	0.00E+000
6	77.41763579	-2.09E-012	-2.56E-012	-2	0.00E+000
6	77.41909201	-2.56E-012	-1.55E-012	-1	0.00E+000
6	77.42995689	-1.64E-012	-2.44E-012	-2	0.00E+000
6	77.43230269	-2.56E-012	-1.70E-012	-1	0.00E+000
6	77.43438704	-1.74E-012	-1.08E-012	0	0.00E+000
6	77.43491504	-1.08E-012	-1.78E-012	-1	0.00E+000
6	77.45483450	-1.76E-012	-1.17E-012	0	0.00E+000
6	77.45521562	-1.17E-012	-1.77E-012	-1	0.00E+000
6	77.46189266	-1.74E-012	-2.47E-012	-2	0.00E+000
6	77.46241476	-2.47E-012	-1.78E-012	-1	0.00E+000
6	77.46623749	-1.70E-012	-2.58E-012	-2	0.00E+000
6	77.46678496	-2.58E-012	-1.69E-012	-1	0.00E+000
6	77.46753218	-1.69E-012	-2.41E-012	-2	0.00E+000
6	77.46810490	-2.41E-012	-1.74E-012	-1	0.00E+000
6	77.47172819	-1.67E-012	-2.36E-012	-2	0.00E+000
6	77.47205367	-2.36E-012	-1.83E-012	-1	0.00E+000
6	77.52090081	-1.68E-012	-2.48E-012	-2	0.00E+000
6	77.52251147	-2.23E-012	-1.60E-012	-1	0.00E+000
6	77.54634378	-1.78E-012	-2.31E-012	-2	0.00E+000
6	77.55217731	-2.31E-012	-1.73E-012	-1	0.00E+000
6	77.64484355	-1.44E-012	-7.39E-013	0	0.00E+000
6	77.65068117	-7.98E-013	-1.54E-012	-1	0.00E+000
6	77.66298181	-1.48E-012	-2.31E-012	-2	0.00E+000
6	77.66347426	-2.31E-012	-1.60E-012	-1	0.00E+000
6	77.68682724	-1.70E-012	-2.51E-012	-2	0.00E+000
6	77.68875061	-2.51E-012	-1.31E-012	-1	0.00E+000
6	77.71986427	-1.64E-012	-2.37E-012	-2	0.00E+000
6	77.72329517	-2.44E-012	-1.52E-012	-1	0.00E+000
6	77.72360568	-1.52E-012	-2.28E-012	-2	0.00E+000
6	77.72477871	-2.28E-012	-1.62E-012	-1	0.00E+000
6	77.72716560	-1.58E-012	-2.48E-012	-2	0.00E+000
6	77.72913967	-2.47E-012	-1.43E-012	-1	0.00E+000
6	77.73024697	-1.43E-012	-2.29E-012	-2	0.00E+000
6	77.73596505	-2.25E-012	-1.50E-012	-1	0.00E+000
6	77.74736139	-1.29E-012	-2.27E-012	-2	0.00E+000
6	77.77000503	-2.55E-012	-1.53E-012	-1	0.00E+000
6	77.77026021	-1.53E-012	-8.48E-013	0	0.00E+000
6	77.77179136	-8.48E-013	-1.48E-012	-1	0.00E+000
6	77.77431108	-1.50E-012	-2.36E-012	-2	0.00E+000
6	77.77543939	-2.36E-012	-1.51E-012	-1	0.00E+000
6	77.82132081	-1.53E-012	-2.41E-012	-2	0.00E+000
6	77.82760326	-2.34E-012	-1.59E-012	-1	0.00E+000
6	77.82815389	-1.59E-012	-2.26E-012	-2	0.00E+000
6	77.82965364	-2.26E-012	-1.68E-012	-1	0.00E+000
6	77.85055440	-1.60E-012	-2.44E-012	-2	0.00E+000
6	77.85177529	-2.44E-012	-1.58E-012	-1	0.00E+000
6	77.89588503	-1.56E-012	-2.43E-012	-2	0.00E+000
6	77.89658314	-2.43E-012	-1.62E-012	-1	0.00E+000
6	77.89805599	-1.62E-012	-2.52E-012	-2	0.00E+000
6	77.89897205	-2.52E-012	-1.81E-012	-1	0.00E+000
6	77.91904103	-1.57E-012	-2.53E-012	-2	0.00E+000
6	77.91969427	-2.48E-012	-1.34E-012	-1	0.00E+000
6	77.92858451	-1.67E-012	-2.25E-012	-2	0.00E+000
6	77.92913690	-2.25E-012	-1.50E-012	-1	0.00E+000
6	77.97475188	-1.57E-012	-2.48E-012	-2	0.00E+000
6	77.97563989	-2.48E-012	-1.87E-012	-1	0.00E+000
6	77.97705737	-1.87E-012	-2.65E-012	-2	0.00E+000
6	77.97873787	-2.36E-012	-1.84E-012	-1	0.00E+000
6	78.01779308	-1.64E-012	-2.54E-012	-2	0.00E+000
6	78.01974639	-2.27E-012	-1.52E-012	-1	0.00E+000
6	78.02246151	-1.65E-012	-2.23E-012	-2	0.00E+000
6	78.02300233	-2.23E-012	-1.73E-012	-1	0.00E+000
6	78.02412103	-1.73E-012	-2.23E-012	-2	0.00E+000
6	78.02504408	-2.23E-012	-1.59E-012	-1	0.00E+000
6	78.02626819	-1.59E-012	-2.37E-012	-2	0.00E+000
6	78.02665861	-2.37E-012	-1.65E-012	-1	0.00E+000
6	78.13207356	-1.64E-012	-2.57E-012	-2	0.00E+000
6	78.13563007	-2.29E-012	-1.60E-012	-1	0.00E+000
6	78.14143569	-1.48E-012	-2.47E-012	-2	0.00E+000
6	78.14212380	-2.47E-012	-1.54E-012	-1	0.00E+000
6	78.17206065	-1.63E-012	-2.21E-012	-2	0.00E+000
6	78.17436440	-2.31E-012	-1.45E-012	-1	0.00E+000
6	78.17598412	-1.45E-012	-2.44E-012	-2	0.00E+000
6	78.17745334	-2.44E-012	-1.50E-012	-1	0.00E+000
6	78.17772439	-1.50E-012	-2.37E-012	-2	0.00E+000
6	78.17868709	-2.37E-012	-1.60E-012	-1	0.00E+000
6	78.28562216	-1.61E-012	-2.22E-012	-2	0.00E+000
6	78.28762087	-2.18E-012	-1.63E-012	-1	0.00E+000
6	78.30250592	-1.62E-012	-2.43E-012	-2	0.00E+000
6	78.30385167	-2.43E-012	-1.49E-012	-1	0.00E+000
6	78.33352203	-1.44E-012	-5.17E-013	0	0.00E+000
6	78.33374373	-5.17E-013	-1.48E-012	-1	0.00E+000
6	78.38080312	-1.65E-012	-2.34E-012	-2	0.00E+000
6	78.38283805	-2.34E-012	-1.66E-012	-1	0.00E+000
6	78.38585855	-1.60E-012	-2.34E-012	-2	0.00E+000
6	78.38947832	-2.37E-012	-1.59E-012	-1	0.00E+000
6	78.41997920	-1.64E-012	-2.44E-012	-2	0.00E+000
6	78.42258130	-2.43E-012	-1.56E-012	-1	0.00E+000
6	78.42525056	-1.64E-012	-2.40E-012	-2	0.00E+000
6	78.42595997	-2.40E-012	-1.65E-012	-1	0.00E+000
6	78.44404922	-1.63E-012	-2.28E-012	-2	0.00E+000
6	78.44540934	-2.28E-012	-1.54E-012	-1	0.00E+000
6	78.52067829	-1.71E-012	-2.47E-012	-2	0.00E+000
6	78.52120883	-2.47E-012	-1.77E-012	-1	0.00E+000
6	78.52449707	-1.60E-012	-2.50E-012	-2	0.00E+000
6	78.52572187	-2.50E-012	-1.58E-012	-1	0.00E+000
6	78.57203512	-1.57E-012	-2.44E-012	-2	0.00E+000
6	78.57364359	-2.44E-012	-1.68E-012	-1	0.00E+000
6	78.57866603	-1.33E-012	-2.10E-012	-2	0.00E+000
6	78.57932890	-2.10E-012	-1.33E-012	-1	0.00E+000
6	78.63800587	-1.60E-012	-2.41E-012	-2	0.00E+000
6	78.63899452	-2.41E-012	-1.40E-012	-1	0.00E+000
6	78.68728489	-1.41E-012	-2.26E-012	-2	0.00E+000
6	78.68766817	-2.26E-012	-1.61E-012	-1	0.00E+000
6	78.69561349	-1.61E-012	-2.22E-012	-2	0.00E+000
6	78.69615205	-2.22E-012	-1.65E-012	-1	0.00E+000
6	78.71116655	-1.60E-012	-7.86E-013	0	0.00E+000
6	78.71161281	-7.86E-013	-1.66E-012	-1	0.00E+000
6	78.72853578	-1.36E-012	-2.15E-012	-2	0.00E+000
6	78.72882124	-2.15E-012	-1.39E-012	-1	0.00E+000
6	78.73396411	-1.37E-012	-2.48E-012	-2	0.00E+000
6	78.73482959	-2.48E-012	-1.66E-012	-1	0.00E+000
6	78.74431927	-1.42E-012	-2.24E-012	-2	0.00E+000
6	78.74552952	-2.24E-012	-1.38E-012	-1	0.00E+000
6	78.79139729	-1.50E-012	-2.03E-012	-2	0.00E+000
6	78.79193790	-2.03E-012	-1.39E-012	-1	0.00E+000
6	78.79536440	-1.33E-012	-2.36E-012	-2	0.00E+000
6	78.79646382	-2.36E-012	-1.51E-012	-1	0.00E+000
6	78.81092300	-1.36E-012	-2.15E-012	-2	0.00E+000
6	78.81174656	-2.15E-012	-1.44E-012	-1	0.00E+000
6	78.81619104	-1.34E-012	-2.14E-012	-2	0.00E+000
6	78.81762239	-2.14E-012	-1.44E-012	-1	0.00E+000
6	78.82137363	-1.55E-012	-6.69E-013	0	0.00E+000
6	78.82165618	-6.69E-013	-1.63E-012	-1	0.00E+000
6	78.91845973	-1.72E-012	-7.25E-013	0	0.00E+000
6	78.91994246	-7.25E-013	-1.55E-012	-1	0.00E+000
6	78.93859577	-1.61E-012	-7.26E-013	0	0.00E+000
6	78.93881691	-7.26E-013	-1.57E-012	-1	0.00E+000
6	78.94534506	-1.25E-012	-2.59E-012	-2	0.00E+000
6	78.94661558	-2.59E-012	-1.41E-012	-1	0.00E+000
6	78.95213058	-1.44E-012	-2.09E-012	-2	0.00E+000
6	78.95328271	-2.09E-012	-1.56E-012	-1	0.00E+000
6	79.01431412	-1.51E-012	-8.85E-013	0	0.00E+000
6	79.01523403	-8.85E-013	-1.57E-012	-1	0.00E+000
6	79.01713585	-1.57E-012	-2.16E-012	-2	0.00E+000
6	79.01749478	-2.16E-012	-1.57E-012	-1	0.00E+000
6	79.01852691	-1.57E-012	-2.44E-012	-2	0.00E+000
6	79.02129275	-2.44E-012	-1.59E-012	-1	0.00E+000
6	79.02287608	-1.60E-012	-2.22E-012	-2	0.00E+000
6	79.02349495	-2.22E-012	-1.61E-012	-1	0.00E+000
6	79.02428330	-1.61E-012	-2.25E-012	-2	0.00E+000
6	79.02484852	-2.25E-012	-1.49E-012	-1	0.00E+000
6	79.02662523	-1.49E-012	-2.15E-012	-2	0.00E+000
6	79.02714471	-2.15E-012	-1.52E-012	-1	0.00E+000
6	79.03511549	-1.67E-012	-9.22E-013	0	0.00E+000
6	79.03597331	-9.22E-013	-1.55E-012	-1	0.00E+000
6	79.03795103	-1.53E-012	-2.43E-012	-2	0.00E+000
6	79.03985818	-2.34E-012	-1.56E-012	-1	0.00E+000
6	79.04182531	-1.59E-012	-7.91E-013	0	0.00E+000
6	79.04224511	-7.91E-013	-1.67E-012	-1	0.00E+000
6	79.04262500	-1.67E-012	-2.45E-012	-2	0.00E+000
6	79.04339965	-2.45E-012	-1.65E-012	-1	0.00E+000
6	79.04682810	-1.54E-012	-2.30E-012	-2	0.00E+000
6	79.04772327	-2.30E-012	-1.51E-012	-1	0.00E+000
6	79.05168040	-1.50E-012	-2.51E-012	-2	0.00E+000
6	79.05197229	-2.51E-012	-1.66E-012	-1	0.00E+000
6	79.05951388	-1.58E-012	-2.43E-012	-2	0.00E+000
6	79.06196864	-2.23E-012	-1.67E-012	-1	0.00E+000
6	79.06567539	-1.62E-012	-2.39E-012	-2	0.00E+000
6	79.06639946	-2.39E-012	-1.78E-012	-1	0.00E+000
6	79.06683868	-1.78E-012	-2.41E-012	-2	0.00E+000
6	79.06882728	-2.41E-012	-1.75E-012	-1	0.00E+000
6	79.07009756	-1.75E-012	-2.67E-012	-2	0.00E+000
6	79.07067111	-2.67E-012	-1.72E-012	-1	0.00E+000
6	79.07546975	-1.62E-012	-2.63E-012	-2	0.00E+000
6	79.07590970	-2.63E-012	-1.62E-012	-1	0.00E+000
6	79.08249887	-1.60E-012	-2.19E-012	-2	0.00E+000
6	79.08366173	-2.19E-012	-1.47E-012	-1	0.00E+000
6	79.08419298	-1.47E-012	-2.43E-012	-2	0.00E+000
6	79.09157436	-2.38E-012	-1.60E-012	-1	0.00E+000