1	50.77452362	-7.359850E-013	-1.562973E-012	-1	0.000000E+000
1	50.77574796	-1.392190E-012	-6.952554E-013	0	0.000000E+000
1	50.78915000	-6.952554E-013	-1.318698E-012	-1	0.000000E+000
1	50.79513193	-1.337508E-012	-5.959603E-013	0	0.000000E+000
1	50.79870523	-7.355077E-013	-1.360612E-012	-1	0.000000E+000
1	50.80252500	-1.360612E-012	-7.789200E-013	0	0.000000E+000
1	50.80501210	-8.036878E-013	-1.606573E-012	-1	0.000000E+000
1	50.80599969	-1.606573E-012	-7.338691E-013	0	0.000000E+000
1	50.80701676	-7.339254E-013	-1.489547E-012	-1	0.000000E+000
1	50.80849796	-1.489547E-012	-7.338691E-013	0	0.000000E+000
1	50.81117180	-7.338691E-013	-1.399134E-012	-1	0.000000E+000
1	50.81273766	-1.399134E-012	-7.512579E-013	0	0.000000E+000
1	50.82798197	-7.668983E-013	-1.358391E-012	-1	0.000000E+000
1	50.82889447	-1.358391E-012	-7.205060E-013	0	0.000000E+000
1	50.86395337	-7.160456E-013	-1.389027E-012	-1	0.000000E+000
1	50.87342492	-1.383240E-012	-6.335468E-013	0	0.000000E+000
1	50.87617540	-6.335468E-013	-1.351485E-012	-1	0.000000E+000
1	50.92973556	-1.345788E-012	-6.997744E-013	0	0.000000E+000
1	50.93037037	-6.997744E-013	-1.284988E-012	-1	0.000000E+000
1	50.93672279	-1.220434E-012	-5.363922E-013	0	0.000000E+000
1	50.94105118	-6.767431E-013	-1.301500E-012	-1	0.000000E+000
1	50.97867843	-1.331170E-012	-7.479215E-013	0	0.000000E+000
1	50.97936381	-7.479215E-013	-1.334811E-012	-1	0.000000E+000
1	50.99069911	-1.342791E-012	-6.572576E-013	0	0.000000E+000
1	50.99128965	-6.572576E-013	-1.288859E-012	-1	0.000000E+000
1	50.99893162	-1.308234E-012	-6.949102E-013	0	0.000000E+000
1	50.99970469	-6.949102E-013	-1.302999E-012	-1	0.000000E+000
1	51.00761900	-1.302999E-012	-7.007226E-013	0	0.000000E+000
1	51.08457619	-7.007226E-013	-1.742766E-012	-1	0.000000E+000
1	51.08738187	-1.742677E-012	-8.074380E-013	0	0.000000E+000
1	51.08812601	-8.074380E-013	-1.541804E-012	-1	0.000000E+000
1	51.09150000	-1.541804E-012	-6.909705E-013	0	0.000000E+000
1	51.10172321	-7.213346E-013	-1.326280E-012	-1	0.000000E+000
1	51.11789308	-1.281650E-012	-7.678439E-013	0	0.000000E+000
1	51.13669003	-7.726582E-013	-1.361181E-012	-1	0.000000E+000
1	51.13729313	-1.361181E-012	-8.181064E-013	0	0.000000E+000
1	51.13946558	-7.466636E-013	-1.377114E-012	-1	0.000000E+000
1	51.14135379	-1.377114E-012	-6.986962E-013	0	0.000000E+000
1	51.19080686	-8.323446E-013	-1.477946E-012	-1	0.000000E+000
1	51.20260839	-1.411898E-012	-7.324385E-013	0	0.000000E+000
1	51.20312500	-7.324385E-013	-1.378492E-012	-1	0.000000E+000
1	51.20854813	-1.378492E-012	-8.419042E-013	0	0.000000E+000
1	51.27368572	-7.783647E-013	-1.452253E-012	-1	0.000000E+000
1	51.27417500	-1.452253E-012	-8.337036E-013	0	0.000000E+000
1	51.30851783	-7.488201E-013	-1.281496E-012	-1	0.000000E+000
1	51.30912343	-1.281496E-012	-6.782663E-013	0	0.000000E+000
1	51.33822219	-7.512596E-013	-1.411794E-012	-1	0.000000E+000
1	51.33887157	-1.411794E-012	-6.783807E-013	0	0.000000E+000
1	51.35163842	-7.403188E-013	-1.276923E-012	-1	0.000000E+000
1	51.35620948	-1.276923E-012	-5.547317E-013	0	0.000000E+000
1	51.35759248	-5.547317E-013	-1.121131E-012	-1	0.000000E+000
1	51.36085236	-1.161550E-012	-6.013676E-013	0	0.000000E+000
1	51.36137500	-6.013676E-013	-1.363159E-012	-1	0.000000E+000
1	51.37018190	-1.422000E-012	-8.112237E-013	0	0.000000E+000
1	51.37110036	-8.112237E-013	-1.499618E-012	-1	0.000000E+000
1	51.37720000	-1.466594E-012	-7.666032E-013	0	0.000000E+000
1	51.38087372	-8.409066E-013	-1.377193E-012	-1	0.000000E+000
1	51.49209240	-1.331206E-012	-5.467746E-013	0	0.000000E+000
1	51.49326748	-6.291172E-013	-1.324627E-012	-1	0.000000E+000
1	51.49610056	-1.349395E-012	-4.983986E-013	0	0.000000E+000
1	51.49660000	-4.983986E-013	-1.339406E-012	-1	0.000000E+000
1	51.50077501	-1.339406E-012	-5.387977E-013	0	0.000000E+000
1	51.50223794	-5.387977E-013	-1.310558E-012	-1	0.000000E+000
1	51.50540606	-1.310558E-012	-6.238151E-013	0	0.000000E+000
1	51.50675289	-6.238151E-013	-1.268761E-012	-1	0.000000E+000
1	51.51218271	-1.304534E-012	-5.680198E-013	0	0.000000E+000
1	51.51472512	-6.376573E-013	-1.430713E-012	-1	0.000000E+000
1	51.51717053	-1.488504E-012	-6.483631E-013	0	0.000000E+000
1	51.51778550	-6.483631E-013	-1.481709E-012	-1	0.000000E+000
1	51.52825297	-1.464268E-012	-7.643849E-013	0	0.000000E+000
1	51.53006292	-7.643849E-013	-1.292253E-012	-1	0.000000E+000
1	51.55087460	-1.396041E-012	-7.214324E-013	0	0.000000E+000
1	51.55545701	-6.729739E-013	-1.450033E-012	-1	0.000000E+000
1	51.55704273	-1.467377E-012	-6.487096E-013	0	0.000000E+000
1	51.55824409	-6.487096E-013	-1.406652E-012	-1	0.000000E+000
1	51.60748831	-1.406652E-012	-6.674607E-013	0	0.000000E+000
1	51.60805039	-6.674607E-013	-1.329626E-012	-1	0.000000E+000
1	51.63173452	-1.408199E-012	-7.659698E-013	0	0.000000E+000
1	51.73753648	-6.865274E-013	-1.430098E-012	-1	0.000000E+000
1	51.73798910	-1.430098E-012	-7.918738E-013	0	0.000000E+000
1	51.77760305	-8.559480E-013	-1.537001E-012	-1	0.000000E+000
1	51.77810000	-1.537001E-012	-9.199790E-013	0	0.000000E+000
1	51.80418260	-7.160851E-013	-1.408372E-012	-1	0.000000E+000
1	51.85861659	-1.270974E-012	-6.273636E-013	0	0.000000E+000
1	51.85912500	-6.273636E-013	-1.432721E-012	-1	0.000000E+000
1	51.87245000	-1.432721E-012	-8.233743E-013	0	0.000000E+000
1	51.87365607	-8.068624E-013	-1.444390E-012	-1	0.000000E+000
1	51.89380296	-1.262671E-012	-7.363731E-013	0	0.000000E+000
1	51.89921925	-7.018210E-013	-1.546875E-012	-1	0.000000E+000
1	51.90061652	-1.546875E-012	-8.267233E-013	0	0.000000E+000
1	51.90424324	-7.936996E-013	-1.516614E-012	-1	0.000000E+000
1	51.90798857	-1.371000E-012	-6.518640E-013	0	0.000000E+000
1	51.91050000	-6.518640E-013	-1.324767E-012	-1	0.000000E+000
1	51.94824407	-1.384009E-012	-6.695885E-013	0	0.000000E+000
1	51.94894764	-6.695885E-013	-1.397028E-012	-1	0.000000E+000
1	51.95980334	-1.443793E-012	-7.495652E-013	0	0.000000E+000
1	51.96105941	-7.495652E-013	-1.431997E-012	-1	0.000000E+000
1	51.96301393	-1.398968E-012	-7.768953E-013	0	0.000000E+000
1	51.96396049	-7.768953E-013	-1.425913E-012	-1	0.000000E+000
1	52.01083799	-1.403057E-012	-6.771118E-013	0	0.000000E+000
1	52.01279503	-6.771118E-013	-1.342002E-012	-1	0.000000E+000
1	52.02378365	-1.404346E-012	-7.091799E-013	0	0.000000E+000
1	52.02590633	-6.700016E-013	-1.363470E-012	-1	0.000000E+000
1	52.15556462	-1.303159E-012	-7.236929E-013	0	0.000000E+000
1	52.15607500	-7.236929E-013	-1.384582E-012	-1	0.000000E+000
1	52.20863988	-1.326605E-012	-7.296140E-013	0	0.000000E+000
1	52.21109756	-6.553106E-013	-1.454504E-012	-1	0.000000E+000
1	52.23091469	-1.353229E-012	-7.747189E-013	0	0.000000E+000
1	52.23142500	-7.747189E-013	-1.433745E-012	-1	0.000000E+000
1	52.24848635	-1.334674E-012	-6.606035E-013	0	0.000000E+000
1	52.24972636	-7.183950E-013	-1.379817E-012	-1	0.000000E+000
1	52.25755800	-1.394123E-012	-7.006229E-013	0	0.000000E+000
1	52.25917722	-7.006229E-013	-1.313904E-012	-1	0.000000E+000
1	52.26179754	-1.313904E-012	-6.278603E-013	0	0.000000E+000
1	52.26530000	-6.278603E-013	-1.468092E-012	-1	0.000000E+000
1	52.26582500	-1.468092E-012	-7.329544E-013	0	0.000000E+000
1	52.26670964	-7.329544E-013	-1.395410E-012	-1	0.000000E+000
1	52.27433708	-1.546930E-012	-7.772243E-013	0	0.000000E+000
1	52.27477882	-7.772243E-013	-1.318534E-012	-1	0.000000E+000
1	52.27600013	-1.260742E-012	-7.345401E-013	0	0.000000E+000
1	52.27724635	-7.427962E-013	-1.401839E-012	-1	0.000000E+000
1	52.27781785	-1.401839E-012	-7.714303E-013	0	0.000000E+000
1	52.28959930	-8.295581E-013	-1.513407E-012	-1	0.000000E+000
1	52.29589361	-1.381676E-012	-8.006987E-013	0	0.000000E+000
1	52.29637500	-8.006987E-013	-1.403552E-012	-1	0.000000E+000
1	52.29723430	-1.403552E-012	-8.006987E-013	0	0.000000E+000
1	52.29862731	-8.006987E-013	-1.370774E-012	-1	0.000000E+000
1	52.31689097	-1.417237E-012	-7.013696E-013	0	0.000000E+000
1	52.31809576	-7.013696E-013	-1.346647E-012	-1	0.000000E+000
1	52.38546455	-1.346647E-012	-6.356298E-013	0	0.000000E+000
1	52.38613048	-6.356298E-013	-1.365681E-012	-1	0.000000E+000
1	52.38860597	-1.365681E-012	-7.268255E-013	0	0.000000E+000
1	52.38917877	-7.268255E-013	-1.449315E-012	-1	0.000000E+000
1	52.38976755	-1.449315E-012	-7.268255E-013	0	0.000000E+000
1	52.39554732	-7.390871E-013	-1.357438E-012	-1	0.000000E+000
1	52.39682097	-1.283246E-012	-7.611497E-013	0	0.000000E+000
1	52.39803152	-7.739850E-013	-1.411042E-012	-1	0.000000E+000
1	52.40457813	-1.471805E-012	-6.550881E-013	0	0.000000E+000
1	52.40510000	-6.550881E-013	-1.431853E-012	-1	0.000000E+000
1	52.40801771	-1.440109E-012	-7.457889E-013	0	0.000000E+000
1	52.41098942	-7.457889E-013	-1.408942E-012	-1	0.000000E+000
1	52.41693595	-1.449868E-012	-6.467222E-013	0	0.000000E+000
1	52.41775376	-6.467222E-013	-1.387820E-012	-1	0.000000E+000
1	52.42442071	-1.458199E-012	-6.333936E-013	0	0.000000E+000
1	52.42515521	-6.333936E-013	-1.360622E-012	-1	0.000000E+000
1	52.42712639	-1.360622E-012	-6.277664E-013	0	0.000000E+000
1	52.45335530	-7.598614E-013	-1.475056E-012	-1	0.000000E+000
1	52.51851342	-1.500764E-012	-7.999509E-013	0	0.000000E+000
1	52.52140491	-8.825103E-013	-1.421761E-012	-1	0.000000E+000
1	52.54381378	-1.401822E-012	-5.551642E-013	0	0.000000E+000
1	52.54577177	-5.799320E-013	-1.365777E-012	-1	0.000000E+000
1	52.59067899	-1.394190E-012	-7.440170E-013	0	0.000000E+000
1	52.59120000	-7.440170E-013	-1.351570E-012	-1	0.000000E+000
1	52.62271235	-1.303131E-012	-6.115567E-013	0	0.000000E+000
1	52.62317609	-6.115567E-013	-1.351347E-012	-1	0.000000E+000
1	52.63294008	-1.421596E-012	-7.638011E-013	0	0.000000E+000
1	52.65382012	-7.290170E-013	-1.405472E-012	-1	0.000000E+000
1	52.65432500	-1.405472E-012	-7.452386E-013	0	0.000000E+000
1	52.65905629	-8.073182E-013	-1.457876E-012	-1	0.000000E+000
1	52.67828572	-1.354892E-012	-7.933101E-013	0	0.000000E+000
1	52.74706691	-7.933101E-013	-1.813027E-012	-1	0.000000E+000
1	52.75239013	-1.813027E-012	-7.698455E-013	0	0.000000E+000
1	52.75819055	-8.188556E-013	-1.442682E-012	-1	0.000000E+000
1	52.78133999	-1.379320E-012	-7.458652E-013	0	0.000000E+000
1	52.81344428	-8.038986E-013	-1.353341E-012	-1	0.000000E+000
1	52.82307250	-1.441920E-012	-8.541227E-013	0	0.000000E+000
1	52.82841399	-8.446966E-013	-1.532898E-012	-1	0.000000E+000
1	52.82944832	-1.479991E-012	-8.744930E-013	0	0.000000E+000
1	52.84617270	-9.555612E-013	-1.516732E-012	-1	0.000000E+000
1	52.85418439	-1.409977E-012	-7.847638E-013	0	0.000000E+000
1	52.86413784	-7.635241E-013	-1.482419E-012	-1	0.000000E+000
1	52.86608573	-1.375314E-012	-7.451762E-013	0	0.000000E+000
1	52.86697079	-7.451762E-013	-1.477055E-012	-1	0.000000E+000
1	52.86740255	-1.477055E-012	-7.451762E-013	0	0.000000E+000
1	52.87341280	-7.933115E-013	-1.597160E-012	-1	0.000000E+000
1	52.87414679	-1.597160E-012	-8.322714E-013	0	0.000000E+000
1	52.87652445	-8.322714E-013	-1.384875E-012	-1	0.000000E+000
1	52.92356611	-1.339168E-012	-6.855737E-013	0	0.000000E+000
1	52.92408006	-6.855737E-013	-1.397573E-012	-1	0.000000E+000
1	52.94745217	-1.397573E-012	-8.012063E-013	0	0.000000E+000
1	52.94790448	-8.012063E-013	-1.375776E-012	-1	0.000000E+000
1	52.95937615	-1.347798E-012	-7.492813E-013	0	0.000000E+000
1	52.96412628	-6.627519E-013	-1.329326E-012	-1	0.000000E+000
1	52.98031109	-1.353599E-012	-5.754255E-013	0	0.000000E+000
1	52.98173032	-5.994222E-013	-1.392722E-012	-1	0.000000E+000
1	52.99524966	-1.420701E-012	-6.856099E-013	0	0.000000E+000
1	52.99640116	-7.832152E-013	-1.417162E-012	-1	0.000000E+000
1	52.99972756	-1.417162E-012	-7.062917E-013	0	0.000000E+000
1	53.00175873	-7.310595E-013	-1.417341E-012	-1	0.000000E+000
1	53.00655320	-1.348639E-012	-6.299222E-013	0	0.000000E+000
1	53.00771358	-7.317030E-013	-1.463731E-012	-1	0.000000E+000
1	53.01152500	-1.463731E-012	-7.625599E-013	0	0.000000E+000
1	53.02837906	-7.440381E-013	-1.389155E-012	-1	0.000000E+000
1	53.02908249	-1.389155E-012	-6.963891E-013	0	0.000000E+000
1	53.03252475	-6.963891E-013	-1.365541E-012	-1	0.000000E+000
1	53.03881507	-1.481124E-012	-7.439725E-013	0	0.000000E+000
1	53.04406931	-7.418073E-013	-1.460145E-012	-1	0.000000E+000
1	53.05330580	-1.388952E-012	-7.402598E-013	0	0.000000E+000
1	53.05382500	-7.402598E-013	-1.516053E-012	-1	0.000000E+000
1	53.06313967	-1.268375E-012	-7.963612E-013	0	0.000000E+000
1	53.07953615	-8.739094E-013	-1.606555E-012	-1	0.000000E+000
1	53.08484816	-1.520747E-012	-7.232149E-013	0	0.000000E+000
1	53.08637500	-7.232149E-013	-1.532901E-012	-1	0.000000E+000
1	53.12270000	-1.532901E-012	-8.797197E-013	0	0.000000E+000
1	53.12387700	-8.714638E-013	-1.414943E-012	-1	0.000000E+000
1	53.12781074	-1.381919E-012	-7.940972E-013	0	0.000000E+000
1	53.19714538	-9.674718E-013	-1.849814E-012	-1	0.000000E+000
1	53.19955418	-1.849814E-012	-1.056362E-012	0	0.000000E+000
1	53.22429881	-1.030001E-012	-1.724733E-012	-1	0.000000E+000
1	53.22600445	-1.724733E-012	-9.497220E-013	0	0.000000E+000
1	53.24348450	-9.324587E-013	-1.905953E-012	-1	0.000000E+000
1	53.26402470	-1.517924E-012	-7.666164E-013	0	0.000000E+000
1	53.26591184	-6.724213E-013	-1.377556E-012	-1	0.000000E+000
1	53.26930017	-1.377556E-012	-6.816278E-013	0	0.000000E+000
1	53.26983587	-6.816278E-013	-1.400726E-012	-1	0.000000E+000
1	53.27664840	-1.339382E-012	-6.514536E-013	0	0.000000E+000
1	53.28148397	-6.514536E-013	-1.391554E-012	-1	0.000000E+000
1	53.28240307	-1.391554E-012	-6.928659E-013	0	0.000000E+000
1	53.28451430	-6.928659E-013	-1.523792E-012	-1	0.000000E+000
1	53.28561857	-1.523792E-012	-6.700446E-013	0	0.000000E+000
1	53.28880541	-6.700446E-013	-1.535805E-012	-1	0.000000E+000
1	53.29032500	-1.535805E-012	-8.069123E-013	0	0.000000E+000
1	53.34700781	-7.962882E-013	-1.324180E-012	-1	0.000000E+000
1	53.35093002	-1.324180E-012	-8.419791E-013	0	0.000000E+000
1	53.37675812	-8.165748E-013	-1.537973E-012	-1	0.000000E+000
1	53.37765062	-1.537973E-012	-6.953227E-013	0	0.000000E+000
1	53.37820361	-6.953227E-013	-1.367919E-012	-1	0.000000E+000
1	53.38298203	-1.531265E-012	-7.606710E-013	0	0.000000E+000
1	53.38371205	-7.606710E-013	-1.340322E-012	-1	0.000000E+000
1	53.39058115	-1.355128E-012	-7.350590E-013	0	0.000000E+000
1	53.39134408	-7.350590E-013	-1.364793E-012	-1	0.000000E+000
1	53.40200519	-1.356681E-012	-7.640373E-013	0	0.000000E+000
1	53.41656172	-7.325080E-013	-1.401356E-012	-1	0.000000E+000
1	53.41696890	-1.401356E-012	-7.259692E-013	0	0.000000E+000
1	53.44232500	-7.259692E-013	-1.302599E-012	-1	0.000000E+000
1	53.44390719	-1.302599E-012	-6.572013E-013	0	0.000000E+000
1	53.44760339	-7.067369E-013	-1.297097E-012	-1	0.000000E+000
1	53.46716760	-1.401970E-012	-6.629269E-013	0	0.000000E+000
1	53.46856914	-6.629269E-013	-1.482885E-012	-1	0.000000E+000
1	53.49618318	-1.442401E-012	-8.544677E-013	0	0.000000E+000
1	53.49722896	-7.719084E-013	-1.344349E-012	-1	0.000000E+000
1	53.49861562	-1.344984E-012	-6.886317E-013	0	0.000000E+000
1	53.49936472	-6.886317E-013	-1.618004E-012	-1	0.000000E+000
1	53.50033168	-1.618004E-012	-6.886317E-013	0	0.000000E+000
1	53.55362529	-7.129722E-013	-1.484381E-012	-1	0.000000E+000
1	53.56299950	-1.396355E-012	-6.464746E-013	0	0.000000E+000
1	53.56519019	-6.464746E-013	-1.375571E-012	-1	0.000000E+000
1	53.58825523	-1.371600E-012	-7.852697E-013	0	0.000000E+000
1	53.59132443	-7.852697E-013	-1.426989E-012	-1	0.000000E+000
1	53.59424253	-1.426989E-012	-6.505867E-013	0	0.000000E+000
1	53.59607398	-6.626795E-013	-1.307410E-012	-1	0.000000E+000
1	53.60389659	-1.371196E-012	-5.154166E-013	0	0.000000E+000
1	53.60610152	-5.154166E-013	-1.368801E-012	-1	0.000000E+000
1	53.62029446	-1.481809E-012	-6.422466E-013	0	0.000000E+000
1	53.62430444	-6.422466E-013	-1.378495E-012	-1	0.000000E+000
1	53.63907866	-1.292190E-012	-5.987781E-013	0	0.000000E+000
1	53.64053627	-7.300158E-013	-1.491734E-012	-1	0.000000E+000
1	53.64817979	-1.641311E-012	-8.462963E-013	0	0.000000E+000
1	53.64867500	-8.462963E-013	-1.682880E-012	-1	0.000000E+000
1	53.68278228	-1.682880E-012	-9.662910E-013	0	0.000000E+000
1	53.68431818	-9.002435E-013	-1.769560E-012	-1	0.000000E+000
1	53.68561529	-1.659662E-012	-9.852786E-013	0	0.000000E+000
1	53.68685389	-9.852786E-013	-1.657448E-012	-1	0.000000E+000
1	53.70571997	-1.657448E-012	-1.072134E-012	0	0.000000E+000
1	53.70706922	-1.072134E-012	-1.622547E-012	-1	0.000000E+000
1	53.71076999	-1.622547E-012	-7.827193E-013	0	0.000000E+000
1	53.71143966	-7.827193E-013	-1.501487E-012	-1	0.000000E+000
1	53.74282921	-1.418326E-012	-6.841402E-013	0	0.000000E+000
1	53.74945871	-7.372262E-013	-1.415471E-012	-1	0.000000E+000
1	53.75416391	-1.316368E-012	-6.474159E-013	0	0.000000E+000
1	53.75492244	-6.474159E-013	-1.382010E-012	-1	0.000000E+000
1	53.81091964	-1.374220E-012	-5.625185E-013	0	0.000000E+000
1	53.81171117	-5.625185E-013	-1.392939E-012	-1	0.000000E+000
1	53.82777646	-1.371200E-012	-6.297508E-013	0	0.000000E+000
1	53.82830312	-6.297508E-013	-1.299552E-012	-1	0.000000E+000
1	53.83425615	-1.292924E-012	-4.153496E-013	0	0.000000E+000
1	53.83475000	-4.153496E-013	-1.282106E-012	-1	0.000000E+000
1	53.86140325	-1.389433E-012	-6.721955E-013	0	0.000000E+000
1	53.86805572	-7.674230E-013	-1.557691E-012	-1	0.000000E+000
1	53.87022457	-1.557691E-012	-6.121151E-013	0	0.000000E+000
1	53.87128186	-6.594542E-013	-1.322352E-012	-1	0.000000E+000
1	53.88371946	-1.358329E-012	-4.679628E-013	0	0.000000E+000
1	53.88437179	-4.679628E-013	-1.421091E-012	-1	0.000000E+000
1	53.89260163	-1.421091E-012	-6.764594E-013	0	0.000000E+000
1	53.89392485	-7.161127E-013	-1.378257E-012	-1	0.000000E+000
1	53.90597210	-1.283770E-012	-6.282628E-013	0	0.000000E+000
1	53.90742975	-6.313011E-013	-1.267202E-012	-1	0.000000E+000
1	53.91388378	-1.358017E-012	-7.095928E-013	0	0.000000E+000
1	53.91572453	-7.201398E-013	-1.423809E-012	-1	0.000000E+000
1	53.92561894	-1.352225E-012	-7.279551E-013	0	0.000000E+000
1	53.92944740	-7.362111E-013	-1.429645E-012	-1	0.000000E+000
1	53.95206934	-1.433333E-012	-7.048909E-013	0	0.000000E+000
1	53.95248582	-7.048909E-013	-1.334538E-012	-1	0.000000E+000
1	53.97194643	-1.353916E-012	-5.646550E-013	0	0.000000E+000
1	53.97287753	-5.646550E-013	-1.359333E-012	-1	0.000000E+000
1	54.02261683	-1.387202E-012	-4.459637E-013	0	0.000000E+000
1	54.02414576	-4.459637E-013	-1.381205E-012	-1	0.000000E+000
1	54.03530000	-1.381205E-012	-6.519101E-013	0	0.000000E+000
1	54.03639145	-6.519101E-013	-1.455702E-012	-1	0.000000E+000
1	54.07251756	-1.386739E-012	-5.985134E-013	0	0.000000E+000
1	54.07374038	-6.423305E-013	-1.434306E-012	-1	0.000000E+000
1	54.09200733	-1.626697E-012	-9.173014E-013	0	0.000000E+000
1	54.09975037	-8.967845E-013	-1.529495E-012	-1	0.000000E+000
1	54.10051798	-1.579031E-012	-1.017030E-012	0	0.000000E+000
1	54.10112603	-1.017030E-012	-1.620311E-012	-1	0.000000E+000
1	54.15675157	-1.535001E-012	-8.106307E-013	0	0.000000E+000
1	54.15740030	-8.106307E-013	-1.596894E-012	-1	0.000000E+000
1	54.17738743	-1.596894E-012	-8.968714E-013	0	0.000000E+000
1	54.17789431	-8.968714E-013	-1.658985E-012	-1	0.000000E+000
1	54.19414602	-1.711094E-012	-1.073456E-012	0	0.000000E+000
1	54.20603474	-1.023921E-012	-1.622846E-012	-1	0.000000E+000
1	54.21504102	-1.622846E-012	-9.081310E-013	0	0.000000E+000
1	54.21733872	-9.081310E-013	-1.691540E-012	-1	0.000000E+000
1	54.27229014	-1.752211E-012	-8.472419E-013	0	0.000000E+000
1	54.32158688	-8.375660E-013	-1.574170E-012	-1	0.000000E+000
1	54.32345000	-1.574170E-012	-8.468864E-013	0	0.000000E+000
1	54.33362592	-7.847309E-013	-1.809548E-012	-1	0.000000E+000
1	54.33702086	-1.809548E-012	-8.943948E-013	0	0.000000E+000
1	54.36517269	-8.228265E-013	-1.693941E-012	-1	0.000000E+000
1	54.38806449	-1.425935E-012	-7.398361E-013	0	0.000000E+000
1	54.38934552	-7.398361E-013	-1.492881E-012	-1	0.000000E+000
1	54.44090445	-1.484121E-012	-7.579114E-013	0	0.000000E+000
1	54.44164549	-7.579114E-013	-1.510357E-012	-1	0.000000E+000
1	54.45699681	-1.379683E-012	-7.076355E-013	0	0.000000E+000
1	55.13452425	-6.828677E-013	-1.506910E-012	-1	0.000000E+000
1	55.17988203	-1.385208E-012	-6.074226E-013	0	0.000000E+000
1	55.18067733	-6.074226E-013	-1.395409E-012	-1	0.000000E+000
1	55.19419891	-1.477182E-012	-7.143887E-013	0	0.000000E+000
1	55.19462109	-7.143887E-013	-1.439475E-012	-1	0.000000E+000
1	55.19804295	-1.439475E-012	-7.892576E-013	0	0.000000E+000
1	55.20426925	-7.305751E-013	-1.466238E-012	-1	0.000000E+000
1	55.24931957	-1.381399E-012	-5.390757E-013	0	0.000000E+000
1	55.25007695	-5.390757E-013	-1.376897E-012	-1	0.000000E+000
1	55.27657400	-1.376897E-012	-7.445413E-013	0	0.000000E+000
1	55.27750325	-7.445413E-013	-1.433997E-012	-1	0.000000E+000
1	55.28549815	-1.410215E-012	-5.870220E-013	0	0.000000E+000
1	55.28600000	-5.870220E-013	-1.434725E-012	-1	0.000000E+000
1	55.29750513	-1.501738E-012	-7.658868E-013	0	0.000000E+000
1	55.29862851	-7.658868E-013	-1.440450E-012	-1	0.000000E+000
1	55.35734770	-1.349930E-012	-7.132612E-013	0	0.000000E+000
1	55.35793773	-7.132612E-013	-1.329309E-012	-1	0.000000E+000
1	55.36804125	-1.377837E-012	-6.388313E-013	0	0.000000E+000
1	55.36850955	-6.388313E-013	-1.375908E-012	-1	0.000000E+000
1	55.37362602	-1.284137E-012	-6.914806E-013	0	0.000000E+000
1	55.37448082	-6.914806E-013	-1.314001E-012	-1	0.000000E+000
1	55.40371018	-1.299191E-012	-6.166791E-013	0	0.000000E+000
1	55.49375477	-6.744707E-013	-1.511429E-012	-1	0.000000E+000
1	55.49530000	-1.511429E-012	-7.928533E-013	0	0.000000E+000
1	55.59615745	-7.928533E-013	-1.505246E-012	-1	0.000000E+000
1	55.62369214	-1.518956E-012	-8.586115E-013	0	0.000000E+000
1	55.62417500	-8.586115E-013	-1.510395E-012	-1	0.000000E+000
1	55.63608835	-1.338187E-012	-6.474393E-013	0	0.000000E+000
1	55.63665401	-6.474393E-013	-1.346807E-012	-1	0.000000E+000
1	55.64323476	-1.377715E-012	-7.996338E-013	0	0.000000E+000
1	55.75550586	-7.556273E-013	-1.505101E-012	-1	0.000000E+000
1	55.75830485	-1.505101E-012	-8.552014E-013	0	0.000000E+000
1	55.76769225	-9.371845E-013	-1.802984E-012	-1	0.000000E+000
1	55.76824484	-1.802984E-012	-9.401690E-013	0	0.000000E+000
1	55.84320500	-8.570416E-013	-1.588397E-012	-1	0.000000E+000
1	55.84545770	-1.562122E-012	-8.245193E-013	0	0.000000E+000
1	55.85487500	-8.245193E-013	-1.547980E-012	-1	0.000000E+000
1	55.85516969	-1.547980E-012	-7.844002E-013	0	0.000000E+000
1	55.88016327	-8.864720E-013	-1.635945E-012	-1	0.000000E+000
1	55.88080736	-1.635945E-012	-7.973234E-013	0	0.000000E+000
1	55.88416642	-8.040148E-013	-1.525444E-012	-1	0.000000E+000
1	55.91412975	-1.435852E-012	-8.483134E-013	0	0.000000E+000
1	55.92435707	-7.854850E-013	-1.498325E-012	-1	0.000000E+000
1	55.92824409	-1.572629E-012	-9.199106E-013	0	0.000000E+000
1	56.08781954	-7.874109E-013	-1.547763E-012	-1	0.000000E+000
1	56.08904496	-1.471604E-012	-8.623989E-013	0	0.000000E+000
1	56.12051942	-8.790754E-013	-1.638790E-012	-1	0.000000E+000
1	56.13424076	-1.703677E-012	-8.014946E-013	0	0.000000E+000
1	56.13472182	-8.014946E-013	-1.650885E-012	-1	0.000000E+000
1	56.17882258	-1.607128E-012	-6.264173E-013	0	0.000000E+000
1	56.18049901	-6.264173E-013	-1.446073E-012	-1	0.000000E+000
1	56.19262715	-1.398683E-012	-6.435054E-013	0	0.000000E+000
1	56.19401527	-7.883365E-013	-1.431006E-012	-1	0.000000E+000
1	56.24348541	-1.431006E-012	-8.176329E-013	0	0.000000E+000
1	56.25773362	-9.748375E-013	-1.737151E-012	-1	0.000000E+000
1	56.27431672	-1.667370E-012	-1.118696E-012	0	0.000000E+000
1	56.30837722	-1.094351E-012	-2.123587E-012	-1	0.000000E+000
1	56.31038954	-2.123587E-012	-1.149202E-012	0	0.000000E+000
1	56.35953245	-9.836009E-013	-1.773908E-012	-1	0.000000E+000
1	56.36064882	-1.773908E-012	-9.269365E-013	0	0.000000E+000
1	56.36217563	-9.669937E-013	-1.635796E-012	-1	0.000000E+000
1	56.37906532	-1.621789E-012	-8.043014E-013	0	0.000000E+000
1	56.38037926	-8.043014E-013	-1.610171E-012	-1	0.000000E+000
1	56.38840815	-1.736915E-012	-8.833939E-013	0	0.000000E+000
1	56.38874780	-8.833939E-013	-1.556015E-012	-1	0.000000E+000
1	56.39265231	-1.522991E-012	-7.330808E-013	0	0.000000E+000
1	56.39341686	-7.330808E-013	-1.596021E-012	-1	0.000000E+000
1	56.41139940	-1.417814E-012	-7.679082E-013	0	0.000000E+000
1	56.41280571	-7.679082E-013	-1.563918E-012	-1	0.000000E+000
1	56.44127183	-1.430239E-012	-4.944308E-013	0	0.000000E+000
1	56.44304448	-4.944308E-013	-1.439418E-012	-1	0.000000E+000
1	56.47306998	-1.397318E-012	-5.135261E-013	0	0.000000E+000
1	56.47357500	-5.135261E-013	-1.350730E-012	-1	0.000000E+000
1	56.48464118	-1.453440E-012	-6.161396E-013	0	0.000000E+000
1	56.48573507	-6.161396E-013	-1.452712E-012	-1	0.000000E+000
1	56.48827104	-1.442812E-012	-4.981263E-013	0	0.000000E+000
1	56.48884602	-4.981263E-013	-1.382530E-012	-1	0.000000E+000
1	56.49627057	-1.411234E-012	-8.150525E-013	0	0.000000E+000
1	56.50028491	-8.150525E-013	-1.468459E-012	-1	0.000000E+000
1	56.51383994	-1.534506E-012	-8.524596E-013	0	0.000000E+000
1	56.52606831	-8.439095E-013	-1.572948E-012	-1	0.000000E+000
1	56.52869994	-1.572948E-012	-7.788954E-013	0	0.000000E+000
1	56.55180451	-7.693732E-013	-1.372759E-012	-1	0.000000E+000
1	56.57844744	-1.429216E-012	-7.809597E-013	0	0.000000E+000
1	56.57882737	-7.809597E-013	-1.449887E-012	-1	0.000000E+000
1	56.58158350	-1.449887E-012	-7.220020E-013	0	0.000000E+000
1	56.58388895	-7.220020E-013	-1.407505E-012	-1	0.000000E+000
1	56.59062130	-1.341554E-012	-7.385762E-013	0	0.000000E+000
1	56.59169670	-7.385762E-013	-1.461040E-012	-1	0.000000E+000
1	56.59917930	-1.377058E-012	-7.171137E-013	0	0.000000E+000
1	56.59972066	-7.171137E-013	-1.433904E-012	-1	0.000000E+000
1	56.60179303	-1.394143E-012	-7.687697E-013	0	0.000000E+000
1	56.60327008	-7.687697E-013	-1.328800E-012	-1	0.000000E+000
1	56.61565580	-1.379244E-012	-8.352192E-013	0	0.000000E+000
1	56.61629767	-8.352192E-013	-1.378507E-012	-1	0.000000E+000
1	56.63432500	-1.419786E-012	-8.104618E-013	0	0.000000E+000
1	56.63702500	-7.774381E-013	-1.399346E-012	-1	0.000000E+000
1	56.67513515	-1.391605E-012	-7.392003E-013	0	0.000000E+000
1	56.67654517	-7.392003E-013	-1.620551E-012	-1	0.000000E+000
1	56.67705000	-1.620551E-012	-8.423682E-013	0	0.000000E+000
1	56.67823738	-8.423682E-013	-1.521447E-012	-1	0.000000E+000
1	56.72266298	-1.661798E-012	-8.511464E-013	0	0.000000E+000
1	56.72472959	-8.511464E-013	-1.731107E-012	-1	0.000000E+000
1	56.75081761	-1.720210E-012	-1.076597E-012	0	0.000000E+000
1	56.75353411	-1.076597E-012	-1.761734E-012	-1	0.000000E+000
1	56.76357845	-1.815202E-012	-9.560983E-013	0	0.000000E+000
1	56.76412500	-9.560983E-013	-1.742053E-012	-1	0.000000E+000
1	56.78000963	-1.519143E-012	-7.524953E-013	0	0.000000E+000
1	56.78141445	-7.524953E-013	-1.386582E-012	-1	0.000000E+000
1	56.82746141	-1.473945E-012	-8.813672E-013	0	0.000000E+000
1	56.82893642	-8.813672E-013	-1.417037E-012	-1	0.000000E+000
1	56.84023150	-1.465465E-012	-7.926035E-013	0	0.000000E+000
1	56.84078464	-7.926035E-013	-1.472547E-012	-1	0.000000E+000
1	56.85263415	-1.393635E-012	-6.778037E-013	0	0.000000E+000
1	56.85346205	-6.778037E-013	-1.455618E-012	-1	0.000000E+000
1	56.89897253	-1.405702E-012	-6.930098E-013	0	0.000000E+000
1	56.90059647	-6.930098E-013	-1.422966E-012	-1	0.000000E+000
1	56.93619650	-1.396742E-012	-7.155082E-013	0	0.000000E+000
1	56.93711892	-7.155082E-013	-1.434668E-012	-1	0.000000E+000
1	56.93841454	-1.311822E-012	-7.477482E-013	0	0.000000E+000
1	56.93906194	-7.477482E-013	-1.434668E-012	-1	0.000000E+000
1	56.95357500	-1.434668E-012	-7.862614E-013	0	0.000000E+000
1	56.95691276	-8.440529E-013	-1.648870E-012	-1	0.000000E+000
1	56.95797145	-1.495539E-012	-8.313240E-013	0	0.000000E+000
1	56.96178480	-8.560918E-013	-1.501149E-012	-1	0.000000E+000
1	56.98360603	-1.368194E-012	-7.575003E-013	0	0.000000E+000
1	56.98412500	-7.575003E-013	-1.409555E-012	-1	0.000000E+000
1	56.98556850	-1.409555E-012	-7.047586E-013	0	0.000000E+000
1	56.98683461	-7.695129E-013	-1.475705E-012	-1	0.000000E+000
1	56.99419511	-1.511327E-012	-7.297608E-013	0	0.000000E+000
1	56.99467500	-7.297608E-013	-1.518744E-012	-1	0.000000E+000
1	56.99625329	-1.543512E-012	-7.913710E-013	0	0.000000E+000
1	56.99675000	-7.913710E-013	-1.458366E-012	-1	0.000000E+000
1	57.00269266	-1.549181E-012	-8.229967E-013	0	0.000000E+000
1	57.00569030	-9.138119E-013	-1.719434E-012	-1	0.000000E+000
1	57.00615644	-1.719434E-012	-9.009336E-013	0	0.000000E+000
1	57.06508910	-8.619682E-013	-1.604858E-012	-1	0.000000E+000
1	57.06562857	-1.604858E-012	-8.288491E-013	0	0.000000E+000
1	57.12925546	-8.792470E-013	-1.773373E-012	-1	0.000000E+000
1	57.13011317	-1.773373E-012	-9.305461E-013	0	0.000000E+000
1	57.13173540	-9.057783E-013	-1.671067E-012	-1	0.000000E+000
1	57.13281505	-1.580851E-012	-8.475697E-013	0	0.000000E+000
1	57.15160499	-8.151095E-013	-1.512390E-012	-1	0.000000E+000
1	57.15660487	-1.594950E-012	-8.355218E-013	0	0.000000E+000
1	57.15884844	-7.777302E-013	-1.547246E-012	-1	0.000000E+000
1	57.17419121	-1.440311E-012	-7.115333E-013	0	0.000000E+000
1	57.22526901	-7.766054E-013	-1.360052E-012	-1	0.000000E+000
1	57.22698237	-1.360052E-012	-7.603212E-013	0	0.000000E+000
1	57.22824717	-7.745441E-013	-1.417753E-012	-1	0.000000E+000
1	57.22918294	-1.417753E-012	-8.759042E-013	0	0.000000E+000
1	57.23369166	-7.703362E-013	-1.367625E-012	-1	0.000000E+000
1	57.23851794	-1.367625E-012	-7.850228E-013	0	0.000000E+000
1	57.37760182	-7.850228E-013	-1.439582E-012	-1	0.000000E+000
1	57.38262520	-1.395076E-012	-7.649462E-013	0	0.000000E+000
1	57.47877787	-7.310036E-013	-1.328473E-012	-1	0.000000E+000
1	57.48825271	-1.292169E-012	-7.785228E-013	0	0.000000E+000
1	57.50067553	-7.655684E-013	-1.289517E-012	-1	0.000000E+000
1	57.50353061	-1.239981E-012	-6.014827E-013	0	0.000000E+000
1	57.50393983	-6.014827E-013	-1.255118E-012	-1	0.000000E+000
1	57.51114861	-1.255118E-012	-6.754908E-013	0	0.000000E+000
1	57.51149491	-6.754908E-013	-1.256876E-012	-1	0.000000E+000
1	57.51419984	-1.322641E-012	-6.958666E-013	0	0.000000E+000
1	57.51458540	-6.958666E-013	-1.350843E-012	-1	0.000000E+000
1	57.51965163	-1.515962E-012	-7.480439E-013	0	0.000000E+000
1	57.52150534	-6.483627E-013	-1.418668E-012	-1	0.000000E+000
1	57.53418324	-1.390277E-012	-7.482577E-013	0	0.000000E+000
1	57.53467500	-7.482577E-013	-1.424061E-012	-1	0.000000E+000
1	57.55201460	-1.417381E-012	-7.277390E-013	0	0.000000E+000
1	57.55246482	-7.277390E-013	-1.466594E-012	-1	0.000000E+000
1	57.56887849	-1.358508E-012	-7.996863E-013	0	0.000000E+000
1	57.56966919	-7.996863E-013	-1.385147E-012	-1	0.000000E+000
1	57.57507634	-1.389550E-012	-7.985521E-013	0	0.000000E+000
1	57.57541518	-7.985521E-013	-1.383258E-012	-1	0.000000E+000
1	57.57906306	-1.498841E-012	-8.012581E-013	0	0.000000E+000
1	57.58840163	-8.012581E-013	-1.398391E-012	-1	0.000000E+000
1	57.58915620	-1.398391E-012	-8.292369E-013	0	0.000000E+000
1	57.59047816	-8.292369E-013	-1.398391E-012	-1	0.000000E+000
1	57.59261097	-1.456183E-012	-7.897130E-013	0	0.000000E+000
1	57.59312500	-7.897130E-013	-1.421494E-012	-1	0.000000E+000
1	57.60195789	-1.411694E-012	-6.467692E-013	0	0.000000E+000
1	57.60238203	-6.467692E-013	-1.479210E-012	-1	0.000000E+000
1	57.66895304	-1.481514E-012	-7.526824E-013	0	0.000000E+000
1	57.66945000	-7.526824E-013	-1.363370E-012	-1	0.000000E+000
1	57.67416868	-1.382460E-012	-5.577444E-013	0	0.000000E+000
1	57.67544328	-5.577444E-013	-1.327604E-012	-1	0.000000E+000
1	57.68784490	-1.484467E-012	-8.328704E-013	0	0.000000E+000
1	57.68835000	-8.328704E-013	-1.569880E-012	-1	0.000000E+000
1	57.73687665	-1.610073E-012	-7.917798E-013	0	0.000000E+000
1	57.73743622	-7.917798E-013	-1.550892E-012	-1	0.000000E+000
1	57.75872220	-1.750181E-012	-8.925100E-013	0	0.000000E+000
1	57.75991162	-9.742245E-013	-1.729631E-012	-1	0.000000E+000
1	57.76460262	-1.722658E-012	-8.349565E-013	0	0.000000E+000
1	57.76515438	-8.349565E-013	-1.578225E-012	-1	0.000000E+000
1	57.78977271	-1.578225E-012	-8.826218E-013	0	0.000000E+000
1	57.81477500	-7.340150E-013	-1.402740E-012	-1	0.000000E+000
1	57.83061184	-1.458241E-012	-7.334429E-013	0	0.000000E+000
1	57.83290301	-7.334429E-013	-1.439650E-012	-1	0.000000E+000
1	57.90090293	-1.473723E-012	-5.949685E-013	0	0.000000E+000
1	57.90210098	-6.358694E-013	-1.401409E-012	-1	0.000000E+000
1	57.90515000	-1.566528E-012	-7.863428E-013	0	0.000000E+000
1	58.02699104	-6.645794E-013	-1.295628E-012	-1	0.000000E+000
1	58.03154406	-1.140402E-012	-7.192407E-013	0	0.000000E+000
1	58.03919937	-8.075038E-013	-1.515336E-012	-1	0.000000E+000
1	58.03972069	-1.515336E-012	-9.298210E-013	0	0.000000E+000
1	58.07270013	-7.766974E-013	-1.474485E-012	-1	0.000000E+000
1	58.07916039	-1.497239E-012	-8.670071E-013	0	0.000000E+000
1	58.07967500	-8.670071E-013	-1.445937E-012	-1	0.000000E+000
1	58.08487500	-1.445937E-012	-8.208354E-013	0	0.000000E+000
1	58.09366942	-7.865540E-013	-1.627330E-012	-1	0.000000E+000
1	58.09542930	-1.627330E-012	-8.659606E-013	0	0.000000E+000
1	58.17371394	-8.357538E-013	-1.684231E-012	-1	0.000000E+000
1	58.17542369	-1.684231E-012	-8.032491E-013	0	0.000000E+000
1	58.28267570	-8.542965E-013	-1.438824E-012	-1	0.000000E+000
1	58.29107196	-1.438824E-012	-8.226188E-013	0	0.000000E+000
1	58.29154625	-8.226188E-013	-1.477614E-012	-1	0.000000E+000
1	58.32144634	-1.416418E-012	-7.515265E-013	0	0.000000E+000
1	58.32407058	-7.515265E-013	-1.421905E-012	-1	0.000000E+000
1	58.32974046	-1.505109E-012	-8.970914E-013	0	0.000000E+000
1	58.33087128	-8.822593E-013	-1.401015E-012	-1	0.000000E+000
1	58.33239840	-1.463300E-012	-6.128254E-013	0	0.000000E+000
1	58.33462583	-6.128254E-013	-1.383135E-012	-1	0.000000E+000
1	58.37489183	-1.438976E-012	-4.503941E-013	0	0.000000E+000
1	58.37564199	-4.503941E-013	-1.447441E-012	-1	0.000000E+000
1	58.39813161	-1.578866E-012	-9.115480E-013	0	0.000000E+000
1	58.42410553	-8.417800E-013	-1.615136E-012	-1	0.000000E+000
1	58.42461651	-1.615136E-012	-9.088961E-013	0	0.000000E+000
1	58.47722638	-8.759211E-013	-1.606013E-012	-1	0.000000E+000
1	58.48122003	-1.673525E-012	-6.866437E-013	0	0.000000E+000
1	58.48168236	-6.866437E-013	-1.450551E-012	-1	0.000000E+000
1	58.50625000	-1.467063E-012	-7.701302E-013	0	0.000000E+000
1	58.50707598	-7.701302E-013	-1.461914E-012	-1	0.000000E+000
1	58.53401494	-1.437146E-012	-6.928096E-013	0	0.000000E+000
1	58.53539669	-8.760779E-013	-1.525867E-012	-1	0.000000E+000
1	58.54102027	-1.348607E-012	-7.104544E-013	0	0.000000E+000
1	58.54209668	-7.653349E-013	-1.426129E-012	-1	0.000000E+000
1	58.54841981	-1.380398E-012	-6.997628E-013	0	0.000000E+000
1	58.54988243	-7.981344E-013	-1.396670E-012	-1	0.000000E+000
1	58.60863488	-1.470988E-012	-7.304364E-013	0	0.000000E+000
1	58.60928065	-7.304364E-013	-1.455461E-012	-1	0.000000E+000
1	58.63588326	-1.435299E-012	-6.940088E-013	0	0.000000E+000
1	58.63794704	-6.940088E-013	-1.447046E-012	-1	0.000000E+000
1	58.80533773	-1.458277E-012	-6.791018E-013	0	0.000000E+000
1	58.80606189	-6.791018E-013	-1.440123E-012	-1	0.000000E+000
1	58.84009960	-1.533258E-012	-8.508069E-013	0	0.000000E+000
1	58.85745000	-7.930153E-013	-1.415485E-012	-1	0.000000E+000
1	58.93089341	-1.420918E-012	-8.206523E-013	0	0.000000E+000
1	58.95262526	-7.895044E-013	-1.452804E-012	-1	0.000000E+000
1	58.97388994	-1.452804E-012	-6.419540E-013	0	0.000000E+000
1	58.97568815	-7.067738E-013	-1.504418E-012	-1	0.000000E+000
1	59.02074515	-1.394895E-012	-8.246585E-013	0	0.000000E+000
1	59.02923236	-7.741071E-013	-1.471438E-012	-1	0.000000E+000
1	59.03780463	-1.490079E-012	-7.636023E-013	0	0.000000E+000
1	59.04043026	-7.636023E-013	-1.409234E-012	-1	0.000000E+000
1	59.04441964	-1.409234E-012	-7.460550E-013	0	0.000000E+000
1	59.04488883	-7.460550E-013	-1.479243E-012	-1	0.000000E+000
1	59.08161909	-1.466551E-012	-8.054924E-013	0	0.000000E+000
1	59.08190952	-8.054924E-013	-1.392199E-012	-1	0.000000E+000
1	59.09861647	-1.387710E-012	-6.421171E-013	0	0.000000E+000
1	59.09913481	-6.421171E-013	-1.471540E-012	-1	0.000000E+000
1	59.10809857	-1.492663E-012	-7.043905E-013	0	0.000000E+000
1	59.10884536	-7.043905E-013	-1.450651E-012	-1	0.000000E+000
1	59.14277072	-1.434998E-012	-8.473884E-013	0	0.000000E+000
1	59.14635515	-8.014983E-013	-1.395121E-012	-1	0.000000E+000
1	59.19027262	-1.376109E-012	-7.640010E-013	0	0.000000E+000
1	59.19182500	-7.640010E-013	-1.375906E-012	-1	0.000000E+000
1	59.26430613	-1.375906E-012	-7.945853E-013	0	0.000000E+000
1	59.26784950	-7.945853E-013	-1.536416E-012	-1	0.000000E+000
1	59.26905270	-1.440180E-012	-8.061029E-013	0	0.000000E+000
1	59.27057098	-8.061029E-013	-1.414368E-012	-1	0.000000E+000
1	59.30061900	-1.382232E-012	-7.165391E-013	0	0.000000E+000
1	59.30178891	-7.165391E-013	-1.538592E-012	-1	0.000000E+000
1	59.30229193	-1.538592E-012	-5.913463E-013	0	0.000000E+000
1	59.30389313	-5.913463E-013	-1.389294E-012	-1	0.000000E+000
1	59.34186413	-1.608657E-012	-8.452904E-013	0	0.000000E+000
1	59.34420000	-8.452904E-013	-1.392805E-012	-1	0.000000E+000
1	59.38529506	-1.358273E-012	-7.268986E-013	0	0.000000E+000
1	59.38610520	-7.268986E-013	-1.415356E-012	-1	0.000000E+000
1	59.39279855	-1.317159E-012	-8.146898E-013	0	0.000000E+000
1	59.39717736	-7.403864E-013	-1.412775E-012	-1	0.000000E+000
1	59.42244130	-1.374560E-012	-4.701203E-013	0	0.000000E+000
1	59.42366908	-4.701203E-013	-1.381762E-012	-1	0.000000E+000
1	59.43580280	-1.419569E-012	-6.664721E-013	0	0.000000E+000
1	59.43630000	-6.664721E-013	-1.375912E-012	-1	0.000000E+000
1	59.46354356	-1.381216E-012	-6.525017E-013	0	0.000000E+000
1	59.46466609	-6.525017E-013	-1.437523E-012	-1	0.000000E+000
1	59.49677944	-1.384915E-012	-7.013068E-013	0	0.000000E+000
1	59.49866819	-7.013068E-013	-1.489774E-012	-1	0.000000E+000
1	59.50044627	-1.489774E-012	-7.470972E-013	0	0.000000E+000
1	59.50183569	-7.883769E-013	-1.511254E-012	-1	0.000000E+000
1	59.50329320	-1.511254E-012	-6.966822E-013	0	0.000000E+000
1	59.50630641	-6.966822E-013	-1.469325E-012	-1	0.000000E+000
1	59.50915066	-1.469325E-012	-8.185531E-013	0	0.000000E+000
1	59.51077146	-7.607616E-013	-1.452652E-012	-1	0.000000E+000
1	59.51487773	-1.452652E-012	-7.228102E-013	0	0.000000E+000
1	59.51537500	-7.228102E-013	-1.374712E-012	-1	0.000000E+000
1	59.52795597	-1.440759E-012	-8.022803E-013	0	0.000000E+000
1	59.53309557	-7.373701E-013	-1.423019E-012	-1	0.000000E+000
1	59.53396364	-1.423019E-012	-7.303993E-013	0	0.000000E+000
1	59.58874649	-7.533922E-013	-1.358458E-012	-1	0.000000E+000
1	59.59197404	-1.308525E-012	-6.999849E-013	0	0.000000E+000
1	59.63434463	-8.023591E-013	-1.503270E-012	-1	0.000000E+000
1	59.63485000	-1.503270E-012	-8.041188E-013	0	0.000000E+000
1	59.64587481	-8.041188E-013	-1.477390E-012	-1	0.000000E+000
1	59.64974877	-1.477390E-012	-6.589575E-013	0	0.000000E+000
1	59.65084118	-7.278597E-013	-1.456179E-012	-1	0.000000E+000
1	59.65293949	-1.456179E-012	-6.744570E-013	0	0.000000E+000
1	59.65589076	-6.744570E-013	-1.396064E-012	-1	0.000000E+000
1	59.65646741	-1.396064E-012	-7.449611E-013	0	0.000000E+000
1	59.66026633	-7.449611E-013	-1.417952E-012	-1	0.000000E+000
1	59.66074278	-1.417952E-012	-7.834616E-013	0	0.000000E+000
1	59.68753179	-8.164854E-013	-1.497986E-012	-1	0.000000E+000
1	59.69014367	-1.514498E-012	-8.634757E-013	0	0.000000E+000
1	59.69065000	-8.634757E-013	-1.518230E-012	-1	0.000000E+000
1	59.70143263	-1.468694E-012	-8.917054E-013	0	0.000000E+000
1	59.70289496	-8.917054E-013	-1.545638E-012	-1	0.000000E+000
1	59.70984090	-1.479856E-012	-7.557660E-013	0	0.000000E+000
1	59.71089425	-8.456046E-013	-1.508106E-012	-1	0.000000E+000
1	59.72343975	-1.526672E-012	-8.534431E-013	0	0.000000E+000
1	59.72744015	-8.534431E-013	-1.576653E-012	-1	0.000000E+000
1	59.72791747	-1.576653E-012	-9.257559E-013	0	0.000000E+000
1	59.73068974	-9.009881E-013	-1.847950E-012	-1	0.000000E+000
1	59.73297500	-1.757134E-012	-9.996822E-013	0	0.000000E+000
1	59.73811922	-1.052824E-012	-1.714787E-012	-1	0.000000E+000
1	59.74509243	-1.669653E-012	-9.943761E-013	0	0.000000E+000
1	59.74602613	-9.943761E-013	-1.746074E-012	-1	0.000000E+000
1	59.77855000	-1.746074E-012	-1.134250E-012	0	0.000000E+000
1	59.78570225	-1.003562E-012	-1.747490E-012	-1	0.000000E+000
1	59.79497500	-1.582371E-012	-9.059558E-013	0	0.000000E+000
1	59.79547500	-9.059558E-013	-1.518418E-012	-1	0.000000E+000
1	59.79816247	-1.518418E-012	-8.226664E-013	0	0.000000E+000
1	59.79875647	-8.226664E-013	-1.401761E-012	-1	0.000000E+000
1	59.80036045	-1.418881E-012	-8.073457E-013	0	0.000000E+000
1	59.80087500	-8.073457E-013	-1.476065E-012	-1	0.000000E+000
1	59.80287840	-1.443041E-012	-7.472946E-013	0	0.000000E+000
1	59.80358677	-7.472946E-013	-1.328753E-012	-1	0.000000E+000
1	59.80836251	-1.330759E-012	-7.602728E-013	0	0.000000E+000
1	59.82943001	-7.823598E-013	-1.332516E-012	-1	0.000000E+000
1	59.83236018	-1.373796E-012	-7.522499E-013	0	0.000000E+000
1	59.84871574	-7.280565E-013	-1.340023E-012	-1	0.000000E+000
1	59.84950919	-1.340023E-012	-7.559853E-013	0	0.000000E+000
1	59.85348918	-7.559853E-013	-1.393212E-012	-1	0.000000E+000
1	59.86737481	-1.425908E-012	-8.379401E-013	0	0.000000E+000
1	59.87070204	-7.553808E-013	-1.389549E-012	-1	0.000000E+000
1	59.89020556	-1.463852E-012	-6.274614E-013	0	0.000000E+000
1	60.01275000	-6.274614E-013	-1.368238E-012	-1	0.000000E+000
1	60.01592883	-1.277423E-012	-6.290126E-013	0	0.000000E+000
1	60.04151109	-7.776194E-013	-1.519128E-012	-1	0.000000E+000
1	60.07892859	-1.450336E-012	-7.973776E-013	0	0.000000E+000
1	60.08011972	-7.973776E-013	-1.462022E-012	-1	0.000000E+000
1	60.08443913	-1.421464E-012	-8.385071E-013	0	0.000000E+000
1	60.08572990	-9.497894E-013	-1.451294E-012	-1	0.000000E+000
1	60.11772701	-1.402947E-012	-6.611064E-013	0	0.000000E+000
1	60.11824540	-6.611064E-013	-1.344856E-012	-1	0.000000E+000
1	60.13726112	-1.389199E-012	-7.949620E-013	0	0.000000E+000
1	60.13977432	-8.197298E-013	-1.401286E-012	-1	0.000000E+000
1	60.14235693	-1.492101E-012	-8.509210E-013	0	0.000000E+000
1	60.14554936	-8.178973E-013	-1.406566E-012	-1	0.000000E+000
1	60.15415000	-1.522149E-012	-8.167371E-013	0	0.000000E+000
1	60.15747500	-8.497609E-013	-1.461407E-012	-1	0.000000E+000
1	60.16847825	-1.651293E-012	-9.137421E-013	0	0.000000E+000
1	60.17140141	-9.137421E-013	-1.577915E-012	-1	0.000000E+000
1	60.18344225	-1.418720E-012	-8.743202E-013	0	0.000000E+000
1	60.18495394	-8.743202E-013	-1.493738E-012	-1	0.000000E+000
1	60.18617917	-1.526188E-012	-7.551712E-013	0	0.000000E+000
1	60.18671283	-7.551712E-013	-1.498228E-012	-1	0.000000E+000
1	60.19347823	-1.488410E-012	-7.761145E-013	0	0.000000E+000
1	60.19477379	-7.596026E-013	-1.501312E-012	-1	0.000000E+000
1	60.21932473	-1.451776E-012	-7.083648E-013	0	0.000000E+000
1	60.21986483	-7.083648E-013	-1.501933E-012	-1	0.000000E+000
1	60.22105890	-1.501933E-012	-7.918526E-013	0	0.000000E+000
1	60.25139859	-7.971653E-013	-1.534567E-012	-1	0.000000E+000
1	60.25704812	-1.386301E-012	-6.475082E-013	0	0.000000E+000
1	60.25786165	-6.475082E-013	-1.483532E-012	-1	0.000000E+000
1	60.28807242	-1.492927E-012	-6.381927E-013	0	0.000000E+000
1	60.28847742	-6.381927E-013	-1.410480E-012	-1	0.000000E+000
1	60.29812014	-1.423774E-012	-7.951079E-013	0	0.000000E+000
1	60.30084460	-7.951079E-013	-1.454565E-012	-1	0.000000E+000
1	60.32771298	-1.418680E-012	-6.142447E-013	0	0.000000E+000
1	60.32838649	-6.142447E-013	-1.626129E-012	-1	0.000000E+000
1	60.33397000	-1.626129E-012	-7.893138E-013	0	0.000000E+000
1	60.33442941	-7.893138E-013	-1.558384E-012	-1	0.000000E+000
1	60.41391254	-1.563109E-012	-8.384360E-013	0	0.000000E+000
1	60.41434347	-8.384360E-013	-1.550045E-012	-1	0.000000E+000
1	60.41794924	-1.494681E-012	-9.289297E-013	0	0.000000E+000
1	60.42097500	-9.289297E-013	-1.580250E-012	-1	0.000000E+000
1	60.43106328	-1.577582E-012	-9.346766E-013	0	0.000000E+000
1	60.43304210	-9.346766E-013	-1.546530E-012	-1	0.000000E+000
1	60.46963717	-1.476008E-012	-7.788312E-013	0	0.000000E+000
1	60.47272940	-7.375515E-013	-1.562136E-012	-1	0.000000E+000
1	60.51447292	-1.453781E-012	-7.314215E-013	0	0.000000E+000
1	60.51521504	-7.314215E-013	-1.397590E-012	-1	0.000000E+000
1	60.52171807	-1.517543E-012	-1.005668E-012	0	0.000000E+000
1	60.52376007	-1.013924E-012	-1.667931E-012	-1	0.000000E+000
1	60.53380401	-1.515581E-012	-5.997631E-013	0	0.000000E+000
1	60.53434028	-5.997631E-013	-1.353503E-012	-1	0.000000E+000
1	60.55377190	-1.489757E-012	-5.375121E-013	0	0.000000E+000
1	60.55438559	-5.375121E-013	-1.337067E-012	-1	0.000000E+000
1	60.56332555	-1.337067E-012	-7.770177E-013	0	0.000000E+000
1	60.56593831	-7.770177E-013	-1.484835E-012	-1	0.000000E+000
1	60.57765122	-1.602770E-012	-8.461775E-013	0	0.000000E+000
1	60.64595285	-7.702426E-013	-1.708665E-012	-1	0.000000E+000
1	60.64761134	-1.708665E-012	-7.963446E-013	0	0.000000E+000
1	60.65021796	-7.754558E-013	-1.511504E-012	-1	0.000000E+000
1	60.66398012	-1.443427E-012	-6.765781E-013	0	0.000000E+000
1	60.66578209	-7.984875E-013	-1.554207E-012	-1	0.000000E+000
1	60.69394061	-1.754081E-012	-9.528659E-013	0	0.000000E+000
1	60.69424199	-9.528659E-013	-1.644437E-012	-1	0.000000E+000
1	60.72594226	-1.738647E-012	-1.088029E-012	0	0.000000E+000
1	60.72768451	-1.088029E-012	-1.708099E-012	-1	0.000000E+000
1	60.76145697	-1.716443E-012	-1.077116E-012	0	0.000000E+000
1	60.76180238	-1.077116E-012	-1.713857E-012	-1	0.000000E+000
1	60.79565612	-1.713857E-012	-1.083547E-012	0	0.000000E+000
1	60.79640814	-1.083547E-012	-1.694888E-012	-1	0.000000E+000
1	60.80012703	-1.670936E-012	-1.056205E-012	0	0.000000E+000
1	60.80161714	-1.056205E-012	-1.700065E-012	-1	0.000000E+000
1	60.80760767	-1.754061E-012	-1.136457E-012	0	0.000000E+000
1	60.80815000	-1.136457E-012	-1.762285E-012	-1	0.000000E+000
1	60.81386909	-1.711819E-012	-9.668277E-013	0	0.000000E+000
1	60.81445225	-9.668277E-013	-1.561546E-012	-1	0.000000E+000
1	60.81690468	-1.691832E-012	-9.978073E-013	0	0.000000E+000
1	60.82919817	-1.017195E-012	-1.428326E-012	-1	0.000000E+000
1	60.83126074	-1.558522E-012	-9.772666E-013	0	0.000000E+000
1	60.84986853	-1.062212E-012	-1.645995E-012	-1	0.000000E+000
1	60.85399119	-1.784637E-012	-1.050761E-012	0	0.000000E+000
1	60.86601351	-1.050761E-012	-1.791075E-012	-1	0.000000E+000
1	60.88530015	-1.667798E-012	-1.050346E-012	0	0.000000E+000
1	60.88597795	-1.050346E-012	-1.685118E-012	-1	0.000000E+000
1	60.89072566	-1.836889E-012	-1.050876E-012	0	0.000000E+000
1	60.89247690	-1.140088E-012	-1.842294E-012	-1	0.000000E+000
1	60.90182344	-1.656946E-012	-9.770163E-013	0	0.000000E+000
1	60.90245337	-9.770163E-013	-1.767663E-012	-1	0.000000E+000
1	60.92779689	-1.827977E-012	-1.256137E-012	0	0.000000E+000
1	60.92926640	-1.256137E-012	-1.885418E-012	-1	0.000000E+000
1	60.92969221	-1.885418E-012	-1.102615E-012	0	0.000000E+000
1	60.93552500	-1.168662E-012	-1.908460E-012	-1	0.000000E+000
1	60.93602500	-1.908460E-012	-1.182998E-012	0	0.000000E+000
1	60.96898461	-1.253123E-012	-1.892033E-012	-1	0.000000E+000
1	60.96994840	-1.892033E-012	-1.167402E-012	0	0.000000E+000
1	60.97199709	-1.167402E-012	-1.783213E-012	-1	0.000000E+000
1	60.97329871	-1.783213E-012	-1.047167E-012	0	0.000000E+000
1	61.00147173	-1.113571E-012	-1.743641E-012	-1	0.000000E+000
1	61.00249694	-1.769040E-012	-1.013689E-012	0	0.000000E+000
1	61.00297500	-1.013689E-012	-1.702791E-012	-1	0.000000E+000
1	61.00685985	-1.628488E-012	-1.067018E-012	0	0.000000E+000
1	61.01440000	-1.067018E-012	-1.752663E-012	-1	0.000000E+000
1	61.03662073	-1.930640E-012	-1.038746E-012	0	0.000000E+000
1	61.10390163	-8.240914E-013	-1.551879E-012	-1	0.000000E+000
1	61.10463410	-1.551879E-012	-8.475770E-013	0	0.000000E+000
1	61.10551999	-8.475770E-013	-1.524614E-012	-1	0.000000E+000
1	61.11365549	-1.548045E-012	-7.502955E-013	0	0.000000E+000
1	61.11532628	-7.831568E-013	-1.501023E-012	-1	0.000000E+000
1	61.11826087	-1.501023E-012	-8.447755E-013	0	0.000000E+000
1	61.11881791	-8.447755E-013	-1.498559E-012	-1	0.000000E+000
1	61.14442376	-1.473791E-012	-7.721437E-013	0	0.000000E+000
1	61.14680000	-7.721437E-013	-1.513014E-012	-1	0.000000E+000
1	61.18233000	-1.443487E-012	-6.992337E-013	0	0.000000E+000
1	61.18305504	-6.992337E-013	-1.431766E-012	-1	0.000000E+000
1	61.22406524	-1.341964E-012	-5.560272E-013	0	0.000000E+000
1	61.22471115	-5.560272E-013	-1.463856E-012	-1	0.000000E+000
1	61.24946781	-1.398605E-012	-7.891696E-013	0	0.000000E+000
1	61.25013110	-7.891696E-013	-1.414292E-012	-1	0.000000E+000
1	61.31882029	-1.425857E-012	-8.146338E-013	0	0.000000E+000
1	61.31954820	-8.146338E-013	-1.431215E-012	-1	0.000000E+000
1	61.39840163	-1.431215E-012	-8.053372E-013	0	0.000000E+000
1	61.39924743	-8.053372E-013	-1.677993E-012	-1	0.000000E+000
1	61.40053746	-1.677993E-012	-8.548728E-013	0	0.000000E+000
1	61.40574995	-7.839819E-013	-1.708968E-012	-1	0.000000E+000
1	61.40639496	-1.708968E-012	-7.835403E-013	0	0.000000E+000
1	61.41003924	-7.835403E-013	-1.686706E-012	-1	0.000000E+000
1	61.41100822	-1.686706E-012	-8.111552E-013	0	0.000000E+000
1	61.47069512	-7.863874E-013	-1.498709E-012	-1	0.000000E+000
1	61.47271277	-1.498709E-012	-6.716586E-013	0	0.000000E+000
1	61.47341688	-6.716586E-013	-1.494771E-012	-1	0.000000E+000
1	61.49081500	-1.556495E-012	-7.596122E-013	0	0.000000E+000
1	61.49621892	-8.136188E-013	-1.474703E-012	-1	0.000000E+000
1	61.54338290	-1.497564E-012	-8.110169E-013	0	0.000000E+000
1	61.54372585	-8.110169E-013	-1.454515E-012	-1	0.000000E+000
1	61.57387583	-1.454515E-012	-7.323877E-013	0	0.000000E+000
1	61.57418113	-7.323877E-013	-1.456737E-012	-1	0.000000E+000
1	61.57804820	-1.456737E-012	-8.497380E-013	0	0.000000E+000
1	61.61818230	-8.749770E-013	-1.539809E-012	-1	0.000000E+000
1	61.65043537	-1.461079E-012	-8.492156E-013	0	0.000000E+000
1	61.66884844	-8.244478E-013	-1.416495E-012	-1	0.000000E+000
1	61.67526940	-1.375340E-012	-6.022694E-013	0	0.000000E+000
1	61.67617884	-6.022694E-013	-1.435827E-012	-1	0.000000E+000
1	61.72153394	-1.437051E-012	-6.339363E-013	0	0.000000E+000
1	61.72386366	-6.224547E-013	-1.461612E-012	-1	0.000000E+000
1	61.74328987	-1.446334E-012	-7.365166E-013	0	0.000000E+000
1	61.74365071	-7.365166E-013	-1.385906E-012	-1	0.000000E+000
1	61.77141756	-1.458372E-012	-8.641863E-013	0	0.000000E+000
1	61.78885605	-8.829520E-013	-1.468570E-012	-1	0.000000E+000
1	61.79384845	-1.521468E-012	-8.425531E-013	0	0.000000E+000
1	61.79432500	-8.425531E-013	-1.507457E-012	-1	0.000000E+000
1	61.86436131	-1.436402E-012	-7.686366E-013	0	0.000000E+000
1	61.86485000	-7.686366E-013	-1.534887E-012	-1	0.000000E+000
1	61.87696289	-1.564442E-012	-8.160862E-013	0	0.000000E+000
1	61.89225338	-6.976535E-013	-1.299208E-012	-1	0.000000E+000
1	61.89507574	-1.237378E-012	-5.707210E-013	0	0.000000E+000
1	61.89912500	-6.697922E-013	-1.318893E-012	-1	0.000000E+000
1	61.90612840	-1.420036E-012	-7.790366E-013	0	0.000000E+000
1	61.90751871	-7.790366E-013	-1.562827E-012	-1	0.000000E+000
1	61.90929741	-1.587595E-012	-6.912358E-013	0	0.000000E+000
1	61.91007796	-6.912358E-013	-1.346038E-012	-1	0.000000E+000
1	61.91122657	-1.313015E-012	-7.624418E-013	0	0.000000E+000
1	61.91716977	-7.740725E-013	-1.388708E-012	-1	0.000000E+000
1	61.91888176	-1.388708E-012	-7.971838E-013	0	0.000000E+000
1	61.92152445	-7.971838E-013	-1.533559E-012	-1	0.000000E+000
1	61.92225778	-1.533559E-012	-7.155800E-013	0	0.000000E+000
1	61.94282602	-9.054050E-013	-1.689852E-012	-1	0.000000E+000
1	61.94447878	-1.689852E-012	-8.908788E-013	0	0.000000E+000
1	61.97408813	-8.908788E-013	-1.457171E-012	-1	0.000000E+000
1	62.01287404	-1.427407E-012	-7.481148E-013	0	0.000000E+000
1	62.05612168	-8.845075E-013	-1.548774E-012	-1	0.000000E+000
1	62.05755478	-1.548774E-012	-8.737099E-013	0	0.000000E+000
1	62.09464438	-8.474843E-013	-1.725403E-012	-1	0.000000E+000
1	62.09515924	-1.725403E-012	-8.156898E-013	0	0.000000E+000
1	62.09778007	-8.156898E-013	-1.422340E-012	-1	0.000000E+000
1	62.10899763	-1.422340E-012	-7.099082E-013	0	0.000000E+000
1	62.11107397	-7.099082E-013	-1.520303E-012	-1	0.000000E+000
1	62.14072022	-1.375245E-012	-7.685194E-013	0	0.000000E+000
1	62.14159034	-7.685194E-013	-1.457230E-012	-1	0.000000E+000
1	62.15891995	-1.414464E-012	-7.306841E-013	0	0.000000E+000
1	62.16073341	-7.950349E-013	-1.430957E-012	-1	0.000000E+000
1	62.16419611	-1.430957E-012	-5.927544E-013	0	0.000000E+000
1	62.16585974	-5.927544E-013	-1.336875E-012	-1	0.000000E+000
1	62.16934047	-1.386410E-012	-7.946947E-013	0	0.000000E+000
1	62.17181127	-8.277185E-013	-1.642015E-012	-1	0.000000E+000
1	62.17377500	-1.642015E-012	-6.955486E-013	0	0.000000E+000
1	62.17547891	-6.955486E-013	-1.419531E-012	-1	0.000000E+000
1	62.17827207	-1.419531E-012	-7.575511E-013	0	0.000000E+000
1	62.20328258	-7.528734E-013	-1.326520E-012	-1	0.000000E+000
1	62.20518402	-1.326520E-012	-6.955592E-013	0	0.000000E+000
1	62.20746475	-8.512818E-013	-1.501197E-012	-1	0.000000E+000
1	62.22068234	-1.350500E-012	-6.324230E-013	0	0.000000E+000
1	62.22116975	-6.324230E-013	-1.328308E-012	-1	0.000000E+000
1	62.28425917	-1.428877E-012	-7.015055E-013	0	0.000000E+000
1	62.28461122	-7.015055E-013	-1.494235E-012	-1	0.000000E+000
1	62.31499258	-1.494235E-012	-8.236698E-013	0	0.000000E+000
1	62.31718236	-8.236698E-013	-1.510215E-012	-1	0.000000E+000
1	62.33789890	-1.472289E-012	-7.296588E-013	0	0.000000E+000
1	62.39887500	-7.296588E-013	-1.449486E-012	-1	0.000000E+000
1	62.39948825	-1.449486E-012	-8.263560E-013	0	0.000000E+000
1	62.40855447	-8.081174E-013	-1.424671E-012	-1	0.000000E+000
1	62.42024604	-1.477705E-012	-7.776637E-013	0	0.000000E+000
1	62.42318968	-7.776637E-013	-1.655843E-012	-1	0.000000E+000
1	62.42413092	-1.655843E-012	-7.974624E-013	0	0.000000E+000
1	62.42652490	-7.974624E-013	-1.412470E-012	-1	0.000000E+000
1	62.43363108	-1.536309E-012	-7.223033E-013	0	0.000000E+000
1	62.43569705	-7.223033E-013	-1.384359E-012	-1	0.000000E+000
1	62.44842990	-1.393461E-012	-8.093583E-013	0	0.000000E+000
1	62.46880639	-8.682900E-013	-1.339194E-012	-1	0.000000E+000
1	62.47019182	-1.339194E-012	-8.274788E-013	0	0.000000E+000
1	63.06054688	-8.098642E-013	-1.551927E-012	-1	0.000000E+000
1	63.07382500	-1.551927E-012	-8.679656E-013	0	0.000000E+000
1	63.07412833	-8.679656E-013	-1.441308E-012	-1	0.000000E+000
1	63.09662801	-1.455321E-012	-7.938453E-013	0	0.000000E+000
1	63.09870758	-7.938453E-013	-1.474533E-012	-1	0.000000E+000
1	63.10135688	-1.474533E-012	-6.743596E-013	0	0.000000E+000
1	63.10202320	-6.743596E-013	-1.446984E-012	-1	0.000000E+000
1	63.10951918	-1.446984E-012	-8.147515E-013	0	0.000000E+000
1	63.11130231	-8.064955E-013	-1.585549E-012	-1	0.000000E+000
1	63.11796415	-1.546042E-012	-7.969414E-013	0	0.000000E+000
1	63.19612500	-7.969414E-013	-1.428373E-012	-1	0.000000E+000
1	63.20258195	-1.411546E-012	-8.464318E-013	0	0.000000E+000
1	63.20368495	-8.464318E-013	-1.704164E-012	-1	0.000000E+000
1	63.20594623	-1.704164E-012	-8.524387E-013	0	0.000000E+000
1	63.20651158	-8.524387E-013	-1.447902E-012	-1	0.000000E+000
1	63.22305938	-1.536770E-012	-7.011449E-013	0	0.000000E+000
1	63.22363782	-7.011449E-013	-1.457692E-012	-1	0.000000E+000
1	63.23493400	-1.457692E-012	-9.222746E-013	0	0.000000E+000
1	63.23607902	-9.784066E-013	-1.500367E-012	-1	0.000000E+000
1	63.24829146	-1.500367E-012	-6.870940E-013	0	0.000000E+000
1	63.25342071	-6.870940E-013	-1.481595E-012	-1	0.000000E+000
1	63.30324318	-1.500798E-012	-6.998812E-013	0	0.000000E+000
1	63.30375000	-6.998812E-013	-1.515077E-012	-1	0.000000E+000
1	63.35730739	-1.453022E-012	-6.013327E-013	0	0.000000E+000
1	63.35900042	-6.013327E-013	-1.505766E-012	-1	0.000000E+000
1	63.36794138	-1.408461E-012	-8.202539E-013	0	0.000000E+000
1	63.36870151	-8.202539E-013	-1.439939E-012	-1	0.000000E+000
1	63.38861558	-1.408102E-012	-7.514003E-013	0	0.000000E+000
1	63.38910000	-7.514003E-013	-1.467814E-012	-1	0.000000E+000
1	63.39024007	-1.542990E-012	-8.132456E-013	0	0.000000E+000
1	63.39118049	-8.132456E-013	-1.505272E-012	-1	0.000000E+000
1	63.47376239	-1.451410E-012	-7.152882E-013	0	0.000000E+000
1	63.47427500	-7.152882E-013	-1.425985E-012	-1	0.000000E+000
1	63.49075939	-1.429250E-012	-8.806993E-013	0	0.000000E+000
1	63.49162891	-8.806993E-013	-1.510034E-012	-1	0.000000E+000
1	63.53512346	-1.445465E-012	-7.933791E-013	0	0.000000E+000
1	71.75638093	-8.901509E-013	-1.590488E-012	-1	0.000000E+000
1	71.75918392	-1.610295E-012	-7.813384E-013	0	0.000000E+000
1	71.76043332	-7.813384E-013	-1.645582E-012	-1	0.000000E+000
1	71.76768466	-1.550500E-012	-8.495389E-013	0	0.000000E+000
1	71.79296948	-8.471641E-013	-1.567497E-012	-1	0.000000E+000
1	71.79386312	-1.567497E-012	-9.198219E-013	0	0.000000E+000
1	71.86536251	-9.198219E-013	-1.635993E-012	-1	0.000000E+000
1	71.87275694	-1.703064E-012	-9.538682E-013	0	0.000000E+000
1	71.89923166	-8.783008E-013	-1.607174E-012	-1	0.000000E+000
1	71.90124137	-1.607174E-012	-7.652641E-013	0	0.000000E+000
1	71.90460890	-7.982878E-013	-1.597713E-012	-1	0.000000E+000
1	71.90812956	-1.680272E-012	-9.763779E-013	0	0.000000E+000
1	71.97467500	-8.855626E-013	-1.498247E-012	-1	0.000000E+000
1	71.98721604	-1.595362E-012	-7.693412E-013	0	0.000000E+000
1	71.98778070	-7.693412E-013	-1.660214E-012	-1	0.000000E+000
1	71.99249979	-1.660214E-012	-6.970604E-013	0	0.000000E+000
1	71.99467500	-6.970604E-013	-1.501291E-012	-1	0.000000E+000
1	72.02214710	-1.562387E-012	-8.368050E-013	0	0.000000E+000
1	72.02535799	-8.368050E-013	-1.544621E-012	-1	0.000000E+000
1	72.04547281	-1.748435E-012	-9.601531E-013	0	0.000000E+000
1	72.04713349	-9.601531E-013	-1.858942E-012	-1	0.000000E+000
1	72.05284002	-1.817114E-012	-9.398746E-013	0	0.000000E+000
1	72.05336019	-9.398746E-013	-1.792969E-012	-1	0.000000E+000
1	72.08286631	-1.562411E-012	-8.194840E-013	0	0.000000E+000
1	72.08348246	-8.194840E-013	-1.480636E-012	-1	0.000000E+000
1	72.17676601	-1.576019E-012	-8.947075E-013	0	0.000000E+000
1	72.17754478	-8.947075E-013	-1.695992E-012	-1	0.000000E+000
1	72.18360788	-1.710635E-012	-1.035706E-012	0	0.000000E+000
1	72.18436935	-1.035706E-012	-1.793034E-012	-1	0.000000E+000
1	72.19409569	-1.793034E-012	-9.591930E-013	0	0.000000E+000
1	72.20095170	-9.544558E-013	-1.591214E-012	-1	0.000000E+000
1	72.26135069	-1.479835E-012	-8.546868E-013	0	0.000000E+000
1	72.26184809	-8.546868E-013	-1.472724E-012	-1	0.000000E+000
1	72.26889046	-1.433940E-012	-7.416644E-013	0	0.000000E+000
1	72.26973420	-7.416644E-013	-1.502712E-012	-1	0.000000E+000
1	72.28073925	-1.499641E-012	-8.935375E-013	0	0.000000E+000
1	72.28152297	-8.935375E-013	-1.550753E-012	-1	0.000000E+000
1	72.29697285	-1.548845E-012	-5.911655E-013	0	0.000000E+000
1	72.29779351	-5.911655E-013	-1.513924E-012	-1	0.000000E+000
1	72.32084398	-1.477637E-012	-7.678222E-013	0	0.000000E+000
1	72.32132500	-7.678222E-013	-1.491717E-012	-1	0.000000E+000
1	72.35765000	-1.524741E-012	-8.476351E-013	0	0.000000E+000
1	72.36055736	-8.476351E-013	-1.487719E-012	-1	0.000000E+000
1	72.37458831	-1.603302E-012	-9.685172E-013	0	0.000000E+000
1	72.37992117	-8.124992E-013	-1.522586E-012	-1	0.000000E+000
1	72.38156306	-1.473050E-012	-9.826485E-013	0	0.000000E+000
1	72.39578476	-9.826485E-013	-1.580291E-012	-1	0.000000E+000
1	72.42701341	-1.528182E-012	-1.026625E-012	0	0.000000E+000
1	72.42825230	-1.026625E-012	-1.588513E-012	-1	0.000000E+000
1	72.43037987	-1.588513E-012	-7.285821E-013	0	0.000000E+000
1	72.43100164	-7.285821E-013	-1.585745E-012	-1	0.000000E+000
1	72.47226181	-1.517992E-012	-9.375704E-013	0	0.000000E+000
1	72.47330061	-9.788501E-013	-1.529419E-012	-1	0.000000E+000
1	72.48996536	-1.553630E-012	-7.396459E-013	0	0.000000E+000
1	72.49158526	-8.350798E-013	-1.526215E-012	-1	0.000000E+000
1	72.50237624	-1.508923E-012	-8.263188E-013	0	0.000000E+000
1	72.50402411	-8.823882E-013	-1.482984E-012	-1	0.000000E+000
1	72.51384825	-1.595089E-012	-8.722048E-013	0	0.000000E+000
1	72.52140816	-9.035002E-013	-1.491641E-012	-1	0.000000E+000
1	72.52624678	-1.557671E-012	-9.045700E-013	0	0.000000E+000
1	72.57031124	-9.045700E-013	-1.469959E-012	-1	0.000000E+000
1	72.57108482	-1.469959E-012	-8.798018E-013	0	0.000000E+000
1	72.57327072	-9.323748E-013	-1.582213E-012	-1	0.000000E+000
1	72.57929517	-1.582213E-012	-8.917251E-013	0	0.000000E+000
1	72.57979102	-8.917251E-013	-1.456885E-012	-1	0.000000E+000
1	72.60374906	-1.542722E-012	-7.015209E-013	0	0.000000E+000
1	72.60425000	-7.015209E-013	-1.465817E-012	-1	0.000000E+000
1	72.62661451	-1.575307E-012	-9.524458E-013	0	0.000000E+000
1	72.62712500	-9.524458E-013	-1.578101E-012	-1	0.000000E+000
1	72.63346572	-1.570137E-012	-7.311126E-013	0	0.000000E+000
1	72.63539409	-8.281423E-013	-1.565939E-012	-1	0.000000E+000
1	72.66654863	-1.655762E-012	-9.234629E-013	0	0.000000E+000
1	72.78323479	-9.633468E-013	-1.796595E-012	-1	0.000000E+000
1	72.78360786	-1.796595E-012	-8.605991E-013	0	0.000000E+000
1	72.80385941	-8.778538E-013	-1.469134E-012	-1	0.000000E+000
1	72.87246210	-1.492977E-012	-7.547852E-013	0	0.000000E+000
1	72.87320657	-7.547852E-013	-1.458108E-012	-1	0.000000E+000
1	72.88740271	-1.477163E-012	-8.072721E-013	0	0.000000E+000
1	72.89029722	-8.238867E-013	-1.429336E-012	-1	0.000000E+000
1	72.90530000	-1.429336E-012	-8.180370E-013	0	0.000000E+000
1	73.04416315	-8.063497E-013	-1.545977E-012	-1	0.000000E+000
1	73.04949791	-1.463418E-012	-8.105633E-013	0	0.000000E+000
1	73.04997500	-8.105633E-013	-1.386521E-012	-1	0.000000E+000
1	73.07319340	-1.527550E-012	-8.811360E-013	0	0.000000E+000
1	73.08462885	-8.493566E-013	-1.486192E-012	-1	0.000000E+000
1	73.08533693	-1.486192E-012	-8.167721E-013	0	0.000000E+000
1	73.11932715	-9.069188E-013	-1.706001E-012	-1	0.000000E+000
1	73.11987500	-1.706001E-012	-8.285852E-013	0	0.000000E+000
1	73.12125682	-8.285852E-013	-1.536534E-012	-1	0.000000E+000
1	73.12948168	-1.449312E-012	-8.719809E-013	0	0.000000E+000
1	73.12997500	-8.719809E-013	-1.481069E-012	-1	0.000000E+000
1	73.13599536	-1.481069E-012	-7.523173E-013	0	0.000000E+000
1	73.13638359	-7.523173E-013	-1.456823E-012	-1	0.000000E+000
1	73.15625080	-1.477129E-012	-8.377140E-013	0	0.000000E+000
1	73.16220869	-7.991328E-013	-1.482137E-012	-1	0.000000E+000
1	73.17892828	-1.482137E-012	-8.360621E-013	0	0.000000E+000
1	73.17933231	-8.360621E-013	-1.533078E-012	-1	0.000000E+000
1	73.18311069	-1.582614E-012	-8.073482E-013	0	0.000000E+000
1	73.18359306	-8.073482E-013	-1.433672E-012	-1	0.000000E+000
1	73.19695981	-1.497353E-012	-9.717477E-013	0	0.000000E+000
1	73.19739075	-9.717477E-013	-1.533335E-012	-1	0.000000E+000
1	73.20275485	-1.578748E-012	-7.767451E-013	0	0.000000E+000
1	73.20954149	-8.285099E-013	-1.552576E-012	-1	0.000000E+000
1	73.21014671	-1.552576E-012	-8.993474E-013	0	0.000000E+000
1	73.23089651	-8.171804E-013	-1.683367E-012	-1	0.000000E+000
1	73.28500000	-1.551272E-012	-8.818898E-013	0	0.000000E+000
1	73.33350133	-8.818898E-013	-1.599694E-012	-1	0.000000E+000
1	73.33497398	-1.445971E-012	-8.101593E-013	0	0.000000E+000
1	73.33675000	-8.101593E-013	-1.424308E-012	-1	0.000000E+000
1	73.33965000	-1.506867E-012	-9.287226E-013	0	0.000000E+000
1	73.40325085	-8.218823E-013	-1.475789E-012	-1	0.000000E+000
1	73.40832646	-1.380401E-012	-7.519522E-013	0	0.000000E+000
1	73.41055282	-8.431822E-013	-1.805633E-012	-1	0.000000E+000
1	73.41373136	-1.673538E-012	-8.042204E-013	0	0.000000E+000
1	73.43675283	-8.494628E-013	-1.469320E-012	-1	0.000000E+000
1	73.45864836	-1.416359E-012	-8.074665E-013	0	0.000000E+000
1	73.45919590	-8.074665E-013	-1.501951E-012	-1	0.000000E+000
1	73.49236709	-1.443052E-012	-6.857405E-013	0	0.000000E+000
1	73.49331644	-6.857405E-013	-1.445954E-012	-1	0.000000E+000
1	73.50141885	-1.469484E-012	-8.422523E-013	0	0.000000E+000
1	73.50323287	-8.763563E-013	-1.548639E-012	-1	0.000000E+000
1	73.51948325	-1.548639E-012	-8.305237E-013	0	0.000000E+000
1	73.52226010	-8.305237E-013	-1.564981E-012	-1	0.000000E+000
1	73.52864725	-1.717842E-012	-9.803402E-013	0	0.000000E+000
1	73.53046530	-9.803402E-013	-1.714242E-012	-1	0.000000E+000
1	73.53416494	-1.714242E-012	-1.121666E-012	0	0.000000E+000
1	73.53498921	-1.121666E-012	-1.757774E-012	-1	0.000000E+000
1	73.55728434	-1.636453E-012	-8.038207E-013	0	0.000000E+000
1	73.56090000	-8.038207E-013	-1.407853E-012	-1	0.000000E+000
1	73.57764238	-1.572111E-012	-7.375214E-013	0	0.000000E+000
1	73.57888450	-8.458091E-013	-1.469218E-012	-1	0.000000E+000
1	73.58978153	-1.436081E-012	-8.224645E-013	0	0.000000E+000
1	73.59477366	-8.152186E-013	-1.589455E-012	-1	0.000000E+000
1	73.62250345	-1.379323E-012	-6.778422E-013	0	0.000000E+000
1	73.62327267	-6.778422E-013	-1.509254E-012	-1	0.000000E+000
1	73.62550249	-1.453815E-012	-7.315079E-013	0	0.000000E+000
1	73.62940415	-7.013736E-013	-1.432847E-012	-1	0.000000E+000
1	73.63498475	-1.455652E-012	-5.324369E-013	0	0.000000E+000
1	73.63564653	-5.324369E-013	-1.396533E-012	-1	0.000000E+000
1	73.64787731	-1.415443E-012	-8.458228E-013	0	0.000000E+000
1	73.64840000	-8.458228E-013	-1.422383E-012	-1	0.000000E+000
1	73.68312578	-1.446097E-012	-9.005107E-013	0	0.000000E+000
1	73.71996222	-8.771089E-013	-1.412967E-012	-1	0.000000E+000
1	73.72092070	-1.412967E-012	-9.117705E-013	0	0.000000E+000
1	73.74415756	-9.679258E-013	-1.534560E-012	-1	0.000000E+000
1	73.74442075	-1.534560E-012	-9.366139E-013	0	0.000000E+000
1	73.77735002	-9.366139E-013	-1.461942E-012	-1	0.000000E+000
1	73.78310694	-1.428919E-012	-7.875138E-013	0	0.000000E+000
1	74.42615892	-8.331023E-013	-1.575727E-012	-1	0.000000E+000
1	74.45534307	-1.506207E-012	-7.979117E-013	0	0.000000E+000
1	74.45872945	-7.979117E-013	-1.491374E-012	-1	0.000000E+000
1	74.48987586	-1.491374E-012	-8.785518E-013	0	0.000000E+000
1	74.49169530	-8.785518E-013	-1.444744E-012	-1	0.000000E+000
1	74.49416528	-1.477768E-012	-7.787192E-013	0	0.000000E+000
1	74.51980000	-7.787192E-013	-1.474931E-012	-1	0.000000E+000
1	74.55034262	-1.395577E-012	-8.640083E-013	0	0.000000E+000
1	74.55229439	-8.640083E-013	-1.448025E-012	-1	0.000000E+000
1	74.60009381	-1.566760E-012	-7.757210E-013	0	0.000000E+000
1	74.60103778	-7.757210E-013	-1.552335E-012	-1	0.000000E+000
1	74.63310000	-1.552335E-012	-8.007988E-013	0	0.000000E+000
1	74.63329495	-8.007988E-013	-1.480024E-012	-1	0.000000E+000
1	74.64204942	-1.547511E-012	-8.912038E-013	0	0.000000E+000
1	74.64342609	-8.912038E-013	-1.552143E-012	-1	0.000000E+000
1	74.70320750	-1.417457E-012	-8.343334E-013	0	0.000000E+000
1	74.70370440	-8.343334E-013	-1.543835E-012	-1	0.000000E+000
1	74.70576636	-1.543835E-012	-8.602203E-013	0	0.000000E+000
1	74.70689901	-8.580736E-013	-1.664013E-012	-1	0.000000E+000
1	74.72655000	-1.597966E-012	-8.557972E-013	0	0.000000E+000
1	74.72705000	-8.557972E-013	-1.580756E-012	-1	0.000000E+000
1	74.76022910	-1.603365E-012	-9.273377E-013	0	0.000000E+000
1	74.76053682	-9.273377E-013	-1.547746E-012	-1	0.000000E+000
1	74.78993941	-1.618961E-012	-8.213187E-013	0	0.000000E+000
1	75.25997011	-8.625983E-013	-1.574474E-012	-1	0.000000E+000
1	75.28553984	-1.620497E-012	-8.356014E-013	0	0.000000E+000
1	75.28707222	-8.194603E-013	-1.523611E-012	-1	0.000000E+000
1	75.31304351	-1.594839E-012	-9.051203E-013	0	0.000000E+000
1	75.36629150	-9.667581E-013	-1.586967E-012	-1	0.000000E+000
1	75.36736636	-1.539802E-012	-9.359452E-013	0	0.000000E+000
1	75.37565009	-1.010436E-012	-1.612724E-012	-1	0.000000E+000
1	75.37643441	-1.612724E-012	-8.672782E-013	0	0.000000E+000
1	75.41295737	-9.165714E-013	-1.910574E-012	-1	0.000000E+000
1	75.41512500	-1.910574E-012	-9.391218E-013	0	0.000000E+000
1	75.41637785	-9.040937E-013	-1.541805E-012	-1	0.000000E+000
1	75.42642749	-1.535380E-012	-7.946905E-013	0	0.000000E+000
1	75.43789108	-8.743054E-013	-1.583726E-012	-1	0.000000E+000
1	75.45762745	-1.535043E-012	-7.887057E-013	0	0.000000E+000
1	75.45871120	-8.104452E-013	-1.547636E-012	-1	0.000000E+000
1	75.46325271	-1.547636E-012	-7.527207E-013	0	0.000000E+000
1	75.46478710	-8.187682E-013	-1.583515E-012	-1	0.000000E+000
1	75.49174789	-1.662070E-012	-9.000956E-013	0	0.000000E+000
1	75.49240631	-9.000956E-013	-1.692820E-012	-1	0.000000E+000
1	75.49554876	-1.662322E-012	-9.010842E-013	0	0.000000E+000
1	75.50891166	-9.010842E-013	-1.590709E-012	-1	0.000000E+000
1	75.56646120	-1.545207E-012	-8.325593E-013	0	0.000000E+000
1	75.56752139	-9.057816E-013	-1.530334E-012	-1	0.000000E+000
1	75.62408319	-1.398641E-012	-7.778976E-013	0	0.000000E+000
1	75.62485780	-7.778976E-013	-1.531089E-012	-1	0.000000E+000
1	75.67182288	-1.561708E-012	-8.242521E-013	0	0.000000E+000
1	75.67320347	-9.873441E-013	-1.711774E-012	-1	0.000000E+000
1	75.67517500	-1.695262E-012	-8.242521E-013	0	0.000000E+000
1	75.74127308	-8.985555E-013	-1.701069E-012	-1	0.000000E+000
1	75.76694465	-1.748725E-012	-1.078535E-012	0	0.000000E+000
1	75.78838193	-1.121507E-012	-1.699201E-012	-1	0.000000E+000
1	75.80323994	-1.604736E-012	-7.062487E-013	0	0.000000E+000
1	75.80389413	-7.062487E-013	-1.533708E-012	-1	0.000000E+000
1	75.90248831	-1.665803E-012	-1.028589E-012	0	0.000000E+000
1	75.90520021	-1.028589E-012	-1.628962E-012	-1	0.000000E+000
1	75.90991985	-1.603792E-012	-1.034043E-012	0	0.000000E+000
1	75.91441677	-1.083579E-012	-1.719407E-012	-1	0.000000E+000
1	75.91774808	-1.684283E-012	-9.768073E-013	0	0.000000E+000
1	75.91976886	-9.768073E-013	-1.653847E-012	-1	0.000000E+000
1	75.92347050	-1.600837E-012	-1.007690E-012	0	0.000000E+000
1	75.93211068	-1.015236E-012	-1.744953E-012	-1	0.000000E+000
1	75.93587193	-1.744953E-012	-1.045917E-012	0	0.000000E+000
1	75.94213356	-1.045917E-012	-1.688784E-012	-1	0.000000E+000
1	75.94628411	-1.688784E-012	-1.009420E-012	0	0.000000E+000
1	75.95908760	-9.351161E-013	-1.586611E-012	-1	0.000000E+000
1	75.97070818	-1.492248E-012	-8.946033E-013	0	0.000000E+000
