3	97.90646554	-1.28E-012	-2.12E-012	-1	0.00E+000
3	97.90978697	-2.15E-012	-1.36E-012	0	0.00E+000
3	97.91256237	-1.30E-012	-2.04E-012	-1	0.00E+000
3	97.91563454	-2.12E-012	-1.33E-012	0	0.00E+000
3	97.91669408	-1.33E-012	-2.22E-012	-1	0.00E+000
3	97.92051552	-2.05E-012	-1.35E-012	0	0.00E+000
3	97.92201707	-1.35E-012	-2.10E-012	-1	0.00E+000
3	97.93024268	-2.05E-012	-1.35E-012	0	0.00E+000
3	97.93044753	-1.35E-012	-2.02E-012	-1	0.00E+000
3	97.95698351	-2.18E-012	-1.32E-012	0	0.00E+000
3	97.95728091	-1.32E-012	-2.30E-012	-1	0.00E+000
3	97.95775287	-2.30E-012	-1.32E-012	0	0.00E+000
3	97.96316168	-1.34E-012	-2.01E-012	-1	0.00E+000
3	97.96671484	-1.78E-012	-1.36E-012	0	0.00E+000
3	97.96781875	-1.36E-012	-1.80E-012	-1	0.00E+000
3	97.98034752	-1.80E-012	-1.28E-012	0	0.00E+000
3	97.98089423	-1.28E-012	-2.04E-012	-1	0.00E+000
3	97.99040749	-1.97E-012	-1.39E-012	0	0.00E+000
3	97.99542118	-1.27E-012	-2.07E-012	-1	0.00E+000
3	97.99618863	-2.07E-012	-1.26E-012	0	0.00E+000
3	97.99691169	-1.26E-012	-1.99E-012	-1	0.00E+000
3	97.99781626	-1.99E-012	-1.39E-012	0	0.00E+000
3	97.99823221	-1.39E-012	-1.94E-012	-1	0.00E+000
3	98.00224867	-1.94E-012	-1.36E-012	0	0.00E+000
3	98.16615011	-1.30E-012	-2.07E-012	-1	0.00E+000
3	98.16656935	-2.07E-012	-1.29E-012	0	0.00E+000
3	98.22657705	-1.33E-012	-2.29E-012	-1	0.00E+000
3	98.22880307	-2.21E-012	-1.29E-012	0	0.00E+000
3	98.25458866	-1.25E-012	-1.95E-012	-1	0.00E+000
3	98.25496230	-1.95E-012	-1.31E-012	0	0.00E+000
3	98.27711808	-1.37E-012	-2.33E-012	-1	0.00E+000
3	98.27799244	-2.33E-012	-1.39E-012	0	0.00E+000
3	98.27854713	-1.39E-012	-2.41E-012	-1	0.00E+000
3	98.27920323	-2.41E-012	-1.41E-012	0	0.00E+000
3	98.28668918	-1.35E-012	-1.94E-012	-1	0.00E+000
3	98.28691770	-1.94E-012	-1.43E-012	0	0.00E+000
3	98.29259822	-1.38E-012	-1.99E-012	-1	0.00E+000
3	98.29301356	-1.99E-012	-1.48E-012	0	0.00E+000
3	98.29349292	-1.48E-012	-2.33E-012	-1	0.00E+000
3	98.29553995	-2.33E-012	-1.35E-012	0	0.00E+000
3	98.30929178	-1.36E-012	-2.07E-012	-1	0.00E+000
3	98.30963042	-2.07E-012	-1.47E-012	0	0.00E+000
3	98.36377839	-1.36E-012	-2.03E-012	-1	0.00E+000
3	98.36499962	-2.03E-012	-1.40E-012	0	0.00E+000
3	98.44030971	-1.35E-012	-2.03E-012	-1	0.00E+000
3	98.44099550	-2.03E-012	-1.42E-012	0	0.00E+000
3	98.54970382	-1.29E-012	-1.76E-012	-1	0.00E+000
3	98.54998396	-1.76E-012	-1.29E-012	0	0.00E+000
3	98.55760828	-1.36E-012	-2.12E-012	-1	0.00E+000
3	98.56075234	-2.05E-012	-1.31E-012	0	0.00E+000
3	98.65942695	-1.30E-012	-2.17E-012	-1	0.00E+000
3	98.66063064	-2.17E-012	-1.30E-012	0	0.00E+000
3	98.66079785	-1.30E-012	-2.17E-012	-1	0.00E+000
3	98.66479654	-2.34E-012	-1.31E-012	0	0.00E+000
3	98.66757896	-1.34E-012	-2.25E-012	-1	0.00E+000
3	98.66898335	-2.25E-012	-1.27E-012	0	0.00E+000
3	98.67021219	-1.27E-012	-2.14E-012	-1	0.00E+000
3	98.67069340	-2.14E-012	-1.21E-012	0	0.00E+000
3	98.67304963	-1.20E-012	-2.25E-012	-1	0.00E+000
3	98.69256031	-2.12E-012	-1.23E-012	0	0.00E+000
3	98.69472238	-1.23E-012	-2.21E-012	-1	0.00E+000
3	98.69744693	-2.27E-012	-1.29E-012	0	0.00E+000
3	98.69772864	-1.29E-012	-2.23E-012	-1	0.00E+000
3	98.71246649	-2.26E-012	-1.25E-012	0	0.00E+000
3	98.71343783	-1.25E-012	-2.23E-012	-1	0.00E+000
3	98.71620779	-2.22E-012	-1.40E-012	0	0.00E+000
3	98.71680691	-1.40E-012	-2.32E-012	-1	0.00E+000
3	98.72337186	-2.30E-012	-1.28E-012	0	0.00E+000
3	98.72360803	-1.28E-012	-2.05E-012	-1	0.00E+000
3	98.72809073	-2.15E-012	-1.24E-012	0	0.00E+000
3	98.73091816	-1.30E-012	-1.99E-012	-1	0.00E+000
3	98.73133541	-1.99E-012	-1.21E-012	0	0.00E+000
3	98.73311374	-1.21E-012	-2.10E-012	-1	0.00E+000
3	98.73396064	-2.10E-012	-1.34E-012	0	0.00E+000
3	98.75751896	-1.28E-012	-2.30E-012	-1	0.00E+000
3	98.75806624	-2.30E-012	-1.21E-012	0	0.00E+000
3	98.76987397	-1.22E-012	-2.37E-012	-1	0.00E+000
3	98.77127499	-2.37E-012	-1.33E-012	0	0.00E+000
3	98.77666304	-1.32E-012	-2.27E-012	-1	0.00E+000
3	98.77887707	-2.08E-012	-1.30E-012	0	0.00E+000
3	98.77980253	-1.30E-012	-2.26E-012	-1	0.00E+000
3	98.78322470	-2.33E-012	-1.25E-012	0	0.00E+000
3	98.79186270	-1.32E-012	-2.27E-012	-1	0.00E+000
3	98.79313856	-2.27E-012	-1.31E-012	0	0.00E+000
3	98.79381976	-1.53E-012	-2.28E-012	-1	0.00E+000
3	98.79821322	-2.10E-012	-1.28E-012	0	0.00E+000
3	98.80043071	-1.32E-012	-2.15E-012	-1	0.00E+000
3	98.80145800	-2.15E-012	-1.30E-012	0	0.00E+000
3	98.80341096	-1.30E-012	-1.85E-012	-1	0.00E+000
3	98.80370898	-1.85E-012	-1.35E-012	0	0.00E+000
3	98.88846980	-1.24E-012	-2.22E-012	-1	0.00E+000
3	98.88986272	-2.22E-012	-1.28E-012	0	0.00E+000
3	98.89007633	-1.28E-012	-2.12E-012	-1	0.00E+000
3	98.89135404	-2.12E-012	-1.22E-012	0	0.00E+000
3	98.89431791	-1.23E-012	-2.02E-012	-1	0.00E+000
3	98.89474182	-2.02E-012	-1.28E-012	0	0.00E+000
3	98.94463674	-1.35E-012	-2.04E-012	-1	0.00E+000
3	98.95645836	-1.97E-012	-1.29E-012	0	0.00E+000
3	98.95752304	-1.29E-012	-2.23E-012	-1	0.00E+000
3	98.96634737	-2.03E-012	-1.34E-012	0	0.00E+000
3	98.96754795	-1.34E-012	-1.99E-012	-1	0.00E+000
3	98.98593561	-1.99E-012	-1.34E-012	0	0.00E+000
3	98.98662127	-1.34E-012	-1.86E-012	-1	0.00E+000
3	98.98843863	-2.07E-012	-2.67E-012	-2	0.00E+000
3	98.98928357	-2.67E-012	-1.89E-012	-1	0.00E+000
3	98.99004918	-1.89E-012	-2.80E-012	-2	0.00E+000
3	98.99055825	-2.80E-012	-2.17E-012	-1	0.00E+000
3	98.99540026	-1.87E-012	-1.28E-012	0	0.00E+000
3	99.00993291	-1.26E-012	-1.85E-012	-1	0.00E+000
3	99.01190738	-1.85E-012	-1.20E-012	0	0.00E+000
3	99.01549423	-1.30E-012	-2.02E-012	-1	0.00E+000
3	99.01703231	-2.02E-012	-1.24E-012	0	0.00E+000
3	99.01884697	-1.24E-012	-2.06E-012	-1	0.00E+000
3	99.02047380	-2.06E-012	-1.31E-012	0	0.00E+000
3	99.06743869	-1.34E-012	-2.01E-012	-1	0.00E+000
3	99.06928973	-2.01E-012	-1.39E-012	0	0.00E+000
3	99.06986505	-1.39E-012	-2.01E-012	-1	0.00E+000
3	99.07068943	-2.01E-012	-1.41E-012	0	0.00E+000
3	99.07211532	-1.41E-012	-2.04E-012	-1	0.00E+000
3	99.07434497	-2.12E-012	-1.38E-012	0	0.00E+000
3	99.07516299	-1.38E-012	-2.12E-012	-1	0.00E+000
3	99.08205461	-2.14E-012	-1.36E-012	0	0.00E+000
3	99.08346101	-1.36E-012	-2.14E-012	-1	0.00E+000
3	99.10011554	-2.14E-012	-3.07E-012	-2	0.00E+000
3	99.10138923	-3.07E-012	-2.30E-012	-1	0.00E+000
3	99.10188523	-2.46E-012	-2.89E-012	-2	0.00E+000
3	99.10224621	-2.89E-012	-2.30E-012	-1	0.00E+000
3	99.10289589	-2.30E-012	-3.06E-012	-2	0.00E+000
3	99.10333219	-2.88E-012	-2.21E-012	-1	0.00E+000
3	99.10377110	-2.21E-012	-3.07E-012	-2	0.00E+000
3	99.10462053	-3.07E-012	-2.14E-012	-1	0.00E+000
3	99.11752836	-2.09E-012	-1.33E-012	0	0.00E+000
3	99.11810482	-1.50E-012	-2.09E-012	-1	0.00E+000
3	99.12685613	-1.99E-012	-2.65E-012	-2	0.00E+000
3	99.12781150	-2.65E-012	-2.00E-012	-1	0.00E+000
3	99.12804750	-2.00E-012	-1.22E-012	0	0.00E+000
3	99.12892680	-1.22E-012	-2.12E-012	-1	0.00E+000
3	99.13440457	-2.05E-012	-1.32E-012	0	0.00E+000
3	99.19607054	-1.30E-012	-2.31E-012	-1	0.00E+000
3	99.19755188	-2.31E-012	-1.27E-012	0	0.00E+000
3	99.19886361	-1.41E-012	-2.19E-012	-1	0.00E+000
3	99.20068425	-2.19E-012	-1.24E-012	0	0.00E+000
3	99.20636574	-1.36E-012	-2.15E-012	-1	0.00E+000
3	99.20765706	-2.15E-012	-1.37E-012	0	0.00E+000
3	99.20969104	-1.37E-012	-1.99E-012	-1	0.00E+000
3	99.21007528	-1.99E-012	-1.27E-012	0	0.00E+000
3	99.21471229	-1.24E-012	-2.17E-012	-1	0.00E+000
3	99.21673009	-2.17E-012	-1.29E-012	0	0.00E+000
3	99.26266916	-1.24E-012	-2.19E-012	-1	0.00E+000
3	99.26644126	-2.29E-012	-1.19E-012	0	0.00E+000
3	99.26768673	-1.19E-012	-2.21E-012	-1	0.00E+000
3	99.27112527	-2.12E-012	-1.15E-012	0	0.00E+000
3	99.36094681	-1.63E-012	-2.51E-012	-1	0.00E+000
3	99.36199797	-2.51E-012	-1.47E-012	0	0.00E+000
3	99.38313383	-1.59E-012	-2.45E-012	-1	0.00E+000
3	99.39047345	-2.14E-012	-1.43E-012	0	0.00E+000
3	99.39754749	-1.43E-012	-2.14E-012	-1	0.00E+000
3	99.39783455	-2.14E-012	-1.31E-012	0	0.00E+000
3	99.49480258	-1.20E-012	-1.87E-012	-1	0.00E+000
3	99.49512199	-1.87E-012	-1.27E-012	0	0.00E+000
3	99.50060068	-1.24E-012	-1.97E-012	-1	0.00E+000
3	99.50116988	-1.97E-012	-1.27E-012	0	0.00E+000
3	99.52911558	-1.48E-012	-2.31E-012	-1	0.00E+000
3	99.53055222	-2.31E-012	-1.43E-012	0	0.00E+000
3	99.63581034	-1.25E-012	-2.02E-012	-1	0.00E+000
3	99.63630761	-2.02E-012	-1.29E-012	0	0.00E+000
3	99.68568051	-1.30E-012	-2.14E-012	-1	0.00E+000
3	99.68621907	-2.14E-012	-1.35E-012	0	0.00E+000
3	99.70742059	-1.31E-012	-1.87E-012	-1	0.00E+000
3	99.70827907	-1.87E-012	-1.31E-012	0	0.00E+000
3	99.72992374	-1.29E-012	-2.11E-012	-1	0.00E+000
3	99.74019750	-2.14E-012	-1.28E-012	0	0.00E+000
3	99.74596019	-1.35E-012	-2.07E-012	-1	0.00E+000
3	99.76024712	-2.03E-012	-3.16E-012	-2	0.00E+000
3	99.77437842	-3.13E-012	-2.23E-012	-1	0.00E+000
3	99.77713934	-2.18E-012	-2.90E-012	-2	0.00E+000
3	99.78098955	-3.00E-012	-1.99E-012	-1	0.00E+000
3	99.78190674	-1.99E-012	-2.93E-012	-2	0.00E+000
3	99.79280287	-2.94E-012	-2.15E-012	-1	0.00E+000
3	99.79528124	-2.21E-012	-2.89E-012	-2	0.00E+000
3	99.79736337	-3.05E-012	-3.89E-012	-3	0.00E+000
3	99.79995261	-3.93E-012	-3.00E-012	-2	0.00E+000
3	99.80227829	-3.04E-012	-2.04E-012	-1	0.00E+000
3	99.80249748	-2.04E-012	-3.05E-012	-2	0.00E+000
3	99.81079662	-2.88E-012	-2.13E-012	-1	0.00E+000
3	99.81238636	-2.13E-012	-1.32E-012	0	0.00E+000
3	99.81321207	-1.32E-012	-2.10E-012	-1	0.00E+000
3	99.81524076	-2.09E-012	-2.81E-012	-2	0.00E+000
3	99.82143599	-2.87E-012	-2.00E-012	-1	0.00E+000
3	99.82161360	-2.00E-012	-2.97E-012	-2	0.00E+000
3	99.82443903	-3.00E-012	-1.98E-012	-1	0.00E+000
3	99.82711458	-1.98E-012	-2.76E-012	-2	0.00E+000
3	99.82870128	-2.76E-012	-1.96E-012	-1	0.00E+000
3	99.82996596	-1.96E-012	-3.06E-012	-2	0.00E+000
3	99.83087831	-3.06E-012	-1.61E-012	-1	0.00E+000
3	99.83172984	-1.61E-012	-2.64E-012	-2	0.00E+000
3	99.83276208	-2.64E-012	-1.72E-012	-1	0.00E+000
3	99.83359016	-1.72E-012	-2.93E-012	-2	0.00E+000
3	99.83849943	-2.91E-012	-1.99E-012	-1	0.00E+000
3	99.83964695	-1.99E-012	-1.27E-012	0	0.00E+000
3	99.88174473	-1.25E-012	-2.32E-012	-1	0.00E+000
3	99.88476452	-2.22E-012	-1.25E-012	0	0.00E+000
3	99.88718525	-1.25E-012	-2.23E-012	-1	0.00E+000
3	99.90242238	-2.08E-012	-1.31E-012	0	0.00E+000
3	99.90291214	-1.31E-012	-2.19E-012	-1	0.00E+000
3	99.91467368	-2.43E-012	-1.25E-012	0	0.00E+000
3	99.91750420	-1.29E-012	-2.41E-012	-1	0.00E+000
3	99.92952917	-2.20E-012	-1.24E-012	0	0.00E+000
3	99.93005050	-1.24E-012	-2.13E-012	-1	0.00E+000
3	99.93138448	-2.13E-012	-1.29E-012	0	0.00E+000
3	99.93191683	-1.29E-012	-2.36E-012	-1	0.00E+000
3	99.93734595	-2.17E-012	-3.18E-012	-2	0.00E+000
3	99.94035380	-3.03E-012	-2.10E-012	-1	0.00E+000
3	99.94097726	-2.10E-012	-3.00E-012	-2	0.00E+000
3	99.95330809	-2.89E-012	-2.12E-012	-1	0.00E+000
3	99.95500460	-2.12E-012	-3.16E-012	-2	0.00E+000
3	99.95690504	-3.16E-012	-2.11E-012	-1	0.00E+000
3	99.95837854	-2.11E-012	-2.91E-012	-2	0.00E+000
3	99.95926545	-2.91E-012	-2.35E-012	-1	0.00E+000
3	99.96084747	-2.13E-012	-2.94E-012	-2	0.00E+000
3	99.96183262	-2.94E-012	-1.89E-012	-1	0.00E+000
3	99.96384201	-2.02E-012	-2.87E-012	-2	0.00E+000
3	99.97392239	-2.79E-012	-1.97E-012	-1	0.00E+000
3	99.97790014	-1.98E-012	-2.86E-012	-2	0.00E+000
3	99.97890906	-2.86E-012	-2.14E-012	-1	0.00E+000
3	99.98008000	-2.14E-012	-2.82E-012	-2	0.00E+000
3	99.98482486	-2.98E-012	-2.04E-012	-1	0.00E+000
3	100.00943172	-1.99E-012	-1.33E-012	0	0.00E+000
3	100.00983191	-1.33E-012	-1.94E-012	-1	0.00E+000
3	100.01034270	-1.94E-012	-1.25E-012	0	0.00E+000
3	100.01332475	-1.26E-012	-2.14E-012	-1	0.00E+000
3	100.01544159	-2.12E-012	-1.35E-012	0	0.00E+000
3	100.05600857	-1.26E-012	-2.09E-012	-1	0.00E+000
3	100.06052448	-2.03E-012	-1.30E-012	0	0.00E+000
3	100.06568463	-1.32E-012	-2.06E-012	-1	0.00E+000
3	100.06680945	-2.06E-012	-1.32E-012	0	0.00E+000
3	100.08077989	-1.37E-012	-2.30E-012	-1	0.00E+000
3	100.08522208	-2.26E-012	-1.31E-012	0	0.00E+000
3	100.08624059	-1.31E-012	-2.30E-012	-1	0.00E+000
3	100.08833196	-2.17E-012	-1.32E-012	0	0.00E+000
3	100.10770863	-1.31E-012	-2.10E-012	-1	0.00E+000
3	100.11081749	-2.29E-012	-1.30E-012	0	0.00E+000
3	100.13371979	-1.32E-012	-2.06E-012	-1	0.00E+000
3	100.13451730	-2.06E-012	-1.38E-012	0	0.00E+000
3	100.13571529	-1.38E-012	-2.31E-012	-1	0.00E+000
3	100.13648233	-2.31E-012	-1.31E-012	0	0.00E+000
3	100.13955390	-1.24E-012	-2.24E-012	-1	0.00E+000
3	100.14048310	-2.24E-012	-1.31E-012	0	0.00E+000
3	100.20358963	-1.28E-012	-2.16E-012	-1	0.00E+000
3	100.20479799	-2.16E-012	-1.37E-012	0	0.00E+000
3	100.20670869	-1.33E-012	-1.98E-012	-1	0.00E+000
3	100.21335241	-2.04E-012	-1.28E-012	0	0.00E+000
3	100.21574751	-1.30E-012	-2.02E-012	-1	0.00E+000
3	100.21628712	-2.02E-012	-1.28E-012	0	0.00E+000
3	100.21864683	-1.35E-012	-1.82E-012	-1	0.00E+000
3	100.21904611	-1.82E-012	-1.33E-012	0	0.00E+000
3	100.23693896	-1.28E-012	-1.99E-012	-1	0.00E+000
3	100.23888305	-1.94E-012	-3.04E-012	-2	0.00E+000
3	100.24098719	-3.01E-012	-1.97E-012	-1	0.00E+000
3	100.25764882	-2.11E-012	-1.40E-012	0	0.00E+000
3	100.25857890	-1.40E-012	-1.95E-012	-1	0.00E+000
3	100.25914060	-1.95E-012	-1.34E-012	0	0.00E+000
3	100.26050934	-1.34E-012	-2.10E-012	-1	0.00E+000
3	100.27558465	-1.99E-012	-1.32E-012	0	0.00E+000
3	100.27683018	-1.32E-012	-2.09E-012	-1	0.00E+000
3	100.29846950	-1.78E-012	-2.68E-012	-2	0.00E+000
3	100.29879731	-2.68E-012	-2.04E-012	-1	0.00E+000
3	100.30160767	-2.11E-012	-1.28E-012	0	0.00E+000
3	100.30254343	-1.28E-012	-2.10E-012	-1	0.00E+000
3	100.30454419	-2.10E-012	-2.57E-012	-2	0.00E+000
3	100.30485599	-2.57E-012	-1.99E-012	-1	0.00E+000
3	100.30772346	-2.02E-012	-2.70E-012	-2	0.00E+000
3	100.30830426	-2.70E-012	-1.95E-012	-1	0.00E+000
3	100.31053875	-1.88E-012	-2.92E-012	-2	0.00E+000
3	100.31941202	-2.89E-012	-2.10E-012	-1	0.00E+000
3	100.32012728	-2.10E-012	-2.94E-012	-2	0.00E+000
3	100.33143863	-3.08E-012	-1.99E-012	-1	0.00E+000
3	100.33432505	-2.00E-012	-2.84E-012	-2	0.00E+000
3	100.34519747	-2.84E-012	-2.14E-012	-1	0.00E+000
3	100.34883646	-1.92E-012	-2.77E-012	-2	0.00E+000
3	100.35941098	-2.82E-012	-2.02E-012	-1	0.00E+000
3	100.36285549	-1.96E-012	-3.01E-012	-2	0.00E+000
3	100.37955415	-2.94E-012	-2.04E-012	-1	0.00E+000
3	100.37989118	-2.04E-012	-3.11E-012	-2	0.00E+000
3	100.38417891	-3.08E-012	-2.29E-012	-1	0.00E+000
3	100.38457187	-2.29E-012	-3.02E-012	-2	0.00E+000
3	100.38552282	-3.02E-012	-2.24E-012	-1	0.00E+000
3	100.38574746	-2.24E-012	-1.25E-012	0	0.00E+000
3	100.38680380	-1.25E-012	-2.05E-012	-1	0.00E+000
3	100.38704746	-2.05E-012	-2.79E-012	-2	0.00E+000
3	100.39278418	-3.11E-012	-2.04E-012	-1	0.00E+000
3	100.39627743	-2.06E-012	-2.98E-012	-2	0.00E+000
3	100.40320374	-2.79E-012	-2.12E-012	-1	0.00E+000
3	100.40539927	-2.16E-012	-2.98E-012	-2	0.00E+000
3	100.40750917	-3.11E-012	-1.95E-012	-1	0.00E+000
3	100.41218023	-1.94E-012	-2.90E-012	-2	0.00E+000
3	100.42244959	-3.01E-012	-2.15E-012	-1	0.00E+000
3	100.42354400	-2.15E-012	-3.05E-012	-2	0.00E+000
3	100.42438414	-3.05E-012	-3.88E-012	-3	0.00E+000
3	100.42631275	-3.88E-012	-2.92E-012	-2	0.00E+000
3	100.43276213	-2.92E-012	-3.63E-012	-3	0.00E+000
3	100.43304929	-3.63E-012	-2.95E-012	-2	0.00E+000
3	100.43329746	-2.95E-012	-2.12E-012	-1	0.00E+000
3	100.43367087	-2.12E-012	-2.95E-012	-2	0.00E+000
3	100.43514790	-2.95E-012	-1.83E-012	-1	0.00E+000
3	100.43900511	-2.04E-012	-3.05E-012	-2	0.00E+000
3	100.44179143	-2.94E-012	-1.99E-012	-1	0.00E+000
3	100.45472630	-2.09E-012	-2.86E-012	-2	0.00E+000
3	100.47020002	-2.86E-012	-2.17E-012	-1	0.00E+000
3	100.47088702	-2.17E-012	-3.04E-012	-2	0.00E+000
3	100.47515833	-2.78E-012	-2.05E-012	-1	0.00E+000
3	100.47554533	-2.05E-012	-2.97E-012	-2	0.00E+000
3	100.48164720	-2.88E-012	-2.02E-012	-1	0.00E+000
3	100.48311200	-2.02E-012	-2.82E-012	-2	0.00E+000
3	100.48976392	-2.79E-012	-1.98E-012	-1	0.00E+000
3	100.50504103	-1.93E-012	-1.37E-012	0	0.00E+000
3	100.50582342	-1.37E-012	-2.02E-012	-1	0.00E+000
3	100.51270086	-2.07E-012	-2.83E-012	-2	0.00E+000
3	100.51314975	-2.83E-012	-2.07E-012	-1	0.00E+000
3	100.51400495	-2.07E-012	-1.48E-012	0	0.00E+000
3	100.51454860	-1.48E-012	-2.13E-012	-1	0.00E+000
3	100.51491380	-2.13E-012	-1.47E-012	0	0.00E+000
3	100.51527796	-1.47E-012	-2.11E-012	-1	0.00E+000
3	100.53831268	-2.11E-012	-2.96E-012	-2	0.00E+000
3	100.54352546	-2.96E-012	-2.06E-012	-1	0.00E+000
3	100.54374746	-2.06E-012	-2.97E-012	-2	0.00E+000
3	100.54500760	-2.97E-012	-2.25E-012	-1	0.00E+000
3	100.54542399	-2.25E-012	-3.05E-012	-2	0.00E+000
3	100.55093595	-3.03E-012	-2.06E-012	-1	0.00E+000
3	100.55425729	-2.08E-012	-2.75E-012	-2	0.00E+000
3	100.55580419	-2.75E-012	-2.19E-012	-1	0.00E+000
3	100.56295344	-2.12E-012	-2.82E-012	-2	0.00E+000
3	100.56538250	-2.82E-012	-2.13E-012	-1	0.00E+000
3	100.56755173	-2.28E-012	-1.29E-012	0	0.00E+000
3	100.56815867	-1.29E-012	-2.23E-012	-1	0.00E+000
3	100.57399696	-2.17E-012	-1.31E-012	0	0.00E+000
3	100.57419746	-1.31E-012	-2.19E-012	-1	0.00E+000
3	100.59113910	-2.21E-012	-1.26E-012	0	0.00E+000
3	100.59134746	-1.26E-012	-2.14E-012	-1	0.00E+000
3	100.59422546	-2.23E-012	-2.89E-012	-2	0.00E+000
3	100.59473825	-2.89E-012	-2.08E-012	-1	0.00E+000
3	100.59494746	-2.08E-012	-1.32E-012	0	0.00E+000
3	100.59604561	-1.32E-012	-2.27E-012	-1	0.00E+000
3	100.60005111	-2.31E-012	-3.32E-012	-2	0.00E+000
3	100.60099250	-3.32E-012	-2.35E-012	-1	0.00E+000
3	100.60129065	-2.35E-012	-3.04E-012	-2	0.00E+000
3	100.60182969	-3.04E-012	-2.30E-012	-1	0.00E+000
3	100.60924176	-2.06E-012	-2.75E-012	-2	0.00E+000
3	100.61663256	-2.82E-012	-2.07E-012	-1	0.00E+000
3	100.61679837	-2.07E-012	-1.25E-012	0	0.00E+000
3	100.62043538	-1.22E-012	-2.13E-012	-1	0.00E+000
3	100.62345765	-2.16E-012	-1.34E-012	0	0.00E+000
3	100.62511332	-1.34E-012	-2.19E-012	-1	0.00E+000
3	100.63119746	-2.19E-012	-1.44E-012	0	0.00E+000
3	100.63184964	-1.44E-012	-2.22E-012	-1	0.00E+000
3	100.64287691	-2.30E-012	-1.31E-012	0	0.00E+000
3	100.64325810	-1.31E-012	-2.37E-012	-1	0.00E+000
3	100.65018185	-2.31E-012	-1.25E-012	0	0.00E+000
3	100.65076351	-1.25E-012	-2.21E-012	-1	0.00E+000
3	100.65396309	-2.17E-012	-1.33E-012	0	0.00E+000
3	100.65544827	-1.33E-012	-2.22E-012	-1	0.00E+000
3	100.66127573	-2.27E-012	-1.33E-012	0	0.00E+000
3	100.66149746	-1.33E-012	-2.20E-012	-1	0.00E+000
3	100.66940531	-2.23E-012	-1.23E-012	0	0.00E+000
3	100.67299410	-1.26E-012	-2.26E-012	-1	0.00E+000
3	100.68234760	-2.16E-012	-1.25E-012	0	0.00E+000
3	100.68619278	-1.31E-012	-1.90E-012	-1	0.00E+000
3	100.68735229	-1.90E-012	-1.30E-012	0	0.00E+000
3	100.70242208	-1.27E-012	-2.01E-012	-1	0.00E+000
3	100.70288280	-1.89E-012	-1.33E-012	0	0.00E+000
3	100.70328865	-1.33E-012	-2.01E-012	-1	0.00E+000
3	100.70443129	-2.01E-012	-1.31E-012	0	0.00E+000
3	100.70576714	-1.31E-012	-2.05E-012	-1	0.00E+000
3	100.70768105	-2.06E-012	-1.23E-012	0	0.00E+000
3	100.70975432	-1.35E-012	-2.02E-012	-1	0.00E+000
3	100.71058341	-2.02E-012	-1.33E-012	0	0.00E+000
3	100.71189954	-1.33E-012	-2.03E-012	-1	0.00E+000
3	100.72021055	-1.97E-012	-2.98E-012	-2	0.00E+000
3	100.72769846	-2.99E-012	-2.02E-012	-1	0.00E+000
3	100.73211793	-2.28E-012	-1.29E-012	0	0.00E+000
3	100.73368095	-1.29E-012	-2.18E-012	-1	0.00E+000
3	100.74598263	-1.98E-012	-1.32E-012	0	0.00E+000
3	100.74619745	-1.32E-012	-1.90E-012	-1	0.00E+000
3	100.75063884	-2.03E-012	-2.93E-012	-2	0.00E+000
3	100.75120368	-2.93E-012	-2.13E-012	-1	0.00E+000
3	100.75686317	-1.88E-012	-1.26E-012	0	0.00E+000
3	100.76195047	-1.33E-012	-2.08E-012	-1	0.00E+000
3	100.76563616	-2.08E-012	-2.89E-012	-2	0.00E+000
3	100.76621732	-2.89E-012	-1.96E-012	-1	0.00E+000
3	100.77278276	-1.89E-012	-2.66E-012	-2	0.00E+000
3	100.77319118	-2.66E-012	-2.09E-012	-1	0.00E+000
3	100.77788735	-2.01E-012	-1.36E-012	0	0.00E+000
3	100.78598427	-1.35E-012	-2.26E-012	-1	0.00E+000
3	100.78644468	-2.24E-012	-2.77E-012	-2	0.00E+000
3	100.78670834	-2.77E-012	-2.26E-012	-1	0.00E+000
3	100.78752313	-2.26E-012	-1.34E-012	0	0.00E+000
3	100.79081923	-1.32E-012	-2.34E-012	-1	0.00E+000
3	100.79176444	-2.34E-012	-3.09E-012	-2	0.00E+000
3	100.79225779	-3.09E-012	-2.30E-012	-1	0.00E+000
3	100.79337576	-2.30E-012	-2.90E-012	-2	0.00E+000
3	100.79592051	-2.92E-012	-2.13E-012	-1	0.00E+000
3	100.79973978	-2.21E-012	-2.93E-012	-2	0.00E+000
3	100.80026632	-2.93E-012	-2.24E-012	-1	0.00E+000
3	100.81073912	-2.06E-012	-1.33E-012	0	0.00E+000
3	100.81216787	-1.33E-012	-2.30E-012	-1	0.00E+000
3	100.81753499	-2.16E-012	-1.49E-012	0	0.00E+000
3	100.81796195	-1.49E-012	-2.16E-012	-1	0.00E+000
3	100.82146820	-2.15E-012	-1.31E-012	0	0.00E+000
3	100.82199307	-1.31E-012	-2.19E-012	-1	0.00E+000
3	100.82629628	-2.18E-012	-3.16E-012	-2	0.00E+000
3	100.82729808	-3.16E-012	-2.28E-012	-1	0.00E+000
3	100.82892576	-2.28E-012	-1.32E-012	0	0.00E+000
3	100.82924226	-1.32E-012	-2.20E-012	-1	0.00E+000
3	100.83213314	-2.15E-012	-3.04E-012	-2	0.00E+000
3	100.83333907	-2.93E-012	-2.09E-012	-1	0.00E+000
3	100.83623885	-2.33E-012	-1.29E-012	0	0.00E+000
3	100.83655014	-1.29E-012	-2.08E-012	-1	0.00E+000
3	100.83769964	-2.08E-012	-2.95E-012	-2	0.00E+000
3	100.83824279	-2.95E-012	-2.17E-012	-1	0.00E+000
3	100.83997905	-2.17E-012	-2.69E-012	-2	0.00E+000
3	100.84030649	-2.69E-012	-2.29E-012	-1	0.00E+000
3	100.84690658	-2.29E-012	-1.32E-012	0	0.00E+000
3	100.84782793	-1.57E-012	-2.17E-012	-1	0.00E+000
3	100.84804745	-2.17E-012	-2.93E-012	-2	0.00E+000
3	100.84853012	-2.93E-012	-2.37E-012	-1	0.00E+000
3	100.84936737	-2.37E-012	-3.03E-012	-2	0.00E+000
3	100.85018970	-3.03E-012	-2.21E-012	-1	0.00E+000
3	100.85259903	-2.21E-012	-2.82E-012	-2	0.00E+000
3	100.85325028	-2.82E-012	-2.15E-012	-1	0.00E+000
3	100.85349745	-2.15E-012	-2.79E-012	-2	0.00E+000
3	100.85517420	-2.79E-012	-2.15E-012	-1	0.00E+000
3	100.85539745	-2.15E-012	-1.25E-012	0	0.00E+000
3	100.85712271	-1.25E-012	-2.12E-012	-1	0.00E+000
3	100.85807420	-2.12E-012	-1.24E-012	0	0.00E+000
3	100.86008092	-1.20E-012	-2.19E-012	-1	0.00E+000
3	100.86144682	-2.19E-012	-1.30E-012	0	0.00E+000
3	100.86167098	-1.30E-012	-2.09E-012	-1	0.00E+000
3	100.86707777	-2.03E-012	-2.66E-012	-2	0.00E+000
3	100.86758399	-2.66E-012	-2.01E-012	-1	0.00E+000
3	100.86939128	-2.02E-012	-2.87E-012	-2	0.00E+000
3	100.87620970	-2.95E-012	-3.80E-012	-3	0.00E+000
3	100.87710279	-3.80E-012	-2.85E-012	-2	0.00E+000
3	100.87734745	-2.85E-012	-3.66E-012	-3	0.00E+000
3	100.87769158	-3.66E-012	-2.84E-012	-2	0.00E+000
3	100.87790475	-2.84E-012	-3.66E-012	-3	0.00E+000
3	100.87995874	-3.78E-012	-2.92E-012	-2	0.00E+000
3	100.88670164	-2.70E-012	-1.98E-012	-1	0.00E+000
3	100.88703696	-1.98E-012	-2.79E-012	-2	0.00E+000
3	100.88724745	-2.79E-012	-1.95E-012	-1	0.00E+000
3	100.88790699	-1.95E-012	-2.92E-012	-2	0.00E+000
3	100.88877675	-2.92E-012	-3.93E-012	-3	0.00E+000
3	100.89070439	-3.93E-012	-2.75E-012	-2	0.00E+000
3	100.90295921	-2.86E-012	-2.02E-012	-1	0.00E+000
3	100.90685159	-2.09E-012	-3.05E-012	-2	0.00E+000
3	100.91053890	-3.00E-012	-2.27E-012	-1	0.00E+000
3	100.91090020	-2.27E-012	-2.91E-012	-2	0.00E+000
3	100.91218834	-2.91E-012	-2.06E-012	-1	0.00E+000
3	100.91269635	-1.97E-012	-1.25E-012	0	0.00E+000
3	100.91315788	-1.25E-012	-1.99E-012	-1	0.00E+000
3	100.91341349	-1.99E-012	-3.02E-012	-2	0.00E+000
3	100.92235323	-3.02E-012	-2.26E-012	-1	0.00E+000
3	100.92285606	-2.26E-012	-3.13E-012	-2	0.00E+000
3	100.93008440	-2.82E-012	-2.32E-012	-1	0.00E+000
3	100.93222840	-2.21E-012	-3.05E-012	-2	0.00E+000
3	100.93561869	-3.00E-012	-2.11E-012	-1	0.00E+000
3	100.93659430	-2.11E-012	-3.01E-012	-2	0.00E+000
3	100.94699403	-2.91E-012	-2.08E-012	-1	0.00E+000
3	100.96136776	-2.01E-012	-1.29E-012	0	0.00E+000
3	100.96249755	-1.29E-012	-2.16E-012	-1	0.00E+000
3	100.96303777	-2.16E-012	-1.34E-012	0	0.00E+000
3	100.96359172	-1.34E-012	-2.12E-012	-1	0.00E+000
3	100.96574558	-2.23E-012	-1.32E-012	0	0.00E+000
3	100.96669034	-1.32E-012	-2.28E-012	-1	0.00E+000
3	100.96815404	-2.28E-012	-2.96E-012	-2	0.00E+000
3	100.97029873	-2.90E-012	-2.18E-012	-1	0.00E+000
3	100.97146454	-2.18E-012	-2.97E-012	-2	0.00E+000
3	100.97256765	-2.97E-012	-2.30E-012	-1	0.00E+000
3	100.97382108	-2.30E-012	-2.92E-012	-2	0.00E+000
3	100.97719771	-2.85E-012	-1.98E-012	-1	0.00E+000
3	100.97744745	-1.98E-012	-1.20E-012	0	0.00E+000
3	100.97818617	-1.20E-012	-2.02E-012	-1	0.00E+000
3	100.98037368	-2.02E-012	-1.30E-012	0	0.00E+000
3	100.98142741	-1.25E-012	-2.13E-012	-1	0.00E+000
3	101.01214103	-2.13E-012	-2.95E-012	-2	0.00E+000
3	101.01392425	-2.95E-012	-1.99E-012	-1	0.00E+000
3	101.01414745	-1.99E-012	-1.31E-012	0	0.00E+000
3	101.01553203	-1.31E-012	-2.15E-012	-1	0.00E+000
3	101.02230600	-2.05E-012	-1.29E-012	0	0.00E+000
3	101.02260588	-1.29E-012	-1.92E-012	-1	0.00E+000
3	101.03427778	-2.10E-012	-1.28E-012	0	0.00E+000
3	101.03449745	-1.28E-012	-2.07E-012	-1	0.00E+000
3	101.04154399	-2.04E-012	-2.69E-012	-2	0.00E+000
3	101.04243250	-2.69E-012	-2.03E-012	-1	0.00E+000
3	101.06151314	-2.03E-012	-1.18E-012	0	0.00E+000
3	101.06233817	-1.18E-012	-1.93E-012	-1	0.00E+000
3	101.06837698	-1.97E-012	-1.34E-012	0	0.00E+000
3	101.07067256	-1.33E-012	-2.07E-012	-1	0.00E+000
3	101.07171132	-2.07E-012	-1.41E-012	0	0.00E+000
3	101.07339954	-1.25E-012	-2.00E-012	-1	0.00E+000
3	101.07583848	-1.98E-012	-2.91E-012	-2	0.00E+000
3	101.07653918	-2.91E-012	-1.86E-012	-1	0.00E+000
3	101.07921728	-1.96E-012	-1.25E-012	0	0.00E+000
3	101.08075945	-1.25E-012	-2.01E-012	-1	0.00E+000
3	101.08120976	-2.01E-012	-1.28E-012	0	0.00E+000
3	101.08181793	-1.30E-012	-2.07E-012	-1	0.00E+000
3	101.08204745	-2.07E-012	-2.96E-012	-2	0.00E+000
3	101.08345061	-2.96E-012	-2.15E-012	-1	0.00E+000
3	101.08520335	-2.15E-012	-3.15E-012	-2	0.00E+000
3	101.08604920	-3.15E-012	-1.99E-012	-1	0.00E+000
3	101.09247695	-2.05E-012	-1.36E-012	0	0.00E+000
3	101.09599259	-1.34E-012	-2.21E-012	-1	0.00E+000
3	101.09758178	-2.21E-012	-2.90E-012	-2	0.00E+000
3	101.10179504	-2.78E-012	-2.31E-012	-1	0.00E+000
3	101.10450327	-2.26E-012	-3.07E-012	-2	0.00E+000
3	101.10668699	-2.93E-012	-2.08E-012	-1	0.00E+000
3	101.10741491	-2.08E-012	-2.80E-012	-2	0.00E+000
3	101.10848840	-2.80E-012	-2.08E-012	-1	0.00E+000
3	101.11400886	-2.10E-012	-2.97E-012	-2	0.00E+000
3	101.11459646	-2.97E-012	-1.98E-012	-1	0.00E+000
3	101.11574129	-1.98E-012	-2.80E-012	-2	0.00E+000
3	101.11740955	-2.80E-012	-2.06E-012	-1	0.00E+000
3	101.12021628	-1.93E-012	-1.30E-012	0	0.00E+000
3	101.12040134	-1.30E-012	-2.12E-012	-1	0.00E+000
3	101.14146518	-2.13E-012	-2.91E-012	-2	0.00E+000
3	101.14229159	-2.91E-012	-2.11E-012	-1	0.00E+000
3	101.14941334	-2.08E-012	-2.99E-012	-2	0.00E+000
3	101.15270309	-2.86E-012	-1.99E-012	-1	0.00E+000
3	101.15547102	-2.10E-012	-2.86E-012	-2	0.00E+000
3	101.15939744	-2.86E-012	-1.88E-012	-1	0.00E+000
3	101.15979701	-1.88E-012	-3.08E-012	-2	0.00E+000
3	101.16829551	-2.98E-012	-2.20E-012	-1	0.00E+000
3	101.16851269	-2.20E-012	-2.95E-012	-2	0.00E+000
3	101.17304564	-3.01E-012	-2.24E-012	-1	0.00E+000
3	101.17517581	-2.24E-012	-3.17E-012	-2	0.00E+000
3	101.17580392	-3.17E-012	-2.25E-012	-1	0.00E+000
3	101.17681227	-2.25E-012	-2.96E-012	-2	0.00E+000
3	101.17738022	-2.96E-012	-2.18E-012	-1	0.00E+000
3	101.18496022	-2.31E-012	-3.12E-012	-2	0.00E+000
3	101.19031101	-3.08E-012	-2.20E-012	-1	0.00E+000
3	101.19342332	-2.20E-012	-1.34E-012	0	0.00E+000
3	101.19464554	-1.34E-012	-2.18E-012	-1	0.00E+000
3	101.19873029	-2.18E-012	-1.28E-012	0	0.00E+000
3	101.19953471	-1.36E-012	-2.03E-012	-1	0.00E+000
3	101.20086930	-2.03E-012	-1.32E-012	0	0.00E+000
3	101.20263099	-1.37E-012	-2.37E-012	-1	0.00E+000
3	101.20313473	-2.37E-012	-1.36E-012	0	0.00E+000
3	101.21443361	-1.36E-012	-2.11E-012	-1	0.00E+000
3	101.21484901	-2.11E-012	-1.28E-012	0	0.00E+000
3	101.23340353	-1.27E-012	-1.93E-012	-1	0.00E+000
3	101.23429393	-1.93E-012	-1.39E-012	0	0.00E+000
3	101.23467434	-1.39E-012	-1.86E-012	-1	0.00E+000
3	101.23592982	-1.86E-012	-1.26E-012	0	0.00E+000
3	101.23756346	-1.26E-012	-1.91E-012	-1	0.00E+000
3	101.23779744	-1.91E-012	-2.78E-012	-2	0.00E+000
3	101.23816998	-2.78E-012	-1.87E-012	-1	0.00E+000
3	101.25433246	-2.08E-012	-3.03E-012	-2	0.00E+000
3	101.27069690	-2.93E-012	-2.16E-012	-1	0.00E+000
3	101.27215751	-2.16E-012	-3.06E-012	-2	0.00E+000
3	101.27359113	-3.06E-012	-2.06E-012	-1	0.00E+000
3	101.27518476	-2.06E-012	-2.91E-012	-2	0.00E+000
3	101.27610842	-2.91E-012	-2.14E-012	-1	0.00E+000
3	101.27663041	-2.14E-012	-3.05E-012	-2	0.00E+000
3	101.28159227	-2.83E-012	-2.04E-012	-1	0.00E+000
3	101.28196086	-2.04E-012	-3.03E-012	-2	0.00E+000
3	101.28745337	-3.09E-012	-3.94E-012	-3	0.00E+000
3	101.28899344	-3.94E-012	-3.08E-012	-2	0.00E+000
3	101.28972235	-3.08E-012	-1.81E-012	-1	0.00E+000
3	101.29037421	-1.81E-012	-3.07E-012	-2	0.00E+000
3	101.30280851	-2.93E-012	-3.82E-012	-3	0.00E+000
3	101.30310516	-3.82E-012	-2.87E-012	-2	0.00E+000
3	101.30816427	-3.13E-012	-4.16E-012	-3	0.00E+000
3	101.30981990	-4.16E-012	-2.99E-012	-2	0.00E+000
3	101.31002970	-2.99E-012	-2.15E-012	-1	0.00E+000
3	101.31438284	-2.15E-012	-2.94E-012	-2	0.00E+000
3	101.31991975	-3.01E-012	-2.09E-012	-1	0.00E+000
3	101.32038920	-2.09E-012	-3.08E-012	-2	0.00E+000
3	101.32263591	-2.98E-012	-2.11E-012	-1	0.00E+000
3	101.32315175	-2.34E-012	-2.90E-012	-2	0.00E+000
3	101.32432788	-2.77E-012	-2.09E-012	-1	0.00E+000
3	101.32572176	-2.09E-012	-2.99E-012	-2	0.00E+000
3	101.32917292	-3.06E-012	-2.04E-012	-1	0.00E+000
3	101.32939744	-2.04E-012	-1.29E-012	0	0.00E+000
3	101.33007746	-1.34E-012	-2.07E-012	-1	0.00E+000
3	101.33899853	-2.21E-012	-1.28E-012	0	0.00E+000
3	101.34291743	-1.42E-012	-2.06E-012	-1	0.00E+000
3	101.34557768	-2.13E-012	-3.08E-012	-2	0.00E+000
3	101.34855903	-2.84E-012	-2.12E-012	-1	0.00E+000
3	101.34947608	-2.12E-012	-1.28E-012	0	0.00E+000
3	101.35113576	-1.28E-012	-2.15E-012	-1	0.00E+000
3	101.35129988	-2.15E-012	-3.18E-012	-2	0.00E+000
3	101.35209148	-3.18E-012	-2.12E-012	-1	0.00E+000
3	101.35305449	-2.12E-012	-2.86E-012	-2	0.00E+000
3	101.35387892	-2.86E-012	-2.02E-012	-1	0.00E+000
3	101.35409744	-2.02E-012	-1.33E-012	0	0.00E+000
3	101.35539109	-1.33E-012	-2.14E-012	-1	0.00E+000
3	101.36933180	-1.99E-012	-3.13E-012	-2	0.00E+000
3	101.37122244	-2.88E-012	-2.20E-012	-1	0.00E+000
3	101.37144744	-2.20E-012	-1.29E-012	0	0.00E+000
3	101.37167949	-1.29E-012	-2.14E-012	-1	0.00E+000
3	101.40009744	-1.95E-012	-2.81E-012	-2	0.00E+000
3	101.40418279	-2.79E-012	-1.95E-012	-1	0.00E+000
3	101.40747088	-2.07E-012	-3.02E-012	-2	0.00E+000
3	101.41172029	-2.72E-012	-2.03E-012	-1	0.00E+000
3	101.41228499	-2.03E-012	-2.80E-012	-2	0.00E+000
3	101.41272242	-2.60E-012	-2.09E-012	-1	0.00E+000
3	101.41295675	-2.09E-012	-2.95E-012	-2	0.00E+000
3	101.41512057	-2.95E-012	-2.13E-012	-1	0.00E+000
3	101.41639851	-2.13E-012	-1.39E-012	0	0.00E+000
3	101.41766082	-1.39E-012	-2.09E-012	-1	0.00E+000
3	101.41789744	-2.09E-012	-3.02E-012	-2	0.00E+000
3	101.42837293	-3.07E-012	-2.26E-012	-1	0.00E+000
3	101.42893344	-2.09E-012	-1.33E-012	0	0.00E+000
3	101.42916797	-1.33E-012	-2.42E-012	-1	0.00E+000
3	101.43664203	-2.20E-012	-2.99E-012	-2	0.00E+000
3	101.43689760	-2.99E-012	-2.01E-012	-1	0.00E+000
3	101.43832400	-2.01E-012	-2.94E-012	-2	0.00E+000
3	101.43898971	-2.94E-012	-2.24E-012	-1	0.00E+000
3	101.44162418	-2.24E-012	-2.98E-012	-2	0.00E+000
3	101.45596020	-2.92E-012	-2.01E-012	-1	0.00E+000
3	101.45739525	-2.01E-012	-1.23E-012	0	0.00E+000
3	101.45756893	-1.23E-012	-2.01E-012	-1	0.00E+000
3	101.45999671	-1.91E-012	-3.12E-012	-2	0.00E+000
3	101.46859713	-2.87E-012	-1.93E-012	-1	0.00E+000
3	101.46899476	-1.93E-012	-3.07E-012	-2	0.00E+000
3	101.47089645	-3.07E-012	-1.96E-012	-1	0.00E+000
3	101.47186644	-1.96E-012	-2.83E-012	-2	0.00E+000
3	101.49234744	-2.83E-012	-2.02E-012	-1	0.00E+000
3	101.49263028	-2.02E-012	-2.90E-012	-2	0.00E+000
3	101.50181862	-2.90E-012	-1.96E-012	-1	0.00E+000
3	101.50692061	-1.94E-012	-2.80E-012	-2	0.00E+000
3	101.50722675	-2.80E-012	-2.13E-012	-1	0.00E+000
3	101.50767657	-2.13E-012	-2.74E-012	-2	0.00E+000
3	101.50870402	-2.74E-012	-1.98E-012	-1	0.00E+000
3	101.51008519	-1.98E-012	-2.77E-012	-2	0.00E+000
3	101.51067404	-2.77E-012	-2.01E-012	-1	0.00E+000
3	101.51149854	-2.01E-012	-2.90E-012	-2	0.00E+000
3	101.51357561	-3.01E-012	-2.25E-012	-1	0.00E+000
3	101.51651059	-2.01E-012	-3.09E-012	-2	0.00E+000
3	101.51827406	-3.09E-012	-2.20E-012	-1	0.00E+000
3	101.52028742	-2.08E-012	-2.80E-012	-2	0.00E+000
3	101.52341026	-2.96E-012	-2.05E-012	-1	0.00E+000
3	101.52482637	-2.05E-012	-1.31E-012	0	0.00E+000
3	101.52530514	-1.31E-012	-2.04E-012	-1	0.00E+000
3	101.52796548	-2.03E-012	-1.20E-012	0	0.00E+000
3	101.52821760	-1.20E-012	-2.05E-012	-1	0.00E+000
3	101.54412635	-2.11E-012	-1.27E-012	0	0.00E+000
3	101.54464317	-1.27E-012	-2.27E-012	-1	0.00E+000
3	101.56361856	-2.16E-012	-3.09E-012	-2	0.00E+000
3	101.56448550	-3.09E-012	-2.01E-012	-1	0.00E+000
3	101.56700860	-2.14E-012	-1.32E-012	0	0.00E+000
3	101.56738822	-1.32E-012	-2.09E-012	-1	0.00E+000
3	101.57975799	-2.10E-012	-1.40E-012	0	0.00E+000
3	101.58027008	-1.49E-012	-2.06E-012	-1	0.00E+000
3	101.58422723	-2.02E-012	-3.06E-012	-2	0.00E+000
3	101.59103834	-3.06E-012	-2.13E-012	-1	0.00E+000
3	101.59178439	-2.09E-012	-1.29E-012	0	0.00E+000
3	101.59437284	-1.29E-012	-1.97E-012	-1	0.00E+000
3	101.59586668	-1.97E-012	-2.82E-012	-2	0.00E+000
3	101.59671783	-2.82E-012	-2.05E-012	-1	0.00E+000
3	101.59700548	-2.05E-012	-1.34E-012	0	0.00E+000
3	101.60139198	-1.32E-012	-2.07E-012	-1	0.00E+000
3	101.60270204	-2.07E-012	-1.29E-012	0	0.00E+000
3	101.60745941	-1.32E-012	-1.93E-012	-1	0.00E+000
3	101.60860732	-1.93E-012	-3.10E-012	-2	0.00E+000
3	101.60918012	-3.10E-012	-1.99E-012	-1	0.00E+000
3	101.60964827	-1.99E-012	-2.79E-012	-2	0.00E+000
3	101.61252273	-2.74E-012	-2.00E-012	-1	0.00E+000
3	101.61334090	-2.00E-012	-3.07E-012	-2	0.00E+000
3	101.61514669	-3.07E-012	-2.13E-012	-1	0.00E+000
3	101.62131158	-2.17E-012	-2.80E-012	-2	0.00E+000
3	101.62180971	-2.80E-012	-2.08E-012	-1	0.00E+000
3	101.62470007	-2.32E-012	-3.03E-012	-2	0.00E+000
3	101.62588649	-3.03E-012	-2.40E-012	-1	0.00E+000
3	101.62685664	-2.40E-012	-3.14E-012	-2	0.00E+000
3	101.62713040	-3.14E-012	-2.28E-012	-1	0.00E+000
3	101.62756097	-2.28E-012	-3.14E-012	-2	0.00E+000
3	101.63135963	-2.95E-012	-2.29E-012	-1	0.00E+000
3	101.63263621	-2.29E-012	-2.94E-012	-2	0.00E+000
3	101.63478186	-2.94E-012	-2.13E-012	-1	0.00E+000
3	101.63506166	-2.13E-012	-2.94E-012	-2	0.00E+000
3	101.63801831	-2.74E-012	-2.13E-012	-1	0.00E+000
3	101.63824743	-2.13E-012	-1.31E-012	0	0.00E+000
3	101.63918239	-1.36E-012	-2.18E-012	-1	0.00E+000
3	101.64028652	-2.18E-012	-1.33E-012	0	0.00E+000
3	101.64095466	-1.33E-012	-2.25E-012	-1	0.00E+000
3	101.64468166	-2.23E-012	-2.88E-012	-2	0.00E+000
3	101.64629087	-2.88E-012	-2.27E-012	-1	0.00E+000
3	101.64691365	-2.27E-012	-1.28E-012	0	0.00E+000
3	101.64714743	-1.28E-012	-2.17E-012	-1	0.00E+000
3	101.65147600	-2.25E-012	-2.85E-012	-2	0.00E+000
3	101.65187640	-2.85E-012	-2.20E-012	-1	0.00E+000
3	101.65409916	-2.20E-012	-3.03E-012	-2	0.00E+000
3	101.66518215	-2.98E-012	-2.12E-012	-1	0.00E+000
3	101.67030407	-2.13E-012	-1.33E-012	0	0.00E+000
3	101.67110590	-1.33E-012	-2.03E-012	-1	0.00E+000
3	101.69026885	-1.98E-012	-3.01E-012	-2	0.00E+000
3	101.69152258	-3.01E-012	-2.02E-012	-1	0.00E+000
3	101.70672012	-1.95E-012	-2.97E-012	-2	0.00E+000
3	101.70752555	-2.97E-012	-1.92E-012	-1	0.00E+000
3	101.72381304	-2.08E-012	-3.01E-012	-2	0.00E+000
3	101.72453382	-3.01E-012	-2.16E-012	-1	0.00E+000
3	101.72812435	-2.02E-012	-3.07E-012	-2	0.00E+000
3	101.72871951	-3.07E-012	-2.25E-012	-1	0.00E+000
3	101.72941469	-2.25E-012	-2.93E-012	-2	0.00E+000
3	101.72980703	-2.93E-012	-2.27E-012	-1	0.00E+000
3	101.73315720	-2.12E-012	-2.92E-012	-2	0.00E+000
3	101.75055008	-2.89E-012	-2.13E-012	-1	0.00E+000
3	101.75161061	-2.13E-012	-2.97E-012	-2	0.00E+000
3	101.75893323	-2.94E-012	-2.23E-012	-1	0.00E+000
3	101.75948282	-2.23E-012	-2.90E-012	-2	0.00E+000
3	101.76162395	-2.91E-012	-2.08E-012	-1	0.00E+000
3	101.76218168	-2.42E-012	-2.99E-012	-2	0.00E+000
3	101.77648991	-2.99E-012	-2.12E-012	-1	0.00E+000
3	101.78723683	-2.03E-012	-1.32E-012	0	0.00E+000
3	101.78824811	-1.32E-012	-2.23E-012	-1	0.00E+000
3	101.79353526	-1.96E-012	-1.20E-012	0	0.00E+000
3	101.79374743	-1.20E-012	-1.81E-012	-1	0.00E+000
3	101.79423739	-1.84E-012	-1.36E-012	0	0.00E+000
3	101.79462975	-1.36E-012	-1.86E-012	-1	0.00E+000
3	101.79764743	-1.86E-012	-1.20E-012	0	0.00E+000
3	101.79834464	-1.20E-012	-2.03E-012	-1	0.00E+000
3	101.80016615	-1.98E-012	-2.89E-012	-2	0.00E+000
3	101.80345439	-2.87E-012	-2.14E-012	-1	0.00E+000
3	101.80365688	-2.14E-012	-2.81E-012	-2	0.00E+000
3	101.81999743	-2.81E-012	-2.09E-012	-1	0.00E+000
3	101.82543982	-2.14E-012	-2.94E-012	-2	0.00E+000
3	101.82580748	-2.94E-012	-2.16E-012	-1	0.00E+000
3	101.82618810	-2.16E-012	-3.02E-012	-2	0.00E+000
3	101.82683278	-3.02E-012	-2.22E-012	-1	0.00E+000
3	101.82761913	-2.22E-012	-2.76E-012	-2	0.00E+000
3	101.84839743	-2.76E-012	-2.04E-012	-1	0.00E+000
3	101.84967353	-2.04E-012	-1.24E-012	0	0.00E+000
3	101.85098751	-1.24E-012	-2.15E-012	-1	0.00E+000
3	101.85309033	-2.08E-012	-1.23E-012	0	0.00E+000
3	101.85572229	-1.25E-012	-2.14E-012	-1	0.00E+000
3	101.85595247	-2.14E-012	-2.94E-012	-2	0.00E+000
3	101.85658636	-2.94E-012	-2.13E-012	-1	0.00E+000
3	101.85861895	-2.13E-012	-2.97E-012	-2	0.00E+000
3	101.85976508	-2.97E-012	-2.17E-012	-1	0.00E+000
3	101.86211932	-1.94E-012	-1.26E-012	0	0.00E+000
3	101.87027565	-1.21E-012	-2.07E-012	-1	0.00E+000
3	101.87049743	-2.07E-012	-2.87E-012	-2	0.00E+000
3	101.87190370	-2.87E-012	-2.08E-012	-1	0.00E+000
3	101.87374397	-2.08E-012	-2.79E-012	-2	0.00E+000
3	101.87411577	-2.79E-012	-2.11E-012	-1	0.00E+000
3	101.88805235	-2.00E-012	-2.94E-012	-2	0.00E+000
3	101.89148574	-2.80E-012	-2.11E-012	-1	0.00E+000
3	101.89325306	-2.11E-012	-1.17E-012	0	0.00E+000
3	101.89449453	-1.31E-012	-2.01E-012	-1	0.00E+000
3	101.90048333	-1.98E-012	-1.09E-012	0	0.00E+000
3	101.90110059	-1.34E-012	-1.92E-012	-1	0.00E+000
3	101.90222061	-1.92E-012	-1.28E-012	0	0.00E+000
3	101.90288467	-1.28E-012	-2.13E-012	-1	0.00E+000
3	101.90307370	-2.13E-012	-1.31E-012	0	0.00E+000
3	101.90329743	-1.31E-012	-1.96E-012	-1	0.00E+000
3	101.91652126	-1.95E-012	-2.86E-012	-2	0.00E+000
3	101.91741716	-2.86E-012	-1.98E-012	-1	0.00E+000
3	101.91793470	-1.98E-012	-2.84E-012	-2	0.00E+000
3	101.92212420	-3.03E-012	-2.04E-012	-1	0.00E+000
3	101.92305611	-2.04E-012	-2.95E-012	-2	0.00E+000
3	101.92756933	-2.88E-012	-2.05E-012	-1	0.00E+000
3	101.92992357	-2.05E-012	-3.04E-012	-2	0.00E+000
3	101.93197922	-3.04E-012	-2.05E-012	-1	0.00E+000
3	101.93347691	-1.94E-012	-2.80E-012	-2	0.00E+000
3	101.93900870	-3.03E-012	-1.93E-012	-1	0.00E+000
3	101.96078286	-2.11E-012	-2.88E-012	-2	0.00E+000
3	101.96316534	-2.94E-012	-1.90E-012	-1	0.00E+000
3	101.96364114	-1.93E-012	-1.31E-012	0	0.00E+000
3	101.96620651	-1.25E-012	-2.07E-012	-1	0.00E+000
3	101.96825295	-2.08E-012	-1.29E-012	0	0.00E+000
3	101.96924235	-1.29E-012	-1.94E-012	-1	0.00E+000
3	101.97197980	-1.94E-012	-1.22E-012	0	0.00E+000
3	101.97274358	-1.22E-012	-2.05E-012	-1	0.00E+000
3	101.97434440	-2.05E-012	-2.56E-012	-2	0.00E+000
3	101.97468595	-2.56E-012	-1.91E-012	-1	0.00E+000
3	101.97615165	-1.91E-012	-2.88E-012	-2	0.00E+000
3	101.97903666	-2.95E-012	-2.03E-012	-1	0.00E+000
3	101.98226990	-2.09E-012	-2.91E-012	-2	0.00E+000
3	101.98270947	-2.91E-012	-2.11E-012	-1	0.00E+000
3	101.99056675	-1.97E-012	-2.84E-012	-2	0.00E+000
3	101.99109658	-2.84E-012	-2.18E-012	-1	0.00E+000
3	101.99157031	-2.18E-012	-3.00E-012	-2	0.00E+000
3	102.00701734	-2.84E-012	-1.80E-012	-1	0.00E+000
3	102.00747976	-1.80E-012	-2.94E-012	-2	0.00E+000
3	102.01258041	-3.00E-012	-1.96E-012	-1	0.00E+000
3	102.01289013	-1.96E-012	-2.97E-012	-2	0.00E+000
3	102.01597784	-2.87E-012	-2.10E-012	-1	0.00E+000
3	102.01847874	-2.01E-012	-2.95E-012	-2	0.00E+000
3	102.01908391	-2.95E-012	-2.10E-012	-1	0.00E+000
3	102.04110088	-2.03E-012	-3.11E-012	-2	0.00E+000
3	102.05604344	-3.00E-012	-2.04E-012	-1	0.00E+000
3	102.05849341	-2.08E-012	-2.96E-012	-2	0.00E+000
3	102.06160756	-3.05E-012	-2.16E-012	-1	0.00E+000
3	102.06228873	-2.16E-012	-2.92E-012	-2	0.00E+000
3	102.07124344	-2.91E-012	-2.00E-012	-1	0.00E+000
3	102.07255411	-2.00E-012	-2.87E-012	-2	0.00E+000
3	102.07622310	-2.89E-012	-1.94E-012	-1	0.00E+000
3	102.07658968	-1.94E-012	-2.96E-012	-2	0.00E+000
3	102.07800469	-2.96E-012	-2.17E-012	-1	0.00E+000
3	102.08034321	-2.23E-012	-1.32E-012	0	0.00E+000
3	102.08249929	-1.32E-012	-2.10E-012	-1	0.00E+000
3	102.08274742	-2.10E-012	-2.99E-012	-2	0.00E+000
3	102.08374140	-2.99E-012	-2.09E-012	-1	0.00E+000
3	102.08918671	-2.03E-012	-1.17E-012	0	0.00E+000
3	102.08939742	-1.17E-012	-1.91E-012	-1	0.00E+000
3	102.09145471	-2.01E-012	-1.25E-012	0	0.00E+000
3	102.09236712	-1.25E-012	-2.07E-012	-1	0.00E+000
3	102.09321076	-2.07E-012	-2.95E-012	-2	0.00E+000
3	102.09834979	-2.83E-012	-3.75E-012	-3	0.00E+000
3	102.09992849	-3.49E-012	-2.79E-012	-2	0.00E+000
3	102.10016999	-2.79E-012	-2.08E-012	-1	0.00E+000
3	102.10079733	-2.08E-012	-2.98E-012	-2	0.00E+000
3	102.10812000	-2.95E-012	-3.77E-012	-3	0.00E+000
3	102.10938605	-3.77E-012	-3.04E-012	-2	0.00E+000
3	102.11169742	-3.04E-012	-3.75E-012	-3	0.00E+000
3	102.11261891	-3.75E-012	-3.03E-012	-2	0.00E+000
3	102.11516588	-3.06E-012	-2.27E-012	-1	0.00E+000
3	102.11854869	-2.26E-012	-1.55E-012	0	0.00E+000
3	102.11896525	-1.55E-012	-2.17E-012	-1	0.00E+000
3	102.12577571	-2.24E-012	-3.09E-012	-2	0.00E+000
3	102.12726358	-3.09E-012	-2.15E-012	-1	0.00E+000
3	102.12756034	-2.15E-012	-1.27E-012	0	0.00E+000
3	102.12925957	-1.27E-012	-2.29E-012	-1	0.00E+000
3	102.13117309	-2.37E-012	-1.29E-012	0	0.00E+000
3	102.13139742	-1.29E-012	-2.19E-012	-1	0.00E+000
3	102.13811684	-2.31E-012	-1.34E-012	0	0.00E+000
3	102.13906027	-1.34E-012	-2.16E-012	-1	0.00E+000
3	102.15412306	-2.31E-012	-1.34E-012	0	0.00E+000
3	102.15966667	-1.41E-012	-2.18E-012	-1	0.00E+000
3	102.16785568	-2.14E-012	-1.45E-012	0	0.00E+000
3	102.16842420	-1.45E-012	-2.22E-012	-1	0.00E+000
3	102.16864742	-2.22E-012	-2.84E-012	-2	0.00E+000
3	102.18068720	-2.99E-012	-2.03E-012	-1	0.00E+000
3	102.18215628	-2.10E-012	-2.97E-012	-2	0.00E+000
3	102.18591257	-2.84E-012	-1.98E-012	-1	0.00E+000
3	102.18993376	-2.11E-012	-2.87E-012	-2	0.00E+000
3	102.19088530	-2.87E-012	-1.99E-012	-1	0.00E+000
3	102.19109742	-1.99E-012	-1.28E-012	0	0.00E+000
3	102.19220238	-1.28E-012	-2.08E-012	-1	0.00E+000
3	102.19340101	-2.22E-012	-1.29E-012	0	0.00E+000
3	102.20047104	-1.27E-012	-2.11E-012	-1	0.00E+000
3	102.20233305	-2.08E-012	-1.29E-012	0	0.00E+000
3	102.20642125	-1.29E-012	-2.06E-012	-1	0.00E+000
3	102.21841487	-1.96E-012	-2.91E-012	-2	0.00E+000
3	102.21923949	-2.91E-012	-1.99E-012	-1	0.00E+000
3	102.22113375	-2.00E-012	-2.85E-012	-2	0.00E+000
3	102.22806257	-3.00E-012	-2.16E-012	-1	0.00E+000
3	102.22943729	-2.16E-012	-3.06E-012	-2	0.00E+000
3	102.23150663	-3.07E-012	-2.02E-012	-1	0.00E+000
3	102.26418309	-2.06E-012	-1.24E-012	0	0.00E+000
3	102.26442024	-1.24E-012	-2.07E-012	-1	0.00E+000
3	102.26838597	-2.11E-012	-1.27E-012	0	0.00E+000
3	102.26873630	-1.27E-012	-2.10E-012	-1	0.00E+000
3	102.26894742	-2.10E-012	-3.06E-012	-2	0.00E+000
3	102.26959106	-3.06E-012	-2.09E-012	-1	0.00E+000
3	102.27289912	-2.17E-012	-3.00E-012	-2	0.00E+000
3	102.29334932	-3.00E-012	-3.83E-012	-3	0.00E+000
3	102.29407082	-3.83E-012	-3.06E-012	-2	0.00E+000
3	102.29483372	-3.06E-012	-2.19E-012	-1	0.00E+000
3	102.29677286	-2.15E-012	-2.76E-012	-2	0.00E+000
3	102.30519742	-2.76E-012	-2.19E-012	-1	0.00E+000
3	102.30543735	-2.19E-012	-3.05E-012	-2	0.00E+000
3	102.30677391	-3.05E-012	-4.04E-012	-3	0.00E+000
3	102.30770959	-4.04E-012	-3.01E-012	-2	0.00E+000
3	102.30794742	-3.01E-012	-2.03E-012	-1	0.00E+000
3	102.31503053	-2.11E-012	-3.09E-012	-2	0.00E+000
3	102.31643399	-3.09E-012	-2.02E-012	-1	0.00E+000
3	102.32244206	-2.10E-012	-3.00E-012	-2	0.00E+000
3	102.32311733	-3.00E-012	-1.96E-012	-1	0.00E+000
3	102.32428923	-1.96E-012	-2.78E-012	-2	0.00E+000
3	102.32544907	-2.78E-012	-2.23E-012	-1	0.00E+000
3	102.32794993	-2.01E-012	-1.18E-012	0	0.00E+000
3	102.32819741	-1.18E-012	-2.05E-012	-1	0.00E+000
3	102.33287735	-2.14E-012	-2.91E-012	-2	0.00E+000
3	102.33355737	-2.91E-012	-2.20E-012	-1	0.00E+000
3	102.33794741	-2.20E-012	-2.94E-012	-2	0.00E+000
3	102.34165135	-2.94E-012	-2.02E-012	-1	0.00E+000
3	102.34316846	-2.02E-012	-3.03E-012	-2	0.00E+000
3	102.34501259	-3.08E-012	-3.78E-012	-3	0.00E+000
3	102.34633531	-3.78E-012	-3.09E-012	-2	0.00E+000
3	102.34780318	-3.09E-012	-2.15E-012	-1	0.00E+000
3	102.36064939	-2.23E-012	-2.93E-012	-2	0.00E+000
3	102.36127731	-2.93E-012	-2.12E-012	-1	0.00E+000
3	102.36353778	-2.06E-012	-2.90E-012	-2	0.00E+000
3	102.36815474	-2.94E-012	-1.99E-012	-1	0.00E+000
3	102.36846313	-1.99E-012	-2.99E-012	-2	0.00E+000
3	102.36946401	-2.99E-012	-2.05E-012	-1	0.00E+000
3	102.39045074	-2.07E-012	-3.10E-012	-2	0.00E+000
3	102.39227274	-3.11E-012	-2.04E-012	-1	0.00E+000
3	102.41181408	-1.99E-012	-3.05E-012	-2	0.00E+000
3	102.41870837	-3.07E-012	-2.19E-012	-1	0.00E+000
3	102.42419335	-2.23E-012	-2.73E-012	-2	0.00E+000
3	102.42454000	-2.73E-012	-2.18E-012	-1	0.00E+000
3	102.42683904	-2.23E-012	-2.96E-012	-2	0.00E+000
3	102.42856787	-2.96E-012	-2.17E-012	-1	0.00E+000
3	102.43097928	-2.18E-012	-3.00E-012	-2	0.00E+000
3	102.44292515	-2.94E-012	-2.29E-012	-1	0.00E+000
3	102.44333642	-2.29E-012	-2.84E-012	-2	0.00E+000
3	102.45594741	-2.84E-012	-2.23E-012	-1	0.00E+000
3	102.45685692	-2.23E-012	-1.30E-012	0	0.00E+000
3	102.45755171	-1.30E-012	-2.11E-012	-1	0.00E+000
3	102.45819828	-2.11E-012	-1.31E-012	0	0.00E+000
3	102.45862593	-1.31E-012	-2.19E-012	-1	0.00E+000
3	102.45884741	-2.19E-012	-3.05E-012	-2	0.00E+000
3	102.46401756	-3.11E-012	-2.13E-012	-1	0.00E+000
3	102.46430799	-2.13E-012	-2.92E-012	-2	0.00E+000
3	102.47235722	-2.92E-012	-2.15E-012	-1	0.00E+000
3	102.47302793	-1.99E-012	-2.83E-012	-2	0.00E+000
3	102.47684741	-2.83E-012	-2.06E-012	-1	0.00E+000
3	102.48137985	-2.02E-012	-2.78E-012	-2	0.00E+000
3	102.48618281	-2.78E-012	-3.69E-012	-3	0.00E+000
3	102.48693777	-3.69E-012	-2.81E-012	-2	0.00E+000
3	102.48812487	-3.03E-012	-1.63E-012	-1	0.00E+000
3	102.48927073	-1.63E-012	-3.02E-012	-2	0.00E+000
3	102.49184349	-3.03E-012	-2.23E-012	-1	0.00E+000
3	102.49330566	-2.23E-012	-2.92E-012	-2	0.00E+000
3	102.49481324	-2.92E-012	-2.18E-012	-1	0.00E+000
3	102.49977546	-2.18E-012	-1.26E-012	0	0.00E+000
3	102.49997608	-1.26E-012	-2.20E-012	-1	0.00E+000
3	102.50067492	-2.17E-012	-1.29E-012	0	0.00E+000
3	102.50132236	-1.46E-012	-2.18E-012	-1	0.00E+000
3	102.50208155	-2.05E-012	-3.09E-012	-2	0.00E+000
3	102.50515532	-3.10E-012	-3.84E-012	-3	0.00E+000
3	102.50572357	-3.84E-012	-3.08E-012	-2	0.00E+000
3	102.50594741	-3.08E-012	-2.25E-012	-1	0.00E+000
3	102.50712691	-2.25E-012	-1.33E-012	0	0.00E+000
3	102.50740372	-1.33E-012	-2.10E-012	-1	0.00E+000
3	102.52586280	-2.15E-012	-1.40E-012	0	0.00E+000
3	102.52634837	-1.40E-012	-2.19E-012	-1	0.00E+000
3	102.52840477	-2.20E-012	-3.00E-012	-2	0.00E+000
3	102.53194418	-2.94E-012	-2.03E-012	-1	0.00E+000
3	102.53632782	-2.16E-012	-1.32E-012	0	0.00E+000
3	102.53684191	-1.40E-012	-2.10E-012	-1	0.00E+000
3	102.53884913	-2.15E-012	-1.29E-012	0	0.00E+000
3	102.54193734	-1.30E-012	-2.10E-012	-1	0.00E+000
3	102.55599973	-2.04E-012	-2.78E-012	-2	0.00E+000
3	102.55642255	-2.78E-012	-1.96E-012	-1	0.00E+000
3	102.56221824	-1.96E-012	-2.77E-012	-2	0.00E+000
3	102.56408642	-2.77E-012	-2.05E-012	-1	0.00E+000
3	102.56773346	-2.02E-012	-3.17E-012	-2	0.00E+000
3	102.57034273	-3.07E-012	-2.13E-012	-1	0.00E+000
3	102.57054741	-2.13E-012	-1.25E-012	0	0.00E+000
3	102.57194477	-1.38E-012	-1.98E-012	-1	0.00E+000
3	102.58563648	-2.05E-012	-3.12E-012	-2	0.00E+000
3	102.58957136	-2.89E-012	-2.05E-012	-1	0.00E+000
3	102.58986490	-2.05E-012	-2.83E-012	-2	0.00E+000
3	102.59562614	-2.99E-012	-2.09E-012	-1	0.00E+000
3	102.59777522	-2.06E-012	-2.97E-012	-2	0.00E+000
3	102.60509049	-2.69E-012	-3.65E-012	-3	0.00E+000
3	102.60551417	-3.65E-012	-2.96E-012	-2	0.00E+000
3	102.60759478	-3.14E-012	-3.59E-012	-3	0.00E+000
3	102.60796779	-3.59E-012	-2.81E-012	-2	0.00E+000
3	102.61613427	-2.82E-012	-2.19E-012	-1	0.00E+000
3	102.61668241	-2.12E-012	-2.85E-012	-2	0.00E+000
3	102.61726967	-2.76E-012	-2.19E-012	-1	0.00E+000
3	102.61948333	-2.17E-012	-3.05E-012	-2	0.00E+000
3	102.62084000	-3.05E-012	-2.18E-012	-1	0.00E+000
3	102.62922276	-2.23E-012	-3.02E-012	-2	0.00E+000
3	102.63220120	-3.02E-012	-2.28E-012	-1	0.00E+000
3	102.63409224	-2.28E-012	-3.01E-012	-2	0.00E+000
3	102.63567681	-3.13E-012	-2.26E-012	-1	0.00E+000
3	102.63963004	-2.32E-012	-1.27E-012	0	0.00E+000
3	102.63993723	-1.27E-012	-2.31E-012	-1	0.00E+000
3	102.65895821	-2.28E-012	-3.10E-012	-2	0.00E+000
3	102.65989690	-3.10E-012	-2.17E-012	-1	0.00E+000
3	102.67014315	-2.22E-012	-3.15E-012	-2	0.00E+000
3	102.67252456	-2.95E-012	-2.19E-012	-1	0.00E+000
3	102.67306320	-2.19E-012	-2.87E-012	-2	0.00E+000
3	102.67744469	-2.95E-012	-2.18E-012	-1	0.00E+000
3	102.68005265	-2.13E-012	-1.14E-012	0	0.00E+000
3	102.68036993	-1.14E-012	-2.16E-012	-1	0.00E+000
3	102.68058553	-2.16E-012	-3.19E-012	-2	0.00E+000
3	102.68484747	-3.19E-012	-2.18E-012	-1	0.00E+000
3	102.68578886	-2.18E-012	-3.03E-012	-2	0.00E+000
3	102.68740062	-2.96E-012	-2.18E-012	-1	0.00E+000
3	102.69019279	-2.19E-012	-2.88E-012	-2	0.00E+000
3	102.69073459	-2.88E-012	-2.07E-012	-1	0.00E+000
3	102.69232462	-1.86E-012	-1.19E-012	0	0.00E+000
3	102.69323496	-1.19E-012	-2.00E-012	-1	0.00E+000
3	102.70278288	-2.11E-012	-2.90E-012	-2	0.00E+000
3	102.70915719	-2.87E-012	-1.98E-012	-1	0.00E+000
3	102.70945185	-1.98E-012	-2.87E-012	-2	0.00E+000
3	102.73321080	-2.87E-012	-2.05E-012	-1	0.00E+000
3	102.73817341	-2.11E-012	-1.21E-012	0	0.00E+000
3	102.74012713	-1.35E-012	-2.11E-012	-1	0.00E+000
3	102.74031655	-2.11E-012	-2.78E-012	-2	0.00E+000
3	102.74149324	-2.78E-012	-2.08E-012	-1	0.00E+000
3	102.74562458	-2.13E-012	-3.03E-012	-2	0.00E+000
3	102.74964740	-3.03E-012	-3.65E-012	-3	0.00E+000
3	102.75018608	-3.65E-012	-2.92E-012	-2	0.00E+000
3	102.75610613	-2.86E-012	-1.91E-012	-1	0.00E+000
3	102.75760176	-1.91E-012	-2.84E-012	-2	0.00E+000
3	102.76459375	-2.88E-012	-1.93E-012	-1	0.00E+000
3	102.76479740	-1.93E-012	-3.06E-012	-2	0.00E+000
3	102.76511033	-3.06E-012	-1.92E-012	-1	0.00E+000
3	102.76534740	-1.92E-012	-2.93E-012	-2	0.00E+000
3	102.77975215	-2.90E-012	-3.63E-012	-3	0.00E+000
3	102.78151950	-3.63E-012	-2.97E-012	-2	0.00E+000
3	102.78635925	-2.97E-012	-4.11E-012	-3	0.00E+000
3	102.78733678	-4.11E-012	-3.00E-012	-2	0.00E+000
3	102.79482194	-2.88E-012	-3.92E-012	-3	0.00E+000
3	102.79969237	-3.99E-012	-2.94E-012	-2	0.00E+000
3	102.80116945	-3.11E-012	-3.99E-012	-3	0.00E+000
3	102.80180342	-3.99E-012	-2.89E-012	-2	0.00E+000
3	102.80525813	-2.78E-012	-3.93E-012	-3	0.00E+000
3	102.80675770	-3.93E-012	-2.78E-012	-2	0.00E+000
3	102.81727130	-2.80E-012	-3.68E-012	-3	0.00E+000
3	102.81860606	-3.68E-012	-2.83E-012	-2	0.00E+000
3	102.81884740	-2.83E-012	-1.89E-012	-1	0.00E+000
3	102.81955516	-1.89E-012	-2.98E-012	-2	0.00E+000
3	102.82150986	-3.17E-012	-2.07E-012	-1	0.00E+000
3	102.82282439	-2.07E-012	-3.01E-012	-2	0.00E+000
3	102.83006784	-3.03E-012	-3.84E-012	-3	0.00E+000
3	102.83238666	-3.87E-012	-3.12E-012	-2	0.00E+000
3	102.83496573	-3.12E-012	-4.20E-012	-3	0.00E+000
3	102.83876517	-4.06E-012	-3.07E-012	-2	0.00E+000
3	102.85556245	-2.93E-012	-1.97E-012	-1	0.00E+000
3	102.85625026	-1.97E-012	-3.00E-012	-2	0.00E+000
3	102.85649740	-3.00E-012	-3.86E-012	-3	0.00E+000
3	102.85772800	-3.86E-012	-2.74E-012	-2	0.00E+000
3	102.86045758	-3.00E-012	-1.95E-012	-1	0.00E+000
3	102.86151504	-2.15E-012	-2.85E-012	-2	0.00E+000
3	102.86445622	-2.94E-012	-3.78E-012	-3	0.00E+000
3	102.86495947	-3.78E-012	-2.90E-012	-2	0.00E+000
3	102.86715751	-2.95E-012	-1.95E-012	-1	0.00E+000
3	102.86861859	-1.95E-012	-3.00E-012	-2	0.00E+000
3	102.87074309	-3.00E-012	-2.11E-012	-1	0.00E+000
3	102.87245170	-2.11E-012	-2.88E-012	-2	0.00E+000
3	102.87469740	-2.88E-012	-3.93E-012	-3	0.00E+000
3	102.87511746	-3.93E-012	-2.92E-012	-2	0.00E+000
3	102.88012120	-2.97E-012	-3.81E-012	-3	0.00E+000
3	102.88145838	-3.81E-012	-2.98E-012	-2	0.00E+000
3	102.88191289	-2.98E-012	-4.04E-012	-3	0.00E+000
3	102.88364319	-4.05E-012	-2.88E-012	-2	0.00E+000
3	102.88940145	-2.80E-012	-1.91E-012	-1	0.00E+000
3	102.89015577	-1.91E-012	-2.98E-012	-2	0.00E+000
