1	0.80798573	-1.059224E-012	-1.837610E-012	-1	0.000000E+000
1	0.84199566	-1.825959E-012	-1.097826E-012	0	0.000000E+000
1	0.84692803	-1.097826E-012	-1.802559E-012	-1	0.000000E+000
1	0.85261123	-1.768097E-012	-1.041950E-012	0	0.000000E+000
1	0.85674502	-1.070223E-012	-1.764139E-012	-1	0.000000E+000
1	0.88330221	-1.825757E-012	-1.251746E-012	0	0.000000E+000
1	0.88522338	-1.251746E-012	-1.789303E-012	-1	0.000000E+000
1	0.90516119	-1.827548E-012	-1.290053E-012	0	0.000000E+000
1	0.90659928	-1.353133E-012	-1.808703E-012	-1	0.000000E+000
1	0.93853432	-1.735854E-012	-1.070219E-012	0	0.000000E+000
1	0.96775829	-1.060814E-012	-1.869643E-012	-1	0.000000E+000
1	0.98032888	-1.759506E-012	-1.234281E-012	0	0.000000E+000
1	0.98203826	-1.276035E-012	-1.743342E-012	-1	0.000000E+000
1	0.98348260	-1.628723E-012	-1.243000E-012	0	0.000000E+000
1	0.98469327	-1.306157E-012	-1.800876E-012	-1	0.000000E+000
1	1.02770692	-1.809548E-012	-1.097008E-012	0	0.000000E+000
1	1.03193544	-1.138814E-012	-1.869886E-012	-1	0.000000E+000
1	1.09461309	-1.682057E-012	-1.267337E-012	0	0.000000E+000
1	1.09904419	-1.239673E-012	-1.765596E-012	-1	0.000000E+000
1	1.12262790	-1.625961E-012	-9.801173E-013	0	0.000000E+000
1	1.13561461	-9.980378E-013	-1.613721E-012	-1	0.000000E+000
1	1.15710154	-1.769548E-012	-9.803218E-013	0	0.000000E+000
1	1.16321246	-1.025888E-012	-1.842083E-012	-1	0.000000E+000
1	1.16480164	-1.769548E-012	-9.803218E-013	0	0.000000E+000
1	1.18067694	-9.504549E-013	-1.766995E-012	-1	0.000000E+000
1	1.23916418	-1.674876E-012	-1.134937E-012	0	0.000000E+000
1	1.24037135	-1.134937E-012	-1.768559E-012	-1	0.000000E+000
1	1.27193279	-1.744173E-012	-1.076843E-012	0	0.000000E+000
1	1.44652203	-9.649495E-013	-1.838618E-012	-1	0.000000E+000
1	1.44771054	-1.838618E-012	-1.054946E-012	0	0.000000E+000
1	1.89647233	-1.100323E-012	-1.714734E-012	-1	0.000000E+000
1	1.90642365	-1.707706E-012	-1.126667E-012	0	0.000000E+000
1	1.94204862	-1.093346E-012	-1.827080E-012	-1	0.000000E+000
1	1.94287571	-1.827080E-012	-1.051818E-012	0	0.000000E+000
1	2.04080317	-1.103201E-012	-1.677934E-012	-1	0.000000E+000
1	2.04141891	-1.677934E-012	-1.017295E-012	0	0.000000E+000
1	2.09582457	-1.005254E-012	-1.774528E-012	-1	0.000000E+000
1	2.09960768	-1.775550E-012	-1.005312E-012	0	0.000000E+000
1	2.14116340	-1.040990E-012	-1.925272E-012	-1	0.000000E+000
1	2.14289330	-1.916950E-012	-1.107471E-012	0	0.000000E+000
1	2.15395691	-1.125651E-012	-1.812308E-012	-1	0.000000E+000
1	2.19009145	-1.806308E-012	-1.036333E-012	0	0.000000E+000
1	2.19084950	-1.036333E-012	-1.793632E-012	-1	0.000000E+000
1	2.21951482	-1.767654E-012	-1.221239E-012	0	0.000000E+000
1	2.22216941	-1.247045E-012	-1.867053E-012	-1	0.000000E+000
1	2.28956034	-1.767417E-012	-1.280418E-012	0	0.000000E+000
1	2.29064930	-1.280418E-012	-1.802704E-012	-1	0.000000E+000
1	2.32532516	-1.769342E-012	-1.038868E-012	0	0.000000E+000
1	2.33187999	-1.110121E-012	-1.872724E-012	-1	0.000000E+000
1	2.33268528	-1.872724E-012	-1.051581E-012	0	0.000000E+000
1	2.40016364	-1.057703E-012	-1.767860E-012	-1	0.000000E+000
1	2.44080543	-1.592281E-012	-9.185257E-013	0	0.000000E+000
1	2.44177288	-9.185257E-013	-1.610424E-012	-1	0.000000E+000
1	2.44866236	-1.471698E-012	-7.965226E-013	0	0.000000E+000
1	2.58815830	-9.680568E-013	-1.569858E-012	-1	0.000000E+000
1	2.58932447	-1.569858E-012	-9.880701E-013	0	0.000000E+000
1	2.60938412	-9.182310E-013	-1.690144E-012	-1	0.000000E+000
1	2.61489135	-1.572255E-012	-9.260919E-013	0	0.000000E+000
1	2.62244718	-8.429068E-013	-1.652837E-012	-1	0.000000E+000
1	2.62308335	-1.652837E-012	-8.434831E-013	0	0.000000E+000
1	2.64156730	-1.002305E-012	-1.750509E-012	-1	0.000000E+000
1	2.66025992	-1.605824E-012	-9.898699E-013	0	0.000000E+000
1	2.66293812	-9.898699E-013	-1.579779E-012	-1	0.000000E+000
1	2.67164469	-1.553708E-012	-9.509950E-013	0	0.000000E+000
1	2.67266461	-9.509950E-013	-1.657871E-012	-1	0.000000E+000
1	2.78984072	-1.685537E-012	-8.361800E-013	0	0.000000E+000
1	3.23934114	-8.148803E-013	-1.570160E-012	-1	0.000000E+000
1	3.24320404	-1.570160E-012	-7.570242E-013	0	0.000000E+000
1	3.24425588	-7.570242E-013	-1.520066E-012	-1	0.000000E+000
1	3.33759084	-1.542631E-012	-7.934422E-013	0	0.000000E+000
1	3.33837230	-7.934422E-013	-1.493843E-012	-1	0.000000E+000
1	3.37894815	-1.548505E-012	-9.175170E-013	0	0.000000E+000
1	3.39463473	-9.112857E-013	-1.621346E-012	-1	0.000000E+000
1	3.58811415	-1.566869E-012	-1.027189E-012	0	0.000000E+000
1	3.58937759	-1.027189E-012	-1.548871E-012	-1	0.000000E+000
1	3.85417153	-1.849464E-012	-9.903448E-013	0	0.000000E+000
1	3.85945296	-9.903448E-013	-1.626810E-012	-1	0.000000E+000
1	3.86215948	-1.626810E-012	-8.834970E-013	0	0.000000E+000
1	3.86581606	-8.834970E-013	-1.763613E-012	-1	0.000000E+000
1	3.86781174	-1.763613E-012	-9.082465E-013	0	0.000000E+000
1	3.87208920	-8.210415E-013	-1.665147E-012	-1	0.000000E+000
1	3.87330643	-1.635035E-012	-9.141688E-013	0	0.000000E+000
1	3.87732864	-1.086212E-012	-1.887684E-012	-1	0.000000E+000
1	4.32601744	-1.621679E-012	-8.302610E-013	0	0.000000E+000
1	4.32896336	-8.302610E-013	-1.580048E-012	-1	0.000000E+000
1	4.35895855	-1.557221E-012	-9.661373E-013	0	0.000000E+000
1	4.36118916	-1.039157E-012	-1.670878E-012	-1	0.000000E+000
1	4.80320717	-1.560631E-012	-9.464749E-013	0	0.000000E+000
1	4.98874060	-7.946156E-013	-1.410614E-012	-1	0.000000E+000
1	4.99282008	-1.410614E-012	-8.872545E-013	0	0.000000E+000
1	5.09699288	-9.011506E-013	-1.487042E-012	-1	0.000000E+000
1	5.11030788	-1.641881E-012	-9.427574E-013	0	0.000000E+000
1	5.43006611	-8.318439E-013	-1.467423E-012	-1	0.000000E+000
1	5.43276185	-1.467423E-012	-9.043664E-013	0	0.000000E+000
1	5.46160783	-9.315593E-013	-1.776255E-012	-1	0.000000E+000
1	5.47550000	-1.698836E-012	-9.564330E-013	0	0.000000E+000
1	5.48098226	-9.564330E-013	-1.577413E-012	-1	0.000000E+000
1	5.49130790	-1.523399E-012	-8.294950E-013	0	0.000000E+000
1	5.61465612	-8.782383E-013	-1.680366E-012	-1	0.000000E+000
1	5.61567702	-1.680366E-012	-9.104026E-013	0	0.000000E+000
1	5.63606273	-9.682724E-013	-1.683619E-012	-1	0.000000E+000
1	5.65063581	-1.732731E-012	-9.717443E-013	0	0.000000E+000
1	5.68998118	-8.925417E-013	-1.666930E-012	-1	0.000000E+000
1	5.69797263	-1.606715E-012	-8.120130E-013	0	0.000000E+000
1	5.70176959	-8.120130E-013	-1.507447E-012	-1	0.000000E+000
1	5.73454293	-1.549270E-012	-9.191997E-013	0	0.000000E+000
1	5.75299133	-8.930820E-013	-1.560478E-012	-1	0.000000E+000
1	5.76899788	-1.607938E-012	-9.514028E-013	0	0.000000E+000
1	7.53052618	-8.837462E-013	-1.567668E-012	-1	0.000000E+000
1	7.54093811	-1.497096E-012	-8.964383E-013	0	0.000000E+000
1	7.54417295	-9.652555E-013	-1.668392E-012	-1	0.000000E+000
1	7.55997375	-1.470713E-012	-9.236126E-013	0	0.000000E+000
1	7.73046116	-9.236126E-013	-1.659637E-012	-1	0.000000E+000
1	7.74323522	-1.743036E-012	-8.834625E-013	0	0.000000E+000
1	7.74643589	-8.834625E-013	-1.598879E-012	-1	0.000000E+000
1	7.75850374	-1.670416E-012	-9.391850E-013	0	0.000000E+000
1	7.76014642	-8.445614E-013	-1.706062E-012	-1	0.000000E+000
1	7.76130102	-1.672768E-012	-8.384735E-013	0	0.000000E+000
1	7.76406633	-8.384735E-013	-1.659251E-012	-1	0.000000E+000
1	7.76476462	-1.659251E-012	-9.076431E-013	0	0.000000E+000
1	7.77758908	-8.696427E-013	-1.476736E-012	-1	0.000000E+000
1	7.78133960	-1.476736E-012	-8.971403E-013	0	0.000000E+000
1	7.83783864	-8.596343E-013	-1.563560E-012	-1	0.000000E+000
1	7.86438118	-1.708432E-012	-9.117672E-013	0	0.000000E+000
1	7.87439246	-8.685876E-013	-1.588371E-012	-1	0.000000E+000
1	7.93766913	-1.540257E-012	-9.121706E-013	0	0.000000E+000
1	7.94429545	-9.094409E-013	-1.563267E-012	-1	0.000000E+000
1	7.99544588	-1.537723E-012	-8.631426E-013	0	0.000000E+000
1	8.02183851	-8.680956E-013	-1.680109E-012	-1	0.000000E+000
1	8.02742008	-1.531687E-012	-8.182366E-013	0	0.000000E+000
1	8.03897292	-8.999410E-013	-1.730363E-012	-1	0.000000E+000
1	8.03978106	-1.730363E-012	-9.581098E-013	0	0.000000E+000
1	8.05416656	-7.956312E-013	-1.676988E-012	-1	0.000000E+000
1	8.05500011	-1.676988E-012	-9.084926E-013	0	0.000000E+000
1	8.05836440	-9.084926E-013	-1.665489E-012	-1	0.000000E+000
1	8.06021158	-1.665489E-012	-9.267448E-013	0	0.000000E+000
1	8.06082141	-9.267448E-013	-1.793263E-012	-1	0.000000E+000
1	8.07562983	-1.686771E-012	-9.354228E-013	0	0.000000E+000
1	8.08440106	-8.749530E-013	-1.620686E-012	-1	0.000000E+000
1	8.08719242	-1.620686E-012	-7.905011E-013	0	0.000000E+000
1	8.10362424	-8.461550E-013	-1.637399E-012	-1	0.000000E+000
1	8.10459291	-1.497904E-012	-8.950867E-013	0	0.000000E+000
1	8.12470593	-8.637837E-013	-1.746053E-012	-1	0.000000E+000
1	8.12668390	-1.588602E-012	-9.484428E-013	0	0.000000E+000
1	8.12876342	-9.484428E-013	-1.688024E-012	-1	0.000000E+000
1	8.15922228	-1.514125E-012	-8.635027E-013	0	0.000000E+000
1	8.27599298	-8.169217E-013	-1.589797E-012	-1	0.000000E+000
1	8.27810365	-1.589797E-012	-8.288450E-013	0	0.000000E+000
1	8.31683325	-1.003409E-012	-1.585469E-012	-1	0.000000E+000
1	8.32391039	-1.590046E-012	-8.252002E-013	0	0.000000E+000
1	8.34894127	-1.040750E-012	-1.749320E-012	-1	0.000000E+000
1	8.35403706	-1.646300E-012	-9.184902E-013	0	0.000000E+000
1	8.37184800	-9.088212E-013	-1.572475E-012	-1	0.000000E+000
1	8.53313820	-1.457041E-012	-8.330481E-013	0	0.000000E+000
1	8.53676380	-8.330481E-013	-1.521944E-012	-1	0.000000E+000
1	8.55430865	-1.546494E-012	-9.712902E-013	0	0.000000E+000
1	8.55650234	-9.712902E-013	-1.514409E-012	-1	0.000000E+000
1	8.59516713	-1.627019E-012	-9.984726E-013	0	0.000000E+000
1	8.59581716	-9.984726E-013	-1.641119E-012	-1	0.000000E+000
1	8.60295504	-1.469625E-012	-8.678573E-013	0	0.000000E+000
1	8.60432930	-8.678573E-013	-1.472190E-012	-1	0.000000E+000
1	8.63624985	-1.648249E-012	-1.010445E-012	0	0.000000E+000
1	8.63917905	-1.010445E-012	-1.690895E-012	-1	0.000000E+000
1	8.66756063	-1.561863E-012	-9.026101E-013	0	0.000000E+000
1	8.71980905	-7.881842E-013	-1.442219E-012	-1	0.000000E+000
1	8.74221934	-1.436567E-012	-8.674769E-013	0	0.000000E+000
1	8.96398349	-9.499079E-013	-1.775322E-012	-1	0.000000E+000
1	8.96564638	-1.775322E-012	-9.138076E-013	0	0.000000E+000
1	9.31626278	-8.372151E-013	-1.625836E-012	-1	0.000000E+000
1	9.31781441	-1.625836E-012	-8.635475E-013	0	0.000000E+000
1	9.32394051	-9.022281E-013	-1.469955E-012	-1	0.000000E+000
1	9.34230000	-1.547374E-012	-8.699464E-013	0	0.000000E+000
1	9.43299946	-9.263401E-013	-1.798465E-012	-1	0.000000E+000
1	9.43427100	-1.751420E-012	-9.800362E-013	0	0.000000E+000
1	9.58122549	-9.135907E-013	-1.749980E-012	-1	0.000000E+000
1	9.63030935	-1.657623E-012	-7.956061E-013	0	0.000000E+000
1	9.63279699	-7.611975E-013	-1.643827E-012	-1	0.000000E+000
1	9.66038070	-1.610788E-012	-8.418287E-013	0	0.000000E+000
1	11.01128763	-1.076301E-012	-1.798458E-012	-1	0.000000E+000
1	11.09908760	-1.711849E-012	-1.105556E-012	0	0.000000E+000
1	11.10169233	-1.174374E-012	-1.794262E-012	-1	0.000000E+000
1	11.19634025	-1.650236E-012	-9.839823E-013	0	0.000000E+000
1	11.19710124	-9.839823E-013	-1.680402E-012	-1	0.000000E+000
1	11.20321317	-1.689108E-012	-1.075902E-012	0	0.000000E+000
1	11.39581269	-1.096901E-012	-1.688560E-012	-1	0.000000E+000
1	11.41320739	-1.759566E-012	-1.154360E-012	0	0.000000E+000
1	11.41758684	-1.134103E-012	-1.669852E-012	-1	0.000000E+000
1	11.42546839	-1.645423E-012	-1.081852E-012	0	0.000000E+000
1	11.43363921	-1.143633E-012	-1.709991E-012	-1	0.000000E+000
1	11.43469348	-1.709991E-012	-1.060671E-012	0	0.000000E+000
1	11.45749873	-1.103936E-012	-1.757739E-012	-1	0.000000E+000
1	11.45938606	-1.725523E-012	-1.067351E-012	0	0.000000E+000
1	12.38557966	-1.097813E-012	-1.710789E-012	-1	0.000000E+000
1	12.39444496	-1.674762E-012	-1.006393E-012	0	0.000000E+000
1	12.40756410	-1.080036E-012	-1.734522E-012	-1	0.000000E+000
1	12.41428624	-1.666310E-012	-1.040637E-012	0	0.000000E+000
1	13.84396884	-1.090186E-012	-1.809611E-012	-1	0.000000E+000
1	13.85965944	-1.718772E-012	-1.017334E-012	0	0.000000E+000
1	13.86069625	-1.017334E-012	-1.789562E-012	-1	0.000000E+000
1	13.86360149	-1.789562E-012	-9.981341E-013	0	0.000000E+000
1	13.95181439	-1.161533E-012	-1.960256E-012	-1	0.000000E+000
1	13.95760303	-1.878458E-012	-1.189603E-012	0	0.000000E+000
1	14.50939935	-1.031518E-012	-1.783168E-012	-1	0.000000E+000
1	14.53443668	-1.758065E-012	-9.772017E-013	0	0.000000E+000
1	14.53633124	-9.772017E-013	-1.607242E-012	-1	0.000000E+000
1	14.53902932	-1.607242E-012	-9.867680E-013	0	0.000000E+000
1	14.55336789	-1.002806E-012	-1.692042E-012	-1	0.000000E+000
1	14.56431096	-1.671429E-012	-1.004271E-012	0	0.000000E+000
1	14.56502907	-1.004271E-012	-1.642860E-012	-1	0.000000E+000
1	14.56698233	-1.642860E-012	-9.988105E-013	0	0.000000E+000
1	14.56985942	-9.988105E-013	-1.588607E-012	-1	0.000000E+000
1	14.57304148	-1.588607E-012	-9.558851E-013	0	0.000000E+000
1	15.20096121	-9.467230E-013	-1.712292E-012	-1	0.000000E+000
1	15.24801215	-1.697389E-012	-1.039970E-012	0	0.000000E+000
1	15.25161626	-1.039970E-012	-1.794340E-012	-1	0.000000E+000
1	15.25410328	-1.820147E-012	-9.894133E-013	0	0.000000E+000
1	15.26693692	-1.028517E-012	-1.594326E-012	-1	0.000000E+000
1	15.29938468	-1.584005E-012	-9.331448E-013	0	0.000000E+000
1	16.52210085	-9.146072E-013	-1.589494E-012	-1	0.000000E+000
1	16.53689179	-1.503472E-012	-8.588005E-013	0	0.000000E+000
1	16.53850883	-8.594020E-013	-1.344570E-012	-1	0.000000E+000
1	16.57817282	-1.495049E-012	-8.540068E-013	0	0.000000E+000
1	16.59053527	-9.006800E-013	-1.533618E-012	-1	0.000000E+000
1	16.59371866	-1.533618E-012	-8.917976E-013	0	0.000000E+000
1	16.59482973	-9.415410E-013	-1.552245E-012	-1	0.000000E+000
1	16.59555901	-1.552245E-012	-9.028784E-013	0	0.000000E+000
1	16.66346404	-9.261498E-013	-1.713959E-012	-1	0.000000E+000
1	16.68023952	-1.651579E-012	-9.438391E-013	0	0.000000E+000
1	16.74642832	-8.532623E-013	-1.447832E-012	-1	0.000000E+000
1	16.75532711	-1.482379E-012	-7.283886E-013	0	0.000000E+000
1	16.75650613	-7.283886E-013	-1.518245E-012	-1	0.000000E+000
1	16.81106903	-1.441742E-012	-7.947011E-013	0	0.000000E+000
1	17.35196210	-8.549161E-013	-1.559083E-012	-1	0.000000E+000
1	17.35359236	-1.559083E-012	-9.111136E-013	0	0.000000E+000
1	17.35549027	-8.819350E-013	-1.753910E-012	-1	0.000000E+000
1	17.35619482	-1.753910E-012	-8.795641E-013	0	0.000000E+000
1	18.59870118	-8.434759E-013	-1.369363E-012	-1	0.000000E+000
1	18.60285440	-1.395169E-012	-7.923389E-013	0	0.000000E+000
1	18.61251276	-8.527595E-013	-1.610243E-012	-1	0.000000E+000
1	18.64818558	-1.516578E-012	-8.104570E-013	0	0.000000E+000
1	18.65734489	-8.335734E-013	-1.505745E-012	-1	0.000000E+000
1	18.66267224	-1.544744E-012	-8.455291E-013	0	0.000000E+000
1	18.80227050	-7.836136E-013	-1.677208E-012	-1	0.000000E+000
1	18.81337519	-1.846116E-012	-9.127180E-013	0	0.000000E+000
1	18.81673386	-9.385245E-013	-1.680036E-012	-1	0.000000E+000
1	18.82115033	-1.680036E-012	-8.589006E-013	0	0.000000E+000
1	18.90479289	-8.146770E-013	-1.641668E-012	-1	0.000000E+000
1	18.93470453	-1.619357E-012	-8.427378E-013	0	0.000000E+000
1	19.33177097	-9.266545E-013	-1.743999E-012	-1	0.000000E+000
1	19.33319452	-1.743999E-012	-9.400897E-013	0	0.000000E+000
1	19.33950055	-1.002661E-012	-1.779977E-012	-1	0.000000E+000
1	19.34092575	-1.779977E-012	-9.680898E-013	0	0.000000E+000
1	20.59166981	-9.078748E-013	-1.706156E-012	-1	0.000000E+000
1	20.66895690	-1.837543E-012	-1.016176E-012	0	0.000000E+000
1	20.66969725	-1.016176E-012	-1.767561E-012	-1	0.000000E+000
1	20.98404867	-1.774031E-012	-9.384513E-013	0	0.000000E+000
1	20.98582419	-9.384513E-013	-1.608728E-012	-1	0.000000E+000
1	20.98802463	-1.608728E-012	-8.995254E-013	0	0.000000E+000
1	20.98874600	-8.995254E-013	-1.704626E-012	-1	0.000000E+000
1	21.01652615	-1.772780E-012	-8.877830E-013	0	0.000000E+000
1	21.12969850	-8.839009E-013	-1.614357E-012	-1	0.000000E+000
1	21.13076685	-1.614357E-012	-8.596709E-013	0	0.000000E+000
1	21.13612945	-8.304084E-013	-1.445119E-012	-1	0.000000E+000
1	21.14473417	-1.460718E-012	-8.614503E-013	0	0.000000E+000
1	21.15036225	-8.710834E-013	-1.445746E-012	-1	0.000000E+000
1	21.16790937	-1.510272E-012	-8.555285E-013	0	0.000000E+000
1	21.17054803	-8.555285E-013	-1.549014E-012	-1	0.000000E+000
1	21.21135380	-1.536558E-012	-8.426982E-013	0	0.000000E+000
1	21.21224742	-8.426982E-013	-1.583688E-012	-1	0.000000E+000
1	21.23175595	-1.466901E-012	-1.070738E-012	0	0.000000E+000
1	21.23539373	-1.077913E-012	-1.621095E-012	-1	0.000000E+000
1	21.24543625	-1.424767E-012	-8.131903E-013	0	0.000000E+000
1	21.26951966	-8.518300E-013	-1.774583E-012	-1	0.000000E+000
1	21.27098152	-1.679386E-012	-8.433634E-013	0	0.000000E+000
1	22.05444895	-8.424543E-013	-1.436488E-012	-1	0.000000E+000
1	22.07005659	-1.415080E-012	-7.612118E-013	0	0.000000E+000
1	22.07872494	-7.222487E-013	-1.650714E-012	-1	0.000000E+000
1	22.07993168	-1.650714E-012	-7.320168E-013	0	0.000000E+000
1	22.11915738	-8.770116E-013	-1.438593E-012	-1	0.000000E+000
1	22.31362618	-1.451654E-012	-8.177445E-013	0	0.000000E+000
1	22.40940208	-9.178705E-013	-1.594146E-012	-1	0.000000E+000
1	22.43820365	-1.520387E-012	-9.204488E-013	0	0.000000E+000
1	23.15918946	-7.212762E-013	-1.372751E-012	-1	0.000000E+000
1	23.17683162	-1.402220E-012	-7.303238E-013	0	0.000000E+000
