9	146.85963302	-1.476637E-012	-2.143750E-012	-1	0.000000E+000
9	146.86005706	-2.143750E-012	-1.347768E-012	0	0.000000E+000
9	146.86264812	-1.347768E-012	-2.368750E-012	-1	0.000000E+000
9	146.86331984	-2.368750E-012	-1.415774E-012	0	0.000000E+000
9	146.87010903	-1.432589E-012	-2.181250E-012	-1	0.000000E+000
9	146.87654639	-2.092708E-012	-1.488690E-012	0	0.000000E+000
9	146.87756156	-1.455506E-012	-2.200000E-012	-1	0.000000E+000
9	146.87797920	-2.200000E-012	-1.475893E-012	0	0.000000E+000
9	146.88586735	-1.442113E-012	-2.403125E-012	-1	0.000000E+000
9	146.88644029	-2.403125E-012	-1.351488E-012	0	0.000000E+000
9	146.89380370	-1.297173E-012	-2.050000E-012	-1	0.000000E+000
9	146.89408912	-2.050000E-012	-1.305506E-012	0	0.000000E+000
9	146.90021200	-1.352381E-012	-2.218750E-012	-1	0.000000E+000
9	146.90133668	-2.218750E-012	-1.326190E-012	0	0.000000E+000
9	146.90189908	-1.326190E-012	-2.190625E-012	-1	0.000000E+000
9	146.90255870	-2.190625E-012	-1.326190E-012	0	0.000000E+000
9	146.92794319	-1.353720E-012	-2.362500E-012	-1	0.000000E+000
9	146.92871811	-2.362500E-012	-1.316964E-012	0	0.000000E+000
9	146.93284966	-1.316964E-012	-2.300000E-012	-1	0.000000E+000
9	146.93429788	-2.300000E-012	-1.392262E-012	0	0.000000E+000
9	146.94087537	-1.509970E-012	-2.350000E-012	-1	0.000000E+000
9	146.94278034	-2.350000E-012	-1.418601E-012	0	0.000000E+000
9	146.94703072	-1.418601E-012	-2.106250E-012	-1	0.000000E+000
9	146.95103820	-2.106250E-012	-1.326637E-012	0	0.000000E+000
9	146.95475000	-1.326637E-012	-2.226488E-012	-1	0.000000E+000
9	146.95681591	-2.226488E-012	-1.271875E-012	0	0.000000E+000
9	146.95724988	-1.271875E-012	-2.039732E-012	-1	0.000000E+000
9	146.97188197	-2.068304E-012	-1.436607E-012	0	0.000000E+000
9	146.97269855	-1.436607E-012	-2.206250E-012	-1	0.000000E+000
9	146.97351343	-2.206250E-012	-1.403274E-012	0	0.000000E+000
9	146.99463780	-1.464435E-012	-2.286756E-012	-1	0.000000E+000
9	146.99541601	-2.286756E-012	-1.550000E-012	0	0.000000E+000
9	146.99579045	-1.550000E-012	-2.286756E-012	-1	0.000000E+000
9	146.99989079	-2.286756E-012	-1.399256E-012	0	0.000000E+000
9	147.00742074	-1.276935E-012	-2.128274E-012	-1	0.000000E+000
9	147.01026580	-2.128274E-012	-1.456250E-012	0	0.000000E+000
9	147.01068830	-1.456250E-012	-2.292560E-012	-1	0.000000E+000
9	147.01613202	-2.223363E-012	-1.302083E-012	0	0.000000E+000
9	147.02174707	-1.388095E-012	-2.081250E-012	-1	0.000000E+000
9	147.02252411	-2.081250E-012	-1.426190E-012	0	0.000000E+000
9	147.02685132	-1.353720E-012	-2.000000E-012	-1	0.000000E+000
9	147.02719874	-2.000000E-012	-1.355357E-012	0	0.000000E+000
9	147.04511258	-1.384673E-012	-2.107738E-012	-1	0.000000E+000
9	147.04596786	-2.107738E-012	-1.506250E-012	0	0.000000E+000
9	147.04655000	-1.506250E-012	-2.218750E-012	-1	0.000000E+000
9	147.04746786	-2.218750E-012	-1.437054E-012	0	0.000000E+000
9	147.05035000	-1.437054E-012	-2.158780E-012	-1	0.000000E+000
9	147.05170090	-2.158780E-012	-1.450000E-012	0	0.000000E+000
9	147.05223974	-1.450000E-012	-2.214881E-012	-1	0.000000E+000
9	147.05632112	-2.057440E-012	-1.418899E-012	0	0.000000E+000
9	147.05849002	-1.418899E-012	-2.303125E-012	-1	0.000000E+000
9	147.05895516	-2.303125E-012	-1.374107E-012	0	0.000000E+000
9	147.06583512	-1.384524E-012	-2.052232E-012	-1	0.000000E+000
9	147.10584447	-2.039732E-012	-1.392113E-012	0	0.000000E+000
9	147.12307507	-1.273661E-012	-2.142262E-012	-1	0.000000E+000
9	147.12903980	-2.171875E-012	-1.437500E-012	0	0.000000E+000
9	147.12950907	-1.437500E-012	-2.219792E-012	-1	0.000000E+000
9	147.17739833	-2.326488E-012	-1.364137E-012	0	0.000000E+000
9	147.17860677	-1.364137E-012	-2.471875E-012	-1	0.000000E+000
9	147.17993202	-2.471875E-012	-1.379315E-012	0	0.000000E+000
9	147.18915767	-1.356399E-012	-2.267113E-012	-1	0.000000E+000
9	147.19501732	-2.193304E-012	-1.306845E-012	0	0.000000E+000
9	147.19632690	-1.306845E-012	-2.198363E-012	-1	0.000000E+000
9	147.20287629	-2.075298E-012	-1.353423E-012	0	0.000000E+000
9	147.20929696	-1.336756E-012	-1.980655E-012	-1	0.000000E+000
9	147.21165680	-1.980655E-012	-1.331250E-012	0	0.000000E+000
9	147.21289926	-1.331250E-012	-2.236012E-012	-1	0.000000E+000
9	147.21656627	-2.236012E-012	-1.406139E-012	0	0.000000E+000
9	147.21837332	-1.406139E-012	-2.147173E-012	-1	0.000000E+000
9	147.22530000	-2.147173E-012	-1.380804E-012	0	0.000000E+000
9	147.22649827	-1.380804E-012	-2.268304E-012	-1	0.000000E+000
9	147.23091020	-2.268304E-012	-1.290774E-012	0	0.000000E+000
9	147.23357619	-1.290774E-012	-2.113988E-012	-1	0.000000E+000
9	147.23795595	-2.250149E-012	-1.421577E-012	0	0.000000E+000
9	147.23923743	-1.421577E-012	-2.106101E-012	-1	0.000000E+000
9	147.24595000	-2.106101E-012	-1.348065E-012	0	0.000000E+000
9	147.25333485	-1.355506E-012	-2.206994E-012	-1	0.000000E+000
9	147.26391291	-2.206994E-012	-1.439732E-012	0	0.000000E+000
9	147.27068435	-1.357440E-012	-2.276786E-012	-1	0.000000E+000
9	147.27683791	-2.276786E-012	-1.354315E-012	0	0.000000E+000
9	147.28045000	-1.354315E-012	-2.189881E-012	-1	0.000000E+000
9	147.28531065	-2.214137E-012	-1.341518E-012	0	0.000000E+000
9	147.28896713	-1.341518E-012	-2.243452E-012	-1	0.000000E+000
9	147.30023985	-2.243452E-012	-1.240625E-012	0	0.000000E+000
9	147.30172018	-1.240625E-012	-2.347768E-012	-1	0.000000E+000
9	147.30575047	-2.347768E-012	-1.324405E-012	0	0.000000E+000
9	147.31501416	-1.413690E-012	-2.160863E-012	-1	0.000000E+000
9	147.31769083	-2.160863E-012	-1.378869E-012	0	0.000000E+000
9	147.32347218	-1.424256E-012	-2.224107E-012	-1	0.000000E+000
9	147.32758065	-2.224107E-012	-1.556250E-012	0	0.000000E+000
9	147.32815757	-1.556250E-012	-2.191815E-012	-1	0.000000E+000
9	147.35750104	-2.191815E-012	-1.440476E-012	0	0.000000E+000
9	147.35915528	-1.440476E-012	-2.156250E-012	-1	0.000000E+000
9	147.35975193	-2.156250E-012	-1.341815E-012	0	0.000000E+000
9	147.36239313	-1.341815E-012	-2.040030E-012	-1	0.000000E+000
9	147.36446293	-2.040030E-012	-1.412649E-012	0	0.000000E+000
9	147.37046484	-1.405357E-012	-2.291815E-012	-1	0.000000E+000
9	147.38340926	-2.271577E-012	-1.393006E-012	0	0.000000E+000
9	147.38615089	-1.393006E-012	-2.218601E-012	-1	0.000000E+000
9	147.39686848	-2.097768E-012	-1.542708E-012	0	0.000000E+000
9	147.39782323	-1.542708E-012	-2.150000E-012	-1	0.000000E+000
9	147.39853319	-2.150000E-012	-1.546577E-012	0	0.000000E+000
9	147.39949394	-1.546577E-012	-2.155506E-012	-1	0.000000E+000
9	147.40047083	-2.155506E-012	-1.440625E-012	0	0.000000E+000
9	147.40111530	-1.440625E-012	-2.155506E-012	-1	0.000000E+000
9	147.40945079	-2.169196E-012	-1.559375E-012	0	0.000000E+000
9	147.40973053	-1.559375E-012	-2.067857E-012	-1	0.000000E+000
9	147.41238867	-2.067857E-012	-1.391369E-012	0	0.000000E+000
9	147.41781982	-1.391369E-012	-2.067411E-012	-1	0.000000E+000
9	147.42075128	-2.067411E-012	-1.353125E-012	0	0.000000E+000
9	147.42240679	-1.353125E-012	-2.225744E-012	-1	0.000000E+000
9	147.42487895	-2.225744E-012	-1.440030E-012	0	0.000000E+000
9	147.43150952	-1.337946E-012	-2.351339E-012	-1	0.000000E+000
9	147.43217989	-2.351339E-012	-1.340625E-012	0	0.000000E+000
9	147.43310998	-1.340625E-012	-2.308036E-012	-1	0.000000E+000
9	147.44045025	-2.212946E-012	-1.392560E-012	0	0.000000E+000
9	147.44902083	-1.363542E-012	-2.212500E-012	-1	0.000000E+000
9	147.45401588	-2.241667E-012	-1.515030E-012	0	0.000000E+000
9	147.45833269	-1.379762E-012	-2.362500E-012	-1	0.000000E+000
9	147.45917909	-2.362500E-012	-1.328423E-012	0	0.000000E+000
9	147.46182728	-1.328423E-012	-2.265625E-012	-1	0.000000E+000
9	147.46300816	-2.265625E-012	-1.367708E-012	0	0.000000E+000
9	147.46828286	-1.427381E-012	-2.195833E-012	-1	0.000000E+000
9	147.47743379	-2.298958E-012	-1.421131E-012	0	0.000000E+000
9	147.47954294	-1.421131E-012	-2.521875E-012	-1	0.000000E+000
9	147.48172647	-2.521875E-012	-1.404613E-012	0	0.000000E+000
9	147.48311293	-1.404613E-012	-2.346875E-012	-1	0.000000E+000
9	147.48470197	-2.346875E-012	-1.368006E-012	0	0.000000E+000
9	147.49502771	-1.464137E-012	-2.218750E-012	-1	0.000000E+000
9	147.49607184	-2.218750E-012	-1.383333E-012	0	0.000000E+000
9	147.50305718	-1.346875E-012	-2.293750E-012	-1	0.000000E+000
9	147.50438503	-2.293750E-012	-1.269196E-012	0	0.000000E+000
9	147.51820708	-1.314137E-012	-2.264286E-012	-1	0.000000E+000
9	147.52215694	-2.264286E-012	-1.297173E-012	0	0.000000E+000
9	147.52883460	-1.220238E-012	-2.456250E-012	-1	0.000000E+000
9	147.53000307	-2.456250E-012	-1.512351E-012	0	0.000000E+000
9	147.53917595	-1.340476E-012	-2.125000E-012	-1	0.000000E+000
9	147.53962748	-2.125000E-012	-1.438839E-012	0	0.000000E+000
9	147.54246894	-1.438839E-012	-2.190625E-012	-1	0.000000E+000
9	147.54305000	-2.190625E-012	-1.184375E-012	0	0.000000E+000
9	147.54505565	-1.184375E-012	-2.105060E-012	-1	0.000000E+000
9	147.54713996	-2.105060E-012	-1.382589E-012	0	0.000000E+000
9	147.55654718	-1.409821E-012	-2.131250E-012	-1	0.000000E+000
9	147.55723520	-2.131250E-012	-1.346429E-012	0	0.000000E+000
9	147.56640947	-1.383482E-012	-2.294940E-012	-1	0.000000E+000
9	147.57819833	-2.294940E-012	-1.511756E-012	0	0.000000E+000
9	147.58304089	-1.391369E-012	-2.181845E-012	-1	0.000000E+000
9	147.58959044	-2.181845E-012	-1.440327E-012	0	0.000000E+000
9	147.59116953	-1.440327E-012	-2.321875E-012	-1	0.000000E+000
9	147.59232966	-2.321875E-012	-1.473363E-012	0	0.000000E+000
9	147.59714181	-1.473363E-012	-2.174405E-012	-1	0.000000E+000
9	147.60011255	-2.174405E-012	-1.453571E-012	0	0.000000E+000
9	147.66623800	-1.373512E-012	-2.106994E-012	-1	0.000000E+000
9	147.68211654	-2.212351E-012	-1.318750E-012	0	0.000000E+000
9	147.68327724	-1.318750E-012	-2.187351E-012	-1	0.000000E+000
9	147.69437254	-2.206101E-012	-1.473958E-012	0	0.000000E+000
9	147.73448447	-1.348661E-012	-2.154762E-012	-1	0.000000E+000
9	147.74934354	-2.145387E-012	-1.325595E-012	0	0.000000E+000
9	147.75496665	-1.325595E-012	-2.211756E-012	-1	0.000000E+000
9	147.77050000	-2.211756E-012	-1.377778E-012	0	0.000000E+000
9	147.77117367	-1.377778E-012	-2.049107E-012	-1	0.000000E+000
9	147.77895247	-2.206845E-012	-1.334524E-012	0	0.000000E+000
9	147.78344643	-1.338393E-012	-2.240179E-012	-1	0.000000E+000
9	147.78917112	-2.223363E-012	-1.313839E-012	0	0.000000E+000
9	147.80159193	-1.370536E-012	-2.256250E-012	-1	0.000000E+000
9	147.80269921	-2.256250E-012	-1.347024E-012	0	0.000000E+000
9	147.80315000	-1.347024E-012	-2.168750E-012	-1	0.000000E+000
9	147.80372300	-2.168750E-012	-1.370238E-012	0	0.000000E+000
9	147.80722248	-1.370238E-012	-2.246875E-012	-1	0.000000E+000
9	147.80821866	-2.246875E-012	-1.434821E-012	0	0.000000E+000
9	147.81089054	-1.434821E-012	-2.121429E-012	-1	0.000000E+000
9	147.82073015	-2.122470E-012	-1.339286E-012	0	0.000000E+000
9	147.82734082	-1.293006E-012	-2.148065E-012	-1	0.000000E+000
9	147.83474557	-2.094940E-012	-1.331250E-012	0	0.000000E+000
9	147.83581048	-1.331250E-012	-2.015923E-012	-1	0.000000E+000
9	147.84751479	-2.153720E-012	-1.469792E-012	0	0.000000E+000
9	147.84920784	-1.469792E-012	-2.084375E-012	-1	0.000000E+000
9	147.84975754	-2.084375E-012	-1.331696E-012	0	0.000000E+000
9	147.85749566	-1.419345E-012	-2.296875E-012	-1	0.000000E+000
9	147.85895095	-2.296875E-012	-1.380208E-012	0	0.000000E+000
9	147.86468352	-1.391220E-012	-2.068006E-012	-1	0.000000E+000
9	147.87265000	-2.068006E-012	-1.381845E-012	0	0.000000E+000
9	147.87442303	-1.381845E-012	-2.182887E-012	-1	0.000000E+000
9	147.87869966	-2.249107E-012	-1.340030E-012	0	0.000000E+000
9	147.89450711	-1.359375E-012	-2.169048E-012	-1	0.000000E+000
9	147.90260000	-2.169048E-012	-1.365774E-012	0	0.000000E+000
9	147.90519587	-1.365774E-012	-2.098512E-012	-1	0.000000E+000
9	147.90869679	-2.098512E-012	-1.385714E-012	0	0.000000E+000
9	147.92260093	-1.397917E-012	-2.155894E-012	-1	0.000000E+000
9	147.93283092	-2.152530E-012	-1.300595E-012	0	0.000000E+000
9	147.93478779	-1.300595E-012	-2.223065E-012	-1	0.000000E+000
9	147.94314044	-2.205208E-012	-1.325000E-012	0	0.000000E+000
9	147.94397150	-1.325000E-012	-2.194940E-012	-1	0.000000E+000
9	147.95790741	-2.132440E-012	-1.397173E-012	0	0.000000E+000
9	147.96025884	-1.397173E-012	-2.316518E-012	-1	0.000000E+000
9	147.96408396	-2.316518E-012	-1.256250E-012	0	0.000000E+000
9	147.96607353	-1.256250E-012	-2.262500E-012	-1	0.000000E+000
9	147.96817579	-2.262500E-012	-1.421429E-012	0	0.000000E+000
9	147.97107742	-1.421429E-012	-2.118899E-012	-1	0.000000E+000
9	147.97476530	-2.118899E-012	-1.281250E-012	0	0.000000E+000
9	147.97535064	-1.281250E-012	-2.157292E-012	-1	0.000000E+000
9	147.97779167	-2.157292E-012	-1.354167E-012	0	0.000000E+000
9	147.99081597	-1.416071E-012	-2.334375E-012	-1	0.000000E+000
9	147.99177303	-2.334375E-012	-1.348065E-012	0	0.000000E+000
9	147.99835351	-1.409821E-012	-2.338095E-012	-1	0.000000E+000
9	148.00562652	-2.282440E-012	-1.379464E-012	0	0.000000E+000
9	148.02886227	-1.275446E-012	-2.183185E-012	-1	0.000000E+000
9	148.03128427	-2.183185E-012	-1.344196E-012	0	0.000000E+000
9	148.03771402	-1.412798E-012	-2.147768E-012	-1	0.000000E+000
9	148.04017539	-2.147768E-012	-1.450000E-012	0	0.000000E+000
9	148.04110414	-1.450000E-012	-2.085268E-012	-1	0.000000E+000
9	148.04212361	-2.085268E-012	-1.331250E-012	0	0.000000E+000
9	148.04320208	-1.331250E-012	-2.078125E-012	-1	0.000000E+000
9	148.04644779	-2.078125E-012	-1.343750E-012	0	0.000000E+000
9	148.04715204	-1.343750E-012	-2.168750E-012	-1	0.000000E+000
9	148.05834612	-2.168750E-012	-1.457887E-012	0	0.000000E+000
9	148.06975509	-1.420982E-012	-2.195685E-012	-1	0.000000E+000
9	148.07588175	-2.195685E-012	-1.312351E-012	0	0.000000E+000
9	148.10328684	-1.297768E-012	-2.112500E-012	-1	0.000000E+000
9	148.10373418	-2.112500E-012	-1.360268E-012	0	0.000000E+000
9	148.10420000	-1.360268E-012	-2.100000E-012	-1	0.000000E+000
9	148.10511618	-2.100000E-012	-1.360268E-012	0	0.000000E+000
9	148.11715171	-1.362649E-012	-2.126935E-012	-1	0.000000E+000
9	148.13907193	-2.141518E-012	-1.306399E-012	0	0.000000E+000
9	148.14808502	-1.337351E-012	-2.120238E-012	-1	0.000000E+000
9	148.15115319	-2.120238E-012	-1.225000E-012	0	0.000000E+000
9	148.15171057	-1.225000E-012	-2.125893E-012	-1	0.000000E+000
9	148.15493486	-2.125893E-012	-1.384375E-012	0	0.000000E+000
9	148.15549698	-1.384375E-012	-2.209226E-012	-1	0.000000E+000
9	148.16475000	-2.209226E-012	-1.203125E-012	0	0.000000E+000
9	148.16597216	-1.203125E-012	-2.058333E-012	-1	0.000000E+000
9	148.17144395	-2.100149E-012	-1.411756E-012	0	0.000000E+000
9	148.17418307	-1.411756E-012	-2.149554E-012	-1	0.000000E+000
9	148.17814133	-2.149554E-012	-1.385119E-012	0	0.000000E+000
9	148.18884310	-1.300446E-012	-2.087500E-012	-1	0.000000E+000
9	148.18943702	-2.087500E-012	-1.337798E-012	0	0.000000E+000
9	148.20252734	-1.331845E-012	-2.177530E-012	-1	0.000000E+000
9	148.20420449	-2.171280E-012	-1.462500E-012	0	0.000000E+000
9	148.20477782	-1.462500E-012	-2.113393E-012	-1	0.000000E+000
9	148.20704965	-2.113393E-012	-1.332440E-012	0	0.000000E+000
9	148.21519377	-1.439286E-012	-2.135863E-012	-1	0.000000E+000
9	148.22385000	-2.135863E-012	-1.262500E-012	0	0.000000E+000
9	148.22470720	-1.262500E-012	-2.209226E-012	-1	0.000000E+000
9	148.27655910	-2.209226E-012	-1.346429E-012	0	0.000000E+000
9	148.28144690	-1.339583E-012	-2.032440E-012	-1	0.000000E+000
9	148.28515186	-2.032440E-012	-1.268899E-012	0	0.000000E+000
9	148.29035949	-1.268899E-012	-2.228571E-012	-1	0.000000E+000
9	148.29417064	-2.228571E-012	-1.200000E-012	0	0.000000E+000
9	148.29519139	-1.200000E-012	-2.393601E-012	-1	0.000000E+000
9	148.30063988	-2.393601E-012	-1.185714E-012	0	0.000000E+000
9	148.30115000	-1.185714E-012	-2.256250E-012	-1	0.000000E+000
9	148.30272173	-2.256250E-012	-1.355506E-012	0	0.000000E+000
9	148.30677177	-1.355506E-012	-2.153869E-012	-1	0.000000E+000
9	148.31520000	-2.153869E-012	-1.394792E-012	0	0.000000E+000
9	148.32874973	-1.373363E-012	-2.381250E-012	-1	0.000000E+000
9	148.33053145	-2.381250E-012	-1.392113E-012	0	0.000000E+000
9	148.34105415	-1.433929E-012	-2.200000E-012	-1	0.000000E+000
9	148.34194449	-2.200000E-012	-1.205357E-012	0	0.000000E+000
9	148.35162204	-1.348810E-012	-2.196875E-012	-1	0.000000E+000
9	148.35864556	-2.148810E-012	-1.417857E-012	0	0.000000E+000
9	148.36071134	-1.332738E-012	-2.352458E-012	-1	0.000000E+000
9	148.36839988	-2.352458E-012	-1.335565E-012	0	0.000000E+000
9	148.37367335	-1.299851E-012	-2.243750E-012	-1	0.000000E+000
9	148.37461194	-2.243750E-012	-1.451042E-012	0	0.000000E+000
9	148.37627528	-1.451042E-012	-2.587500E-012	-1	0.000000E+000
9	148.37822078	-2.587500E-012	-1.431994E-012	0	0.000000E+000
9	148.38190568	-1.431994E-012	-2.180357E-012	-1	0.000000E+000
9	148.38321566	-2.180357E-012	-1.417113E-012	0	0.000000E+000
9	148.38524775	-1.417113E-012	-2.206250E-012	-1	0.000000E+000
9	148.38627193	-2.206250E-012	-1.352083E-012	0	0.000000E+000
9	148.39392603	-1.422768E-012	-2.192411E-012	-1	0.000000E+000
9	148.39443952	-2.192411E-012	-1.478125E-012	0	0.000000E+000
9	148.39481442	-1.478125E-012	-2.192411E-012	-1	0.000000E+000
9	148.39648673	-2.192411E-012	-1.262500E-012	0	0.000000E+000
9	148.39747105	-1.262500E-012	-2.160863E-012	-1	0.000000E+000
9	148.40304908	-2.269048E-012	-1.296875E-012	0	0.000000E+000
9	148.40405390	-1.296875E-012	-2.136012E-012	-1	0.000000E+000
9	148.41045962	-2.018750E-012	-1.457440E-012	0	0.000000E+000
9	148.41120019	-1.457440E-012	-2.118750E-012	-1	0.000000E+000
9	148.41157349	-2.118750E-012	-1.471577E-012	0	0.000000E+000
9	148.41476505	-1.471577E-012	-2.243750E-012	-1	0.000000E+000
9	148.41643723	-2.243750E-012	-1.352530E-012	0	0.000000E+000
9	148.41831021	-1.352530E-012	-2.370089E-012	-1	0.000000E+000
9	148.42181128	-2.370089E-012	-1.234375E-012	0	0.000000E+000
9	148.42259186	-1.234375E-012	-2.227976E-012	-1	0.000000E+000
9	148.42563337	-2.227976E-012	-1.181250E-012	0	0.000000E+000
9	148.42725978	-1.181250E-012	-2.015327E-012	-1	0.000000E+000
9	148.43599482	-2.208780E-012	-1.303125E-012	0	0.000000E+000
9	148.43645171	-1.303125E-012	-2.041220E-012	-1	0.000000E+000
9	148.43978656	-2.041220E-012	-1.278869E-012	0	0.000000E+000
9	148.48146924	-1.445536E-012	-2.206250E-012	-1	0.000000E+000
9	148.48402905	-2.206250E-012	-1.357143E-012	0	0.000000E+000
9	148.48948845	-1.357143E-012	-2.665923E-012	-1	0.000000E+000
9	148.49614837	-2.454911E-012	-1.450350E-012	0	0.000000E+000
9	148.49672076	-1.450350E-012	-2.795536E-012	-1	0.000000E+000
9	148.49966173	-2.795536E-012	-1.419284E-012	0	0.000000E+000
9	148.50176714	-1.391312E-012	-2.153125E-012	-1	0.000000E+000
9	148.50225820	-2.153125E-012	-1.368750E-012	0	0.000000E+000
9	148.50264920	-1.368750E-012	-2.026339E-012	-1	0.000000E+000
9	148.50869773	-2.026339E-012	-1.343750E-012	0	0.000000E+000
9	148.51036183	-1.343750E-012	-2.187798E-012	-1	0.000000E+000
9	148.52213859	-2.179018E-012	-1.386607E-012	0	0.000000E+000
9	148.52705144	-1.436161E-012	-2.094940E-012	-1	0.000000E+000
9	148.54379623	-2.134226E-012	-1.389583E-012	0	0.000000E+000
9	148.56254712	-1.426935E-012	-2.134375E-012	-1	0.000000E+000
9	148.56298287	-2.134375E-012	-1.359673E-012	0	0.000000E+000
9	148.57222997	-1.356548E-012	-2.162054E-012	-1	0.000000E+000
9	148.57399609	-2.162054E-012	-1.384821E-012	0	0.000000E+000
9	148.57795000	-1.384821E-012	-2.078869E-012	-1	0.000000E+000
9	148.57872698	-2.078869E-012	-1.391071E-012	0	0.000000E+000
9	148.57925000	-1.391071E-012	-2.306250E-012	-1	0.000000E+000
9	148.58102994	-2.306250E-012	-1.396577E-012	0	0.000000E+000
9	148.58366682	-1.396577E-012	-2.262500E-012	-1	0.000000E+000
9	148.58465455	-2.262500E-012	-1.406250E-012	0	0.000000E+000
9	148.59363288	-1.341667E-012	-2.251339E-012	-1	0.000000E+000
9	148.59964747	-2.269196E-012	-1.355655E-012	0	0.000000E+000
9	148.60103653	-1.355655E-012	-2.259226E-012	-1	0.000000E+000
9	148.60555000	-2.259226E-012	-1.441084E-012	0	0.000000E+000
9	148.60605000	-1.441084E-012	-2.231250E-012	-1	0.000000E+000
9	148.60697444	-2.231250E-012	-1.383780E-012	0	0.000000E+000
9	148.61348163	-1.367262E-012	-2.221875E-012	-1	0.000000E+000
9	148.61551885	-2.221875E-012	-1.372173E-012	0	0.000000E+000
9	148.61972734	-1.330208E-012	-2.105804E-012	-1	0.000000E+000
9	148.63060000	-2.105804E-012	-1.367411E-012	0	0.000000E+000
9	148.63253953	-1.367411E-012	-2.181250E-012	-1	0.000000E+000
9	148.64083833	-2.157292E-012	-1.494792E-012	0	0.000000E+000
9	148.68510000	-1.494792E-012	-2.350000E-012	-1	0.000000E+000
9	148.68565053	-2.350000E-012	-1.291964E-012	0	0.000000E+000
9	148.69114258	-1.408036E-012	-2.125893E-012	-1	0.000000E+000
9	148.69281816	-2.125893E-012	-1.322470E-012	0	0.000000E+000
9	148.69632934	-1.322470E-012	-2.231548E-012	-1	0.000000E+000
9	148.70343627	-2.183155E-012	-1.370536E-012	0	0.000000E+000
9	148.70646250	-1.370536E-012	-2.241964E-012	-1	0.000000E+000
9	148.71617206	-2.241964E-012	-1.428423E-012	0	0.000000E+000
9	148.71828913	-1.428423E-012	-2.550000E-012	-1	0.000000E+000
9	148.72029389	-2.550000E-012	-1.279018E-012	0	0.000000E+000
9	148.72744461	-1.367708E-012	-2.196875E-012	-1	0.000000E+000
9	148.72827176	-2.196875E-012	-1.346766E-012	0	0.000000E+000
9	148.72875000	-1.346766E-012	-2.185417E-012	-1	0.000000E+000
9	148.73023264	-2.196875E-012	-1.434113E-012	0	0.000000E+000
9	148.73070000	-1.434113E-012	-2.161310E-012	-1	0.000000E+000
9	148.74211210	-2.242857E-012	-1.390179E-012	0	0.000000E+000
9	148.76520408	-1.362798E-012	-2.293304E-012	-1	0.000000E+000
9	148.76739421	-2.293304E-012	-1.371875E-012	0	0.000000E+000
9	148.76865783	-1.371875E-012	-2.260417E-012	-1	0.000000E+000
9	148.77298333	-2.260417E-012	-1.300000E-012	0	0.000000E+000
9	148.77380919	-1.300000E-012	-2.168155E-012	-1	0.000000E+000
9	148.77654622	-2.168155E-012	-1.525744E-012	0	0.000000E+000
9	148.77841767	-1.525744E-012	-2.181250E-012	-1	0.000000E+000
9	148.77889499	-2.181250E-012	-1.455655E-012	0	0.000000E+000
9	148.78018384	-1.455655E-012	-2.278125E-012	-1	0.000000E+000
9	148.78090160	-2.278125E-012	-1.413095E-012	0	0.000000E+000
9	148.78510000	-1.413095E-012	-2.245833E-012	-1	0.000000E+000
9	148.78785925	-2.245833E-012	-1.394048E-012	0	0.000000E+000
9	148.79056297	-1.394048E-012	-2.190030E-012	-1	0.000000E+000
9	148.79278614	-2.190030E-012	-1.382440E-012	0	0.000000E+000
9	148.79941395	-1.326339E-012	-2.260268E-012	-1	0.000000E+000
9	148.81090349	-2.240179E-012	-1.362500E-012	0	0.000000E+000
9	148.81145627	-1.362500E-012	-2.264137E-012	-1	0.000000E+000
9	148.81559366	-2.141518E-012	-1.423810E-012	0	0.000000E+000
9	148.81975198	-1.423810E-012	-2.204167E-012	-1	0.000000E+000
9	148.82696455	-2.215625E-012	-1.356399E-012	0	0.000000E+000
9	148.82802700	-1.469048E-012	-2.090625E-012	-1	0.000000E+000
9	148.82872068	-2.090625E-012	-1.356399E-012	0	0.000000E+000
9	148.83070957	-1.356399E-012	-2.114583E-012	-1	0.000000E+000
9	148.84562436	-2.156250E-012	-1.346875E-012	0	0.000000E+000
9	148.84648351	-1.346875E-012	-2.241369E-012	-1	0.000000E+000
9	148.85089545	-2.091369E-012	-1.466071E-012	0	0.000000E+000
9	148.85424891	-1.466071E-012	-2.490625E-012	-1	0.000000E+000
9	148.85605852	-2.490625E-012	-1.337946E-012	0	0.000000E+000
9	148.86545365	-1.341369E-012	-2.179018E-012	-1	0.000000E+000
9	148.87015538	-2.190476E-012	-1.315625E-012	0	0.000000E+000
9	148.87060507	-1.315625E-012	-2.148512E-012	-1	0.000000E+000
9	148.88030700	-2.208333E-012	-1.315625E-012	0	0.000000E+000
9	148.88166136	-1.315625E-012	-2.134077E-012	-1	0.000000E+000
9	148.89282821	-2.221726E-012	-1.338839E-012	0	0.000000E+000
9	148.89741517	-1.338839E-012	-2.269792E-012	-1	0.000000E+000
9	148.90748228	-2.288244E-012	-1.134375E-012	0	0.000000E+000
9	148.90889630	-1.134375E-012	-2.330208E-012	-1	0.000000E+000
9	148.92211006	-2.145982E-012	-1.353125E-012	0	0.000000E+000
9	148.92355874	-1.353125E-012	-2.301488E-012	-1	0.000000E+000
9	148.93420673	-2.200446E-012	-1.397619E-012	0	0.000000E+000
9	148.94197581	-1.391220E-012	-2.189435E-012	-1	0.000000E+000
9	148.94334257	-2.147470E-012	-1.449279E-012	0	0.000000E+000
9	148.94385000	-1.449279E-012	-2.154018E-012	-1	0.000000E+000
9	148.94769535	-2.089435E-012	-1.412500E-012	0	0.000000E+000
9	148.94826018	-1.412500E-012	-2.235863E-012	-1	0.000000E+000
9	148.95222291	-2.235863E-012	-1.381101E-012	0	0.000000E+000
9	148.95275000	-1.381101E-012	-2.228125E-012	-1	0.000000E+000
9	148.95391106	-2.228125E-012	-1.305506E-012	0	0.000000E+000
9	148.95819517	-1.305506E-012	-1.921131E-012	-1	0.000000E+000
9	148.96000764	-1.921131E-012	-1.325000E-012	0	0.000000E+000
9	148.96390000	-1.450000E-012	-1.975893E-012	-1	0.000000E+000
9	148.97652953	-2.108780E-012	-1.389583E-012	0	0.000000E+000
9	148.97852407	-1.389583E-012	-2.452433E-012	-1	0.000000E+000
9	148.99395000	-2.452433E-012	-1.321875E-012	0	0.000000E+000
9	148.99599336	-1.321875E-012	-2.189137E-012	-1	0.000000E+000
9	148.99727908	-2.189137E-012	-1.231250E-012	0	0.000000E+000
9	148.99845899	-1.231250E-012	-2.059226E-012	-1	0.000000E+000
9	149.00492970	-2.270387E-012	-1.379762E-012	0	0.000000E+000
9	149.02494875	-1.298661E-012	-2.163839E-012	-1	0.000000E+000
9	149.02744240	-2.163839E-012	-1.380952E-012	0	0.000000E+000
9	149.03736018	-1.380952E-012	-2.034970E-012	-1	0.000000E+000
9	149.04112372	-2.172470E-012	-1.468750E-012	0	0.000000E+000
9	149.04170000	-1.468750E-012	-2.275000E-012	-1	0.000000E+000
9	149.04405786	-2.275000E-012	-1.306399E-012	0	0.000000E+000
9	149.06492198	-1.306399E-012	-2.520238E-012	-1	0.000000E+000
9	149.06954451	-2.496875E-012	-1.578125E-012	0	0.000000E+000
9	149.07072799	-1.578125E-012	-2.837351E-012	-1	0.000000E+000
9	149.07396802	-2.706696E-012	-1.453675E-012	0	0.000000E+000
9	149.08048433	-1.454762E-012	-2.225446E-012	-1	0.000000E+000
9	149.08309356	-2.225446E-012	-1.518750E-012	0	0.000000E+000
9	149.08360000	-1.518750E-012	-2.237500E-012	-1	0.000000E+000
9	149.08574565	-2.237500E-012	-1.267411E-012	0	0.000000E+000
9	149.08741840	-1.267411E-012	-2.311458E-012	-1	0.000000E+000
9	149.08989867	-2.311458E-012	-1.431548E-012	0	0.000000E+000
9	149.09192927	-1.431548E-012	-2.050000E-012	-1	0.000000E+000
9	149.09249345	-2.050000E-012	-1.460714E-012	0	0.000000E+000
9	149.09564710	-1.460714E-012	-2.225893E-012	-1	0.000000E+000
9	149.10112156	-2.225893E-012	-1.405506E-012	0	0.000000E+000
9	149.11980476	-1.418304E-012	-2.112649E-012	-1	0.000000E+000
9	149.13513371	-2.130804E-012	-1.421875E-012	0	0.000000E+000
9	149.13695905	-1.421875E-012	-2.228125E-012	-1	0.000000E+000
9	149.13759023	-2.228125E-012	-1.388244E-012	0	0.000000E+000
9	149.14039476	-1.388244E-012	-2.306608E-012	-1	0.000000E+000
9	149.14450000	-2.306608E-012	-1.528125E-012	0	0.000000E+000
9	149.14586069	-1.528125E-012	-2.307209E-012	-1	0.000000E+000
9	149.17851923	-2.307209E-012	-1.371198E-012	0	0.000000E+000
9	149.20075373	-1.254613E-012	-2.138095E-012	-1	0.000000E+000
9	149.20238382	-2.138095E-012	-1.361012E-012	0	0.000000E+000
9	149.20484060	-1.361012E-012	-2.099405E-012	-1	0.000000E+000
9	149.20782407	-2.099405E-012	-1.356250E-012	0	0.000000E+000
9	149.20869545	-1.356250E-012	-2.368750E-012	-1	0.000000E+000
9	149.21043399	-2.368750E-012	-1.440030E-012	0	0.000000E+000
9	149.21527905	-1.440030E-012	-2.255655E-012	-1	0.000000E+000
9	149.23395458	-2.211161E-012	-1.390923E-012	0	0.000000E+000
9	149.24656992	-1.434821E-012	-2.212500E-012	-1	0.000000E+000
9	149.24728224	-2.212500E-012	-1.369643E-012	0	0.000000E+000
9	149.25620446	-1.314583E-012	-2.318750E-012	-1	0.000000E+000
9	149.25836453	-2.318750E-012	-1.345089E-012	0	0.000000E+000
9	149.26022461	-1.345089E-012	-2.137202E-012	-1	0.000000E+000
9	149.28584295	-2.137202E-012	-1.343452E-012	0	0.000000E+000
9	149.28856142	-1.343452E-012	-2.178125E-012	-1	0.000000E+000
9	149.29005669	-2.178125E-012	-1.403423E-012	0	0.000000E+000
9	149.29224991	-1.403423E-012	-2.152232E-012	-1	0.000000E+000
9	149.29475276	-2.152232E-012	-1.321875E-012	0	0.000000E+000
9	149.29563333	-1.321875E-012	-2.234375E-012	-1	0.000000E+000
9	149.30059161	-2.288839E-012	-1.382292E-012	0	0.000000E+000
9	149.30292497	-1.382292E-012	-2.139435E-012	-1	0.000000E+000
9	149.30350595	-2.139435E-012	-1.425000E-012	0	0.000000E+000
9	149.30429876	-1.425000E-012	-2.236161E-012	-1	0.000000E+000
9	149.30783467	-2.236161E-012	-1.420833E-012	0	0.000000E+000
9	149.32087282	-1.424702E-012	-2.192262E-012	-1	0.000000E+000
9	149.32370714	-2.154762E-012	-1.356250E-012	0	0.000000E+000
9	149.32488924	-1.356250E-012	-2.328125E-012	-1	0.000000E+000
9	149.32675946	-2.328125E-012	-1.379315E-012	0	0.000000E+000
9	149.33094499	-1.351190E-012	-2.103125E-012	-1	0.000000E+000
9	149.33143915	-2.103125E-012	-1.344643E-012	0	0.000000E+000
9	149.34145322	-1.329613E-012	-2.293750E-012	-1	0.000000E+000
9	149.34210788	-2.293750E-012	-1.481994E-012	0	0.000000E+000
9	149.34346463	-1.422321E-012	-2.284375E-012	-1	0.000000E+000
9	149.34430650	-2.284375E-012	-1.485565E-012	0	0.000000E+000
9	149.34586570	-1.485565E-012	-2.434375E-012	-1	0.000000E+000
9	149.34663839	-2.434375E-012	-1.463839E-012	0	0.000000E+000
9	149.35051718	-1.463839E-012	-2.300000E-012	-1	0.000000E+000
9	149.35244902	-2.300000E-012	-1.341667E-012	0	0.000000E+000
9	149.35729083	-1.341667E-012	-1.965625E-012	-1	0.000000E+000
9	149.37783183	-1.819494E-012	-1.425000E-012	0	0.000000E+000
9	149.37880497	-1.425000E-012	-2.299622E-012	-1	0.000000E+000
9	149.38795839	-2.115476E-012	-1.349851E-012	0	0.000000E+000
9	149.39404667	-1.318452E-012	-2.269048E-012	-1	0.000000E+000
9	149.40090045	-2.152381E-012	-1.345089E-012	0	0.000000E+000
9	149.40555114	-1.415179E-012	-2.403125E-012	-1	0.000000E+000
9	149.40663236	-2.403125E-012	-1.428423E-012	0	0.000000E+000
9	149.41315622	-1.504167E-012	-2.052827E-012	-1	0.000000E+000
9	149.42087866	-2.052827E-012	-1.282440E-012	0	0.000000E+000
9	149.42897913	-1.281845E-012	-2.215923E-012	-1	0.000000E+000
9	149.43181560	-2.215923E-012	-1.434375E-012	0	0.000000E+000
9	149.43282746	-1.434375E-012	-2.218601E-012	-1	0.000000E+000
9	149.43762822	-2.218601E-012	-1.500000E-012	0	0.000000E+000
9	149.43811174	-1.500000E-012	-2.219792E-012	-1	0.000000E+000
9	149.44592247	-2.244940E-012	-1.606250E-012	0	0.000000E+000
9	149.44632648	-1.606250E-012	-2.171726E-012	-1	0.000000E+000
9	149.45254357	-2.254911E-012	-1.323214E-012	0	0.000000E+000
9	149.45862146	-1.332440E-012	-2.333780E-012	-1	0.000000E+000
9	149.47512053	-2.195238E-012	-1.370089E-012	0	0.000000E+000
9	149.48063217	-1.282738E-012	-2.362500E-012	-1	0.000000E+000
9	149.48129714	-2.362500E-012	-1.411458E-012	0	0.000000E+000
9	149.48316314	-1.411458E-012	-2.154911E-012	-1	0.000000E+000
9	149.48526473	-2.154911E-012	-1.429911E-012	0	0.000000E+000
9	149.48722354	-1.429911E-012	-2.211310E-012	-1	0.000000E+000
9	149.49610915	-2.211310E-012	-1.345238E-012	0	0.000000E+000
9	149.50063732	-1.402232E-012	-2.241964E-012	-1	0.000000E+000
9	149.51412473	-2.165774E-012	-1.518750E-012	0	0.000000E+000
9	149.51529494	-1.518750E-012	-2.338542E-012	-1	0.000000E+000
9	149.52018242	-2.187798E-012	-1.478125E-012	0	0.000000E+000
9	149.52450073	-1.332143E-012	-2.091071E-012	-1	0.000000E+000
9	149.52980257	-2.276339E-012	-1.315625E-012	0	0.000000E+000
9	149.53176274	-1.315625E-012	-2.184077E-012	-1	0.000000E+000
9	149.53490006	-2.184077E-012	-1.271875E-012	0	0.000000E+000
9	149.53686152	-1.271875E-012	-2.139583E-012	-1	0.000000E+000
9	149.54910981	-2.142857E-012	-1.414435E-012	0	0.000000E+000
9	149.55625000	-1.414435E-012	-2.222470E-012	-1	0.000000E+000
9	149.55812405	-2.222470E-012	-1.442262E-012	0	0.000000E+000
9	149.56742207	-1.359970E-012	-2.121875E-012	-1	0.000000E+000
9	149.57435000	-2.121875E-012	-1.256250E-012	0	0.000000E+000
9	149.57490222	-1.256250E-012	-2.185565E-012	-1	0.000000E+000
9	149.58140000	-2.185565E-012	-1.290625E-012	0	0.000000E+000
9	149.58204861	-1.290625E-012	-2.138542E-012	-1	0.000000E+000
9	149.58439283	-2.138542E-012	-1.250000E-012	0	0.000000E+000
9	149.58610846	-1.250000E-012	-2.204613E-012	-1	0.000000E+000
9	149.58898210	-2.204613E-012	-1.381250E-012	0	0.000000E+000
9	149.59119286	-1.381250E-012	-2.098214E-012	-1	0.000000E+000
9	149.59275034	-2.117560E-012	-1.381250E-012	0	0.000000E+000
9	149.59346365	-1.381250E-012	-2.152381E-012	-1	0.000000E+000
9	149.59663427	-2.152381E-012	-1.328125E-012	0	0.000000E+000
9	149.59778181	-1.328125E-012	-2.270685E-012	-1	0.000000E+000
9	149.60582234	-2.231696E-012	-1.373252E-012	0	0.000000E+000
9	149.60635000	-1.373252E-012	-2.244163E-012	-1	0.000000E+000
9	149.61342608	-2.144345E-012	-1.550000E-012	0	0.000000E+000
9	149.61381021	-1.550000E-012	-2.183185E-012	-1	0.000000E+000
9	149.61984754	-2.306845E-012	-1.556250E-012	0	0.000000E+000
9	149.62019873	-1.556250E-012	-2.118155E-012	-1	0.000000E+000
9	149.62818365	-2.118155E-012	-1.346875E-012	0	0.000000E+000
9	149.62886849	-1.346875E-012	-2.140030E-012	-1	0.000000E+000
9	149.63502288	-2.262202E-012	-1.408036E-012	0	0.000000E+000
9	149.63766964	-1.408036E-012	-2.145982E-012	-1	0.000000E+000
9	149.63892688	-2.198214E-012	-1.468750E-012	0	0.000000E+000
9	149.63942738	-1.468750E-012	-2.145982E-012	-1	0.000000E+000
9	149.65432384	-2.229018E-012	-1.383929E-012	0	0.000000E+000
9	149.65666548	-1.383929E-012	-2.212500E-012	-1	0.000000E+000
9	149.65945077	-2.212500E-012	-1.332292E-012	0	0.000000E+000
9	149.66607272	-1.367411E-012	-1.934821E-012	-1	0.000000E+000
9	149.67305000	-1.934821E-012	-1.429911E-012	0	0.000000E+000
9	149.68510000	-1.429911E-012	-2.053125E-012	-1	0.000000E+000
9	149.68522126	-2.053125E-012	-1.372768E-012	0	0.000000E+000
9	149.69115019	-1.277083E-012	-1.937500E-012	-1	0.000000E+000
9	149.69148031	-1.937500E-012	-1.409821E-012	0	0.000000E+000
9	149.71716585	-1.409821E-012	-2.140476E-012	-1	0.000000E+000
9	149.71873748	-2.140476E-012	-1.317411E-012	0	0.000000E+000
9	149.72456918	-1.420238E-012	-1.922917E-012	-1	0.000000E+000
9	149.73090000	-1.922917E-012	-1.419643E-012	0	0.000000E+000
9	149.74024001	-1.441518E-012	-2.331250E-012	-1	0.000000E+000
9	149.74228371	-2.331250E-012	-1.339286E-012	0	0.000000E+000
9	149.74520000	-1.339286E-012	-2.182440E-012	-1	0.000000E+000
9	149.74772565	-2.182440E-012	-1.365625E-012	0	0.000000E+000
9	149.74814395	-1.365625E-012	-2.152083E-012	-1	0.000000E+000
9	149.75077317	-2.152083E-012	-1.448512E-012	0	0.000000E+000
9	149.75299059	-1.448512E-012	-2.273512E-012	-1	0.000000E+000
9	149.75510143	-2.273512E-012	-1.303274E-012	0	0.000000E+000
9	149.76188231	-1.347321E-012	-2.110565E-012	-1	0.000000E+000
9	149.76364635	-2.110565E-012	-1.190625E-012	0	0.000000E+000
9	149.76469001	-1.190625E-012	-2.064435E-012	-1	0.000000E+000
9	149.77089620	-2.121429E-012	-1.228125E-012	0	0.000000E+000
9	149.77184042	-1.228125E-012	-2.132887E-012	-1	0.000000E+000
9	149.77890996	-2.032738E-012	-1.346131E-012	0	0.000000E+000
9	149.79805532	-1.280357E-012	-2.107143E-012	-1	0.000000E+000
9	149.80042532	-2.107143E-012	-1.288393E-012	0	0.000000E+000
9	149.80714488	-1.418750E-012	-2.228125E-012	-1	0.000000E+000
9	149.80770432	-2.228125E-012	-1.276339E-012	0	0.000000E+000
9	149.80904690	-1.276339E-012	-2.262054E-012	-1	0.000000E+000
9	149.81291297	-2.262054E-012	-1.268750E-012	0	0.000000E+000
9	149.81347214	-1.268750E-012	-2.155804E-012	-1	0.000000E+000
9	149.82666662	-2.199107E-012	-1.297487E-012	0	0.000000E+000
9	149.82715000	-1.297487E-012	-2.116964E-012	-1	0.000000E+000
9	149.83579967	-2.116964E-012	-1.450000E-012	0	0.000000E+000
9	149.83635543	-1.450000E-012	-2.201488E-012	-1	0.000000E+000
9	149.83948983	-2.201488E-012	-1.202976E-012	0	0.000000E+000
9	149.84208888	-1.202976E-012	-1.996280E-012	-1	0.000000E+000
9	149.84444461	-1.996280E-012	-1.414137E-012	0	0.000000E+000
9	149.84906488	-1.415327E-012	-2.109226E-012	-1	0.000000E+000
9	149.85052372	-2.109226E-012	-1.410714E-012	0	0.000000E+000
9	149.85142786	-1.410714E-012	-2.100000E-012	-1	0.000000E+000
9	149.85180703	-2.100000E-012	-1.430952E-012	0	0.000000E+000
9	149.85230774	-1.430952E-012	-1.950000E-012	-1	0.000000E+000
9	149.85289250	-1.950000E-012	-1.430952E-012	0	0.000000E+000
9	149.85640424	-1.430952E-012	-2.290625E-012	-1	0.000000E+000
9	149.85744921	-2.290625E-012	-1.343899E-012	0	0.000000E+000
9	149.86495168	-1.379464E-012	-2.137649E-012	-1	0.000000E+000
9	149.88666168	-2.137649E-012	-1.326042E-012	0	0.000000E+000
9	149.89770484	-1.408780E-012	-2.087798E-012	-1	0.000000E+000
9	149.89845568	-2.087798E-012	-1.300000E-012	0	0.000000E+000
9	149.89951561	-1.300000E-012	-2.087798E-012	-1	0.000000E+000
9	149.90271377	-2.087798E-012	-1.306696E-012	0	0.000000E+000
9	149.92218812	-1.306696E-012	-2.198214E-012	-1	0.000000E+000
9	149.92374370	-2.198214E-012	-1.309077E-012	0	0.000000E+000
9	149.92648886	-1.309077E-012	-2.170685E-012	-1	0.000000E+000
9	149.92774714	-2.170685E-012	-1.142560E-012	0	0.000000E+000
9	149.92820000	-1.142560E-012	-2.081250E-012	-1	0.000000E+000
9	149.92902430	-2.081250E-012	-1.352976E-012	0	0.000000E+000
9	149.94003871	-1.338690E-012	-2.345387E-012	-1	0.000000E+000
9	149.95396128	-2.246429E-012	-1.323958E-012	0	0.000000E+000
9	149.95998750	-1.329613E-012	-2.226637E-012	-1	0.000000E+000
9	149.96368359	-2.226637E-012	-1.376786E-012	0	0.000000E+000
9	149.96444171	-1.376786E-012	-2.162500E-012	-1	0.000000E+000
9	149.96531804	-2.162500E-012	-1.304911E-012	0	0.000000E+000
9	149.97433060	-1.303720E-012	-2.092262E-012	-1	0.000000E+000
9	149.97880000	-2.092262E-012	-1.373667E-012	0	0.000000E+000
9	149.97925000	-1.373667E-012	-2.041667E-012	-1	0.000000E+000
9	149.97970000	-2.041667E-012	-1.415625E-012	0	0.000000E+000
9	149.97998941	-1.415625E-012	-2.041667E-012	-1	0.000000E+000
9	149.98262853	-2.041667E-012	-1.367411E-012	0	0.000000E+000
9	149.98316113	-1.367411E-012	-2.171875E-012	-1	0.000000E+000
9	149.98422619	-2.171875E-012	-1.367411E-012	0	0.000000E+000
9	149.98645272	-1.367411E-012	-2.167203E-012	-1	0.000000E+000
9	149.98695000	-2.167203E-012	-1.406250E-012	0	0.000000E+000
9	149.98752090	-1.406250E-012	-2.181189E-012	-1	0.000000E+000
9	150.01884964	-2.147173E-012	-1.347917E-012	0	0.000000E+000
9	150.02194782	-1.347917E-012	-2.062500E-012	-1	0.000000E+000
9	150.02232572	-2.062500E-012	-1.418006E-012	0	0.000000E+000
9	150.02892819	-1.381994E-012	-2.164881E-012	-1	0.000000E+000
9	150.03325735	-2.164881E-012	-1.359970E-012	0	0.000000E+000
9	150.03458501	-1.359970E-012	-2.316964E-012	-1	0.000000E+000
9	150.05051630	-2.291667E-012	-1.369345E-012	0	0.000000E+000
9	150.06046339	-1.386756E-012	-2.013542E-012	-1	0.000000E+000
9	150.06530000	-2.013542E-012	-1.331250E-012	0	0.000000E+000
9	150.06620986	-1.331250E-012	-2.297024E-012	-1	0.000000E+000
9	150.07274032	-2.222321E-012	-1.422470E-012	0	0.000000E+000
9	150.07496236	-1.422470E-012	-2.465625E-012	-1	0.000000E+000
9	150.07645025	-2.465625E-012	-1.333036E-012	0	0.000000E+000
9	150.08109881	-1.390327E-012	-2.415861E-012	-1	0.000000E+000
9	150.10412998	-2.309970E-012	-1.343899E-012	0	0.000000E+000
9	150.10699884	-1.343899E-012	-2.263542E-012	-1	0.000000E+000
9	150.10840948	-2.263542E-012	-1.453274E-012	0	0.000000E+000
9	150.11360732	-1.304018E-012	-2.202083E-012	-1	0.000000E+000
9	150.12126353	-2.192560E-012	-1.368155E-012	0	0.000000E+000
9	150.12310290	-1.368155E-012	-2.345536E-012	-1	0.000000E+000
9	150.13068436	-2.188988E-012	-1.356399E-012	0	0.000000E+000
9	150.13582199	-1.365030E-012	-2.255952E-012	-1	0.000000E+000
9	150.13824606	-2.255952E-012	-1.368155E-012	0	0.000000E+000
9	150.14430833	-1.471131E-012	-2.115327E-012	-1	0.000000E+000
9	150.14633830	-2.115327E-012	-1.393155E-012	0	0.000000E+000
9	150.14867954	-1.393155E-012	-2.356250E-012	-1	0.000000E+000
9	150.14955728	-2.356250E-012	-1.428720E-012	0	0.000000E+000
9	150.15579451	-1.347917E-012	-2.221131E-012	-1	0.000000E+000
9	150.15719566	-2.221131E-012	-1.292411E-012	0	0.000000E+000
9	150.16178080	-1.394048E-012	-2.177232E-012	-1	0.000000E+000
9	150.16783731	-2.225595E-012	-1.419821E-012	0	0.000000E+000
9	150.16835000	-1.419821E-012	-2.225744E-012	-1	0.000000E+000
9	150.17028309	-2.225744E-012	-1.359077E-012	0	0.000000E+000
9	150.17213595	-1.359077E-012	-2.381250E-012	-1	0.000000E+000
9	150.17299685	-2.381250E-012	-1.379762E-012	0	0.000000E+000
9	150.18632276	-1.306250E-012	-2.250744E-012	-1	0.000000E+000
9	150.20133856	-2.317411E-012	-1.397619E-012	0	0.000000E+000
9	150.20185000	-1.397619E-012	-2.281250E-012	-1	0.000000E+000
9	150.20303343	-2.281250E-012	-1.401488E-012	0	0.000000E+000
9	150.21232843	-1.302679E-012	-2.100149E-012	-1	0.000000E+000
9	150.21524827	-2.100149E-012	-1.253125E-012	0	0.000000E+000
9	150.21617043	-1.253125E-012	-2.115625E-012	-1	0.000000E+000
9	150.21796247	-2.115625E-012	-1.369511E-012	0	0.000000E+000
9	150.21945389	-1.481399E-012	-2.255357E-012	-1	0.000000E+000
9	150.23232806	-2.120833E-012	-1.393899E-012	0	0.000000E+000
9	150.23578810	-1.393899E-012	-2.306101E-012	-1	0.000000E+000
9	150.24295106	-2.181250E-012	-1.361756E-012	0	0.000000E+000
9	150.25804032	-1.283631E-012	-2.401042E-012	-1	0.000000E+000
9	150.25976875	-2.401042E-012	-1.398958E-012	0	0.000000E+000
9	150.26082436	-1.532440E-012	-2.253125E-012	-1	0.000000E+000
9	150.26126002	-2.253125E-012	-1.295536E-012	0	0.000000E+000
9	150.26257779	-1.398958E-012	-2.178125E-012	-1	0.000000E+000
9	150.26336173	-2.178125E-012	-1.295536E-012	0	0.000000E+000
9	150.26480858	-1.295536E-012	-2.334375E-012	-1	0.000000E+000
9	150.26611337	-2.334375E-012	-1.302976E-012	0	0.000000E+000
9	150.26875327	-1.309375E-012	-2.122321E-012	-1	0.000000E+000
9	150.26930000	-2.122321E-012	-1.309375E-012	0	0.000000E+000
9	150.27015740	-1.309375E-012	-2.122321E-012	-1	0.000000E+000
9	150.27208251	-2.122321E-012	-1.384226E-012	0	0.000000E+000
9	150.27531809	-1.384226E-012	-2.348363E-012	-1	0.000000E+000
9	150.27672973	-2.182143E-012	-1.271875E-012	0	0.000000E+000
9	150.27757838	-1.271875E-012	-2.339435E-012	-1	0.000000E+000
9	150.28322665	-2.193304E-012	-1.306250E-012	0	0.000000E+000
9	150.28388258	-1.306250E-012	-2.031101E-012	-1	0.000000E+000
9	150.28744214	-2.031101E-012	-1.290625E-012	0	0.000000E+000
9	150.28834615	-1.290625E-012	-2.111756E-012	-1	0.000000E+000
9	150.29102837	-2.111756E-012	-1.341369E-012	0	0.000000E+000
9	150.29655417	-1.302530E-012	-2.158929E-012	-1	0.000000E+000
9	150.29921493	-2.158929E-012	-1.399279E-012	0	0.000000E+000
9	150.29975000	-1.399279E-012	-2.238393E-012	-1	0.000000E+000
9	150.30276145	-2.238393E-012	-1.343006E-012	0	0.000000E+000
9	150.30536667	-1.343006E-012	-2.204911E-012	-1	0.000000E+000
9	150.31261905	-2.183185E-012	-1.340327E-012	0	0.000000E+000
9	150.34182030	-1.380208E-012	-2.284375E-012	-1	0.000000E+000
9	150.34264904	-2.284375E-012	-1.321875E-012	0	0.000000E+000
9	150.34439526	-1.321875E-012	-2.196131E-012	-1	0.000000E+000
9	150.35319260	-2.215030E-012	-1.408333E-012	0	0.000000E+000
9	150.35530210	-1.408333E-012	-2.236310E-012	-1	0.000000E+000
9	150.36295863	-2.175149E-012	-1.333631E-012	0	0.000000E+000
9	150.36360156	-1.333631E-012	-2.300000E-012	-1	0.000000E+000
9	150.36417586	-2.300000E-012	-1.333631E-012	0	0.000000E+000
9	150.36623841	-1.333631E-012	-2.113690E-012	-1	0.000000E+000
9	150.37420000	-2.113690E-012	-1.466815E-012	0	0.000000E+000
9	150.37932576	-1.368452E-012	-1.978125E-012	-1	0.000000E+000
9	150.37972038	-1.978125E-012	-1.372768E-012	0	0.000000E+000
9	150.38124794	-1.372768E-012	-2.059375E-012	-1	0.000000E+000
9	150.38180000	-2.059375E-012	-1.300000E-012	0	0.000000E+000
9	150.38325376	-1.300000E-012	-2.214583E-012	-1	0.000000E+000
9	150.39488519	-2.180506E-012	-1.425000E-012	0	0.000000E+000
9	150.39622691	-1.425000E-012	-2.180208E-012	-1	0.000000E+000
9	150.40023840	-2.254018E-012	-1.306250E-012	0	0.000000E+000
9	150.40093400	-1.306250E-012	-2.163244E-012	-1	0.000000E+000
9	150.41720146	-2.190476E-012	-1.444647E-012	0	0.000000E+000
9	150.42413432	-1.338542E-012	-2.183036E-012	-1	0.000000E+000
9	150.43106823	-2.238839E-012	-1.400149E-012	0	0.000000E+000
9	150.43613352	-1.400149E-012	-2.148958E-012	-1	0.000000E+000
9	150.43771173	-2.148958E-012	-1.350000E-012	0	0.000000E+000
9	150.43815935	-1.350000E-012	-2.177232E-012	-1	0.000000E+000
9	150.44866819	-2.148363E-012	-1.456250E-012	0	0.000000E+000
9	150.44948862	-1.456250E-012	-2.326935E-012	-1	0.000000E+000
9	150.45994173	-2.094345E-012	-1.256250E-012	0	0.000000E+000
9	150.46136220	-1.256250E-012	-2.312351E-012	-1	0.000000E+000
9	150.47461372	-2.047917E-012	-1.409077E-012	0	0.000000E+000
9	150.48049693	-1.283036E-012	-2.139881E-012	-1	0.000000E+000
9	150.48745761	-2.101488E-012	-1.264286E-012	0	0.000000E+000
9	150.50322218	-1.352679E-012	-2.293006E-012	-1	0.000000E+000
9	150.51874099	-2.065923E-012	-1.304613E-012	0	0.000000E+000
9	150.52035934	-1.304613E-012	-2.151488E-012	-1	0.000000E+000
9	150.52340165	-2.151488E-012	-1.313418E-012	0	0.000000E+000
9	150.52395000	-1.313418E-012	-2.123065E-012	-1	0.000000E+000
9	150.52920516	-2.048512E-012	-1.284375E-012	0	0.000000E+000
9	150.53033312	-1.284375E-012	-2.287500E-012	-1	0.000000E+000
9	150.53833681	-2.305060E-012	-1.478125E-012	0	0.000000E+000
9	150.53887154	-1.478125E-012	-2.404464E-012	-1	0.000000E+000
9	150.54373840	-2.254911E-012	-1.336310E-012	0	0.000000E+000
9	150.54425000	-1.336310E-012	-2.300000E-012	-1	0.000000E+000
9	150.54551228	-2.300000E-012	-1.450446E-012	0	0.000000E+000
9	150.55437323	-1.373065E-012	-2.171875E-012	-1	0.000000E+000
9	150.55527933	-2.171875E-012	-1.415625E-012	0	0.000000E+000
9	150.55574833	-1.415625E-012	-2.214583E-012	-1	0.000000E+000
9	150.56473569	-2.214583E-012	-1.325744E-012	0	0.000000E+000
9	150.57270862	-1.303869E-012	-2.171131E-012	-1	0.000000E+000
9	150.57856054	-2.150149E-012	-1.326042E-012	0	0.000000E+000
9	150.59235276	-1.402381E-012	-2.117074E-012	-1	0.000000E+000
9	150.59844064	-2.166768E-012	-1.304911E-012	0	0.000000E+000
9	150.60230527	-1.304911E-012	-2.048065E-012	-1	0.000000E+000
9	150.60300375	-2.048065E-012	-1.206250E-012	0	0.000000E+000
9	150.60452374	-1.206250E-012	-2.186161E-012	-1	0.000000E+000
9	150.62135554	-2.015625E-012	-1.315625E-012	0	0.000000E+000
9	150.62205657	-1.315625E-012	-2.245536E-012	-1	0.000000E+000
9	150.62997089	-2.333036E-012	-1.397024E-012	0	0.000000E+000
9	150.67401001	-1.341667E-012	-2.112500E-012	-1	0.000000E+000
9	150.67438228	-2.112500E-012	-1.355506E-012	0	0.000000E+000
9	150.68424255	-1.319345E-012	-1.949405E-012	-1	0.000000E+000
9	150.69075000	-1.949405E-012	-1.341071E-012	0	0.000000E+000
9	150.69463009	-1.348958E-012	-2.031250E-012	-1	0.000000E+000
9	150.69502283	-2.031250E-012	-1.357440E-012	0	0.000000E+000
9	150.70734508	-1.344196E-012	-2.274851E-012	-1	0.000000E+000
9	150.70785000	-2.274851E-012	-1.312500E-012	0	0.000000E+000
9	150.70826475	-1.312500E-012	-2.274851E-012	-1	0.000000E+000
9	150.71815538	-2.135565E-012	-1.171875E-012	0	0.000000E+000
9	150.71904093	-1.171875E-012	-2.149851E-012	-1	0.000000E+000
9	150.72914779	-2.177976E-012	-1.490625E-012	0	0.000000E+000
9	150.72980690	-1.490625E-012	-2.130952E-012	-1	0.000000E+000
9	150.73213526	-2.130952E-012	-1.428423E-012	0	0.000000E+000
9	150.73706929	-1.349702E-012	-2.096726E-012	-1	0.000000E+000
9	150.73908981	-2.096726E-012	-1.399256E-012	0	0.000000E+000
9	150.74112932	-1.399256E-012	-2.080506E-012	-1	0.000000E+000
9	150.74432834	-2.080506E-012	-1.336756E-012	0	0.000000E+000
9	150.75370553	-1.316815E-012	-2.313690E-012	-1	0.000000E+000
9	150.75689382	-2.313690E-012	-1.318006E-012	0	0.000000E+000
9	150.76236807	-1.319494E-012	-2.311161E-012	-1	0.000000E+000
9	150.76453214	-2.311161E-012	-1.416071E-012	0	0.000000E+000
9	150.76646496	-1.416071E-012	-2.206250E-012	-1	0.000000E+000
9	150.76721087	-2.206250E-012	-1.313839E-012	0	0.000000E+000
9	150.76860733	-1.313839E-012	-2.271726E-012	-1	0.000000E+000
9	150.76950903	-2.271726E-012	-1.321875E-012	0	0.000000E+000
9	150.77037864	-1.321875E-012	-2.234673E-012	-1	0.000000E+000
9	150.77299125	-2.234673E-012	-1.550000E-012	0	0.000000E+000
9	150.77327566	-1.550000E-012	-2.094643E-012	-1	0.000000E+000
9	150.77522013	-2.103571E-012	-1.356250E-012	0	0.000000E+000
9	150.77575000	-1.356250E-012	-2.109375E-012	-1	0.000000E+000
9	150.77635724	-2.109375E-012	-1.356250E-012	0	0.000000E+000
9	150.77834161	-1.356250E-012	-1.984226E-012	-1	0.000000E+000
9	150.77941418	-1.984226E-012	-1.215625E-012	0	0.000000E+000
9	150.78129578	-1.215625E-012	-2.373661E-012	-1	0.000000E+000
9	150.78342801	-2.373661E-012	-1.361012E-012	0	0.000000E+000
9	150.79092405	-1.380506E-012	-2.313542E-012	-1	0.000000E+000
9	150.79397921	-2.313542E-012	-1.326339E-012	0	0.000000E+000
9	150.80156873	-1.220685E-012	-2.151935E-012	-1	0.000000E+000
9	150.81025000	-2.151935E-012	-1.375000E-012	0	0.000000E+000
9	150.81100027	-1.375000E-012	-2.257887E-012	-1	0.000000E+000
9	150.81361731	-2.257887E-012	-1.313244E-012	0	0.000000E+000
9	150.81415000	-1.313244E-012	-2.381250E-012	-1	0.000000E+000
9	150.81560126	-2.381250E-012	-1.200000E-012	0	0.000000E+000
9	150.81702092	-1.200000E-012	-2.185417E-012	-1	0.000000E+000
9	150.84245621	-2.165179E-012	-1.312500E-012	0	0.000000E+000
9	150.84338903	-1.312500E-012	-2.155357E-012	-1	0.000000E+000
9	150.84878214	-2.155357E-012	-1.378125E-012	0	0.000000E+000
9	150.84940567	-1.378125E-012	-2.130208E-012	-1	0.000000E+000
9	150.86213542	-2.210863E-012	-1.112500E-012	0	0.000000E+000
9	150.86312951	-1.112500E-012	-2.254911E-012	-1	0.000000E+000
9	150.86931061	-2.126786E-012	-1.315625E-012	0	0.000000E+000
9	150.87031263	-1.315625E-012	-2.263095E-012	-1	0.000000E+000
9	150.88039245	-2.042708E-012	-1.400000E-012	0	0.000000E+000
9	150.88171193	-1.400000E-012	-2.092113E-012	-1	0.000000E+000
9	150.88857510	-1.893899E-012	-1.209375E-012	0	0.000000E+000
9	150.88937447	-1.209375E-012	-1.857143E-012	-1	0.000000E+000
9	150.90369019	-1.927381E-012	-1.270685E-012	0	0.000000E+000
9	150.90610022	-1.270685E-012	-2.130208E-012	-1	0.000000E+000
9	150.90848357	-2.130208E-012	-1.271131E-012	0	0.000000E+000
9	150.91036818	-1.271131E-012	-2.132292E-012	-1	0.000000E+000
9	150.91378205	-2.132292E-012	-1.392411E-012	0	0.000000E+000
9	150.92742624	-1.380357E-012	-2.183036E-012	-1	0.000000E+000
9	150.93497009	-2.212351E-012	-1.387500E-012	0	0.000000E+000
9	150.93595854	-1.387500E-012	-2.093304E-012	-1	0.000000E+000
9	150.93976393	-2.093304E-012	-1.362054E-012	0	0.000000E+000
9	150.94692264	-1.384673E-012	-2.111905E-012	-1	0.000000E+000
9	150.96890219	-2.159821E-012	-1.253125E-012	0	0.000000E+000
9	150.98704112	-1.336905E-012	-2.000000E-012	-1	0.000000E+000
9	150.98744815	-2.000000E-012	-1.314583E-012	0	0.000000E+000
9	150.99009639	-1.314583E-012	-2.134375E-012	-1	0.000000E+000
9	150.99220030	-2.134375E-012	-1.463988E-012	0	0.000000E+000
9	150.99498252	-1.463988E-012	-2.246429E-012	-1	0.000000E+000
9	151.00001723	-2.192262E-012	-1.366815E-012	0	0.000000E+000
9	151.00169318	-1.366815E-012	-2.293750E-012	-1	0.000000E+000
9	151.00274334	-2.293750E-012	-1.305804E-012	0	0.000000E+000
9	151.01553591	-1.376786E-012	-1.862500E-012	-1	0.000000E+000
9	151.01588109	-1.862500E-012	-1.367708E-012	0	0.000000E+000
9	151.02009241	-1.308482E-012	-2.170833E-012	-1	0.000000E+000
9	151.02198059	-2.170833E-012	-1.419209E-012	0	0.000000E+000
9	151.02250000	-1.419209E-012	-2.209970E-012	-1	0.000000E+000
9	151.02478702	-2.209970E-012	-1.391964E-012	0	0.000000E+000
9	151.03395821	-1.412798E-012	-2.160714E-012	-1	0.000000E+000
9	151.03796813	-2.160714E-012	-1.403125E-012	0	0.000000E+000
9	151.03859183	-1.403125E-012	-2.317262E-012	-1	0.000000E+000
9	151.04134246	-2.317262E-012	-1.413244E-012	0	0.000000E+000
9	151.04180000	-1.413244E-012	-2.078125E-012	-1	0.000000E+000
9	151.04233707	-2.078125E-012	-1.337946E-012	0	0.000000E+000
9	151.04813919	-1.345685E-012	-2.200000E-012	-1	0.000000E+000
9	151.04962307	-2.200000E-012	-1.313988E-012	0	0.000000E+000
9	151.05562120	-1.396875E-012	-2.179762E-012	-1	0.000000E+000
9	151.06036648	-2.040923E-012	-1.381250E-012	0	0.000000E+000
9	151.06125202	-1.381250E-012	-2.127083E-012	-1	0.000000E+000
9	151.06358563	-2.127083E-012	-1.306399E-012	0	0.000000E+000
9	151.06490932	-1.306399E-012	-2.135119E-012	-1	0.000000E+000
9	151.06641746	-2.135119E-012	-1.224702E-012	0	0.000000E+000
9	151.07189124	-1.332738E-012	-2.306250E-012	-1	0.000000E+000
9	151.07354881	-2.306250E-012	-1.351488E-012	0	0.000000E+000
9	151.08098469	-1.348214E-012	-2.205060E-012	-1	0.000000E+000
9	151.08316331	-2.205060E-012	-1.331696E-012	0	0.000000E+000
9	151.08415427	-1.331696E-012	-2.137500E-012	-1	0.000000E+000
9	151.08515651	-2.137500E-012	-1.308780E-012	0	0.000000E+000
9	151.09062583	-1.304464E-012	-2.068006E-012	-1	0.000000E+000
9	151.09679743	-2.080357E-012	-1.131250E-012	0	0.000000E+000
9	151.09905909	-1.131250E-012	-2.237500E-012	-1	0.000000E+000
9	151.10127886	-2.237500E-012	-1.255952E-012	0	0.000000E+000
9	151.10731580	-1.367411E-012	-1.943750E-012	-1	0.000000E+000
9	151.10775136	-1.943750E-012	-1.331548E-012	0	0.000000E+000
9	151.10900525	-1.331548E-012	-2.050298E-012	-1	0.000000E+000
9	151.12647489	-2.055655E-012	-1.275000E-012	0	0.000000E+000
9	151.12714364	-1.275000E-012	-2.099554E-012	-1	0.000000E+000
9	151.13255045	-2.267262E-012	-1.362649E-012	0	0.000000E+000
9	151.13597956	-1.362649E-012	-2.100000E-012	-1	0.000000E+000
9	151.13690259	-2.100000E-012	-1.363690E-012	0	0.000000E+000
9	151.14033581	-1.363690E-012	-2.225000E-012	-1	0.000000E+000
9	151.14090655	-2.225000E-012	-1.416964E-012	0	0.000000E+000
9	151.15291085	-1.284524E-012	-2.167857E-012	-1	0.000000E+000
9	151.16374239	-2.176637E-012	-1.332738E-012	0	0.000000E+000
9	151.16767533	-1.332738E-012	-1.965327E-012	-1	0.000000E+000
9	151.17860000	-1.965327E-012	-1.297470E-012	0	0.000000E+000
9	151.19176278	-1.362351E-012	-2.135714E-012	-1	0.000000E+000
9	151.19934060	-2.167411E-012	-1.396726E-012	0	0.000000E+000
9	151.20352482	-1.383185E-012	-2.278571E-012	-1	0.000000E+000
9	151.20881517	-2.278571E-012	-1.313988E-012	0	0.000000E+000
9	151.21214787	-1.313988E-012	-2.168750E-012	-1	0.000000E+000
9	151.21283309	-2.168750E-012	-1.357440E-012	0	0.000000E+000
9	151.23520267	-1.460565E-012	-2.285714E-012	-1	0.000000E+000
9	151.23870945	-2.285714E-012	-1.401339E-012	0	0.000000E+000
9	151.23954157	-1.401339E-012	-2.321875E-012	-1	0.000000E+000
9	151.24039107	-2.321875E-012	-1.436161E-012	0	0.000000E+000
9	151.24266336	-1.436161E-012	-2.206250E-012	-1	0.000000E+000
9	151.24323702	-2.206250E-012	-1.427381E-012	0	0.000000E+000
9	151.25071565	-1.431696E-012	-2.323065E-012	-1	0.000000E+000
9	151.26219872	-2.060863E-012	-1.438988E-012	0	0.000000E+000
9	151.26365910	-1.438988E-012	-2.127530E-012	-1	0.000000E+000
9	151.26900000	-2.127530E-012	-1.384226E-012	0	0.000000E+000
9	151.27135271	-1.384226E-012	-2.123065E-012	-1	0.000000E+000
9	151.27473937	-2.123065E-012	-1.313988E-012	0	0.000000E+000
9	151.27670458	-1.313988E-012	-2.074702E-012	-1	0.000000E+000
9	151.27868355	-2.074702E-012	-1.328125E-012	0	0.000000E+000
9	151.28150144	-1.328125E-012	-2.275298E-012	-1	0.000000E+000
9	151.28931153	-2.079613E-012	-1.324256E-012	0	0.000000E+000
9	151.29155913	-1.324256E-012	-2.199851E-012	-1	0.000000E+000
9	151.29615108	-2.094196E-012	-1.181250E-012	0	0.000000E+000
9	151.29698203	-1.181250E-012	-2.321875E-012	-1	0.000000E+000
9	151.29793914	-2.321875E-012	-1.262054E-012	0	0.000000E+000
9	151.29845000	-1.262054E-012	-2.275000E-012	-1	0.000000E+000
9	151.29904441	-2.275000E-012	-1.262054E-012	0	0.000000E+000
9	151.30324724	-1.262054E-012	-2.128274E-012	-1	0.000000E+000
9	151.30623656	-2.128274E-012	-1.340625E-012	0	0.000000E+000
9	151.30691391	-1.340625E-012	-2.087202E-012	-1	0.000000E+000
9	151.31555181	-2.310119E-012	-1.197768E-012	0	0.000000E+000
9	151.31787950	-1.197768E-012	-2.187054E-012	-1	0.000000E+000
9	151.31927743	-2.187054E-012	-1.480655E-012	0	0.000000E+000
9	151.31972917	-1.480655E-012	-2.475000E-012	-1	0.000000E+000
9	151.32062787	-2.475000E-012	-1.481548E-012	0	0.000000E+000
9	151.36677934	-1.377381E-012	-2.192560E-012	-1	0.000000E+000
9	151.38262282	-2.192560E-012	-1.263988E-012	0	0.000000E+000
9	151.38595000	-1.263988E-012	-2.227232E-012	-1	0.000000E+000
9	151.39950000	-2.227232E-012	-1.350744E-012	0	0.000000E+000
9	151.41440399	-1.373661E-012	-2.300000E-012	-1	0.000000E+000
9	151.41565837	-2.300000E-012	-1.367560E-012	0	0.000000E+000
9	151.41696126	-1.367560E-012	-2.150000E-012	-1	0.000000E+000
9	151.41733869	-2.150000E-012	-1.276935E-012	0	0.000000E+000
9	151.42097627	-1.276935E-012	-2.247768E-012	-1	0.000000E+000
9	151.42280913	-2.247768E-012	-1.200000E-012	0	0.000000E+000
9	151.42400858	-1.200000E-012	-2.073958E-012	-1	0.000000E+000
9	151.43300000	-2.073958E-012	-1.411756E-012	0	0.000000E+000
9	151.43672007	-1.405060E-012	-1.992708E-012	-1	0.000000E+000
9	151.44104735	-1.992708E-012	-1.368750E-012	0	0.000000E+000
9	151.44143372	-1.368750E-012	-1.981399E-012	-1	0.000000E+000
9	151.44355465	-1.981399E-012	-1.462500E-012	0	0.000000E+000
9	151.44399295	-1.462500E-012	-2.188690E-012	-1	0.000000E+000
9	151.44877168	-2.188690E-012	-1.264583E-012	0	0.000000E+000
9	151.45280870	-1.264583E-012	-2.293750E-012	-1	0.000000E+000
9	151.45330984	-2.293750E-012	-1.317262E-012	0	0.000000E+000
9	151.46082070	-1.360417E-012	-2.081250E-012	-1	0.000000E+000
9	151.46297608	-2.081250E-012	-1.278571E-012	0	0.000000E+000
9	151.46715343	-1.366369E-012	-2.145982E-012	-1	0.000000E+000
9	151.46866180	-2.145982E-012	-1.253125E-012	0	0.000000E+000
9	151.46938771	-1.253125E-012	-2.154167E-012	-1	0.000000E+000
9	151.47602318	-2.085714E-012	-1.465625E-012	0	0.000000E+000
9	151.47640975	-1.465625E-012	-2.072173E-012	-1	0.000000E+000
9	151.48217642	-2.075446E-012	-1.369345E-012	0	0.000000E+000
9	151.48580527	-1.369345E-012	-2.312500E-012	-1	0.000000E+000
9	151.48797243	-2.312500E-012	-1.266964E-012	0	0.000000E+000
9	151.49765751	-1.322768E-012	-2.122917E-012	-1	0.000000E+000
9	151.50618925	-2.184673E-012	-1.212500E-012	0	0.000000E+000
9	151.50747738	-1.212500E-012	-2.135119E-012	-1	0.000000E+000
9	151.50924816	-2.135119E-012	-1.187500E-012	0	0.000000E+000
9	151.51029568	-1.187500E-012	-2.045238E-012	-1	0.000000E+000
9	151.52166169	-2.057440E-012	-1.351637E-012	0	0.000000E+000
9	151.53102841	-1.352381E-012	-2.078125E-012	-1	0.000000E+000
9	151.53145397	-2.078125E-012	-1.319792E-012	0	0.000000E+000
9	151.53359326	-1.319792E-012	-2.084375E-012	-1	0.000000E+000
9	151.53406505	-2.084375E-012	-1.262946E-012	0	0.000000E+000
9	151.53846060	-1.305804E-012	-2.175000E-012	-1	0.000000E+000
9	151.53902943	-2.175000E-012	-1.387054E-012	0	0.000000E+000
9	151.54390845	-1.339137E-012	-2.228125E-012	-1	0.000000E+000
9	151.54544256	-2.228125E-012	-1.350000E-012	0	0.000000E+000
9	151.54661864	-1.350000E-012	-2.124554E-012	-1	0.000000E+000
9	151.55907014	-2.165179E-012	-1.406709E-012	0	0.000000E+000
9	151.55951965	-1.406709E-012	-2.074107E-012	-1	0.000000E+000
9	151.57779038	-2.074107E-012	-1.392262E-012	0	0.000000E+000
9	151.58442133	-1.257589E-012	-2.156250E-012	-1	0.000000E+000
9	151.58485613	-2.156250E-012	-1.256994E-012	0	0.000000E+000
9	151.58902152	-1.256994E-012	-2.050595E-012	-1	0.000000E+000
9	151.59795024	-2.067708E-012	-1.387798E-012	0	0.000000E+000
9	151.61316376	-1.272321E-012	-2.127083E-012	-1	0.000000E+000
9	151.62587004	-2.037649E-012	-1.305952E-012	0	0.000000E+000
9	151.64977582	-1.309226E-012	-2.075000E-012	-1	0.000000E+000
9	151.65036019	-2.075000E-012	-1.265625E-012	0	0.000000E+000
9	151.65220203	-1.265625E-012	-2.347470E-012	-1	0.000000E+000
9	151.65423876	-2.347470E-012	-1.393750E-012	0	0.000000E+000
9	151.65595000	-1.393750E-012	-2.340625E-012	-1	0.000000E+000
9	151.65715675	-2.340625E-012	-1.347768E-012	0	0.000000E+000
9	151.65880655	-1.347768E-012	-2.224107E-012	-1	0.000000E+000
9	151.66267716	-1.994643E-012	-1.311161E-012	0	0.000000E+000
9	151.67311239	-1.373958E-012	-2.188095E-012	-1	0.000000E+000
9	151.67479187	-2.145536E-012	-1.384572E-012	0	0.000000E+000
9	151.67530000	-1.384572E-012	-2.058333E-012	-1	0.000000E+000
9	151.68073189	-2.058333E-012	-1.419515E-012	0	0.000000E+000
9	151.68120000	-1.419515E-012	-2.046280E-012	-1	0.000000E+000
9	151.68665000	-2.046280E-012	-1.212202E-012	0	0.000000E+000
9	151.68715000	-1.212202E-012	-2.509375E-012	-1	0.000000E+000
9	151.68806113	-2.509375E-012	-1.306854E-012	0	0.000000E+000
9	151.68855000	-1.306854E-012	-2.215625E-012	-1	0.000000E+000
9	151.68893409	-2.215625E-012	-1.362798E-012	0	0.000000E+000
9	151.69603899	-1.438839E-012	-2.281250E-012	-1	0.000000E+000
9	151.69677500	-2.281250E-012	-1.353125E-012	0	0.000000E+000
9	151.69900583	-1.353125E-012	-2.303125E-012	-1	0.000000E+000
9	151.70014935	-2.303125E-012	-1.382292E-012	0	0.000000E+000
9	151.71673452	-1.347173E-012	-2.240625E-012	-1	0.000000E+000
9	151.71770771	-2.240625E-012	-1.282887E-012	0	0.000000E+000
9	151.72341155	-1.316220E-012	-2.097768E-012	-1	0.000000E+000
9	151.73089413	-2.041518E-012	-1.390774E-012	0	0.000000E+000
9	151.75029718	-1.282887E-012	-2.159375E-012	-1	0.000000E+000
9	151.75149359	-2.159375E-012	-1.374107E-012	0	0.000000E+000
9	151.76462933	-1.356101E-012	-2.209226E-012	-1	0.000000E+000
9	151.76754841	-2.209226E-012	-1.300298E-012	0	0.000000E+000
9	151.77128582	-1.300298E-012	-2.500000E-012	-1	0.000000E+000
9	151.77276241	-2.500000E-012	-1.361310E-012	0	0.000000E+000
9	151.78142308	-1.425446E-012	-2.076042E-012	-1	0.000000E+000
9	151.78406141	-2.076042E-012	-1.381250E-012	0	0.000000E+000
9	151.78460201	-1.381250E-012	-2.165030E-012	-1	0.000000E+000
9	151.78639860	-2.165030E-012	-1.456250E-012	0	0.000000E+000
9	151.78670605	-1.456250E-012	-2.066815E-012	-1	0.000000E+000
9	151.78835804	-2.066815E-012	-1.509375E-012	0	0.000000E+000
9	151.78879433	-1.509375E-012	-2.151339E-012	-1	0.000000E+000
9	151.79430180	-2.151339E-012	-1.368182E-012	0	0.000000E+000
9	151.79485000	-1.368182E-012	-2.075149E-012	-1	0.000000E+000
9	151.79744973	-2.075149E-012	-1.338542E-012	0	0.000000E+000
9	151.79857458	-1.509970E-012	-2.243750E-012	-1	0.000000E+000
9	151.79908056	-2.243750E-012	-1.338542E-012	0	0.000000E+000
9	151.80189667	-1.338542E-012	-2.163542E-012	-1	0.000000E+000
9	151.80353191	-2.163542E-012	-1.340476E-012	0	0.000000E+000
9	151.80616794	-1.340476E-012	-2.183185E-012	-1	0.000000E+000
9	151.80687278	-2.183185E-012	-1.206250E-012	0	0.000000E+000
9	151.80737665	-1.206250E-012	-2.183185E-012	-1	0.000000E+000
9	151.81028814	-2.183185E-012	-1.369196E-012	0	0.000000E+000
9	151.85435458	-1.329464E-012	-2.478125E-012	-1	0.000000E+000
9	151.85548519	-2.478125E-012	-1.379911E-012	0	0.000000E+000
9	151.88974075	-1.421726E-012	-2.076935E-012	-1	0.000000E+000
9	151.89223402	-2.076935E-012	-1.207738E-012	0	0.000000E+000
9	151.93838948	-1.207738E-012	-2.271875E-012	-1	0.000000E+000
9	151.93993944	-2.271875E-012	-1.337500E-012	0	0.000000E+000
9	151.96370013	-1.286012E-012	-2.139435E-012	-1	0.000000E+000
9	151.97122126	-2.173065E-012	-1.137500E-012	0	0.000000E+000
9	151.97319396	-1.137500E-012	-2.260863E-012	-1	0.000000E+000
9	151.97537873	-2.260863E-012	-1.290625E-012	0	0.000000E+000
9	151.97663951	-1.290625E-012	-2.287500E-012	-1	0.000000E+000
9	151.97846319	-2.287500E-012	-1.379464E-012	0	0.000000E+000
9	151.99171452	-1.324107E-012	-2.156250E-012	-1	0.000000E+000
9	151.99252442	-2.156250E-012	-1.280506E-012	0	0.000000E+000
9	151.99511544	-1.280506E-012	-2.070238E-012	-1	0.000000E+000
9	151.99825672	-2.070238E-012	-1.262500E-012	0	0.000000E+000
9	151.99943584	-1.262500E-012	-2.200446E-012	-1	0.000000E+000
9	152.00385880	-2.200446E-012	-1.100000E-012	0	0.000000E+000
9	152.00548410	-1.100000E-012	-2.119345E-012	-1	0.000000E+000
9	152.01301909	-2.090327E-012	-1.322619E-012	0	0.000000E+000
9	152.02588413	-1.347619E-012	-2.130357E-012	-1	0.000000E+000
9	152.02910127	-2.130357E-012	-1.377232E-012	0	0.000000E+000
9	152.03575000	-1.377232E-012	-2.102083E-012	-1	0.000000E+000
9	152.04370499	-2.116071E-012	-1.265625E-012	0	0.000000E+000
9	152.04431932	-1.265625E-012	-2.028854E-012	-1	0.000000E+000
9	152.05110288	-2.158780E-012	-1.381994E-012	0	0.000000E+000
9	152.06119110	-1.416815E-012	-2.378125E-012	-1	0.000000E+000
9	152.06206505	-2.378125E-012	-1.331548E-012	0	0.000000E+000
9	152.06833597	-1.431399E-012	-2.162500E-012	-1	0.000000E+000
9	152.06895672	-2.162500E-012	-1.330208E-012	0	0.000000E+000
9	152.07224867	-1.330208E-012	-2.070536E-012	-1	0.000000E+000
9	152.08617133	-2.070536E-012	-1.303125E-012	0	0.000000E+000
9	152.08662522	-1.303125E-012	-2.338393E-012	-1	0.000000E+000
9	152.09470590	-1.980804E-012	-1.227976E-012	0	0.000000E+000
9	152.09679567	-1.227976E-012	-2.250000E-012	-1	0.000000E+000
9	152.09771448	-2.250000E-012	-1.331696E-012	0	0.000000E+000
9	152.10033616	-1.331696E-012	-2.204315E-012	-1	0.000000E+000
9	152.11145000	-2.204315E-012	-1.214183E-012	0	0.000000E+000
9	152.11195000	-1.214183E-012	-2.030208E-012	-1	0.000000E+000
9	152.11683426	-2.067262E-012	-1.203125E-012	0	0.000000E+000
9	152.11787803	-1.203125E-012	-2.099702E-012	-1	0.000000E+000
9	152.12077232	-2.099702E-012	-1.153125E-012	0	0.000000E+000
9	152.12214261	-1.153125E-012	-2.183780E-012	-1	0.000000E+000
9	152.12755422	-2.159970E-012	-1.418304E-012	0	0.000000E+000
9	152.13189210	-1.418304E-012	-2.125000E-012	-1	0.000000E+000
9	152.13249481	-2.125000E-012	-1.325298E-012	0	0.000000E+000
9	152.13376628	-1.325298E-012	-2.309375E-012	-1	0.000000E+000
9	152.13445986	-2.309375E-012	-1.360863E-012	0	0.000000E+000
9	152.13865974	-1.368601E-012	-2.100000E-012	-1	0.000000E+000
9	152.13972143	-2.100000E-012	-1.248214E-012	0	0.000000E+000
9	152.14648682	-1.232143E-012	-2.209226E-012	-1	0.000000E+000
9	152.15246087	-2.253869E-012	-1.318155E-012	0	0.000000E+000
9	152.15565195	-1.318155E-012	-2.103125E-012	-1	0.000000E+000
9	152.15605672	-2.103125E-012	-1.310268E-012	0	0.000000E+000
9	152.15801526	-1.317857E-012	-2.056548E-012	-1	0.000000E+000
9	152.17680000	-2.056548E-012	-1.260119E-012	0	0.000000E+000
9	152.17842976	-1.260119E-012	-2.073958E-012	-1	0.000000E+000
9	152.17912727	-2.073958E-012	-1.181250E-012	0	0.000000E+000
9	152.18006854	-1.181250E-012	-2.073958E-012	-1	0.000000E+000
9	152.18196024	-2.073958E-012	-1.262500E-012	0	0.000000E+000
9	152.18251425	-1.262500E-012	-2.073065E-012	-1	0.000000E+000
9	152.18644017	-2.088244E-012	-1.336012E-012	0	0.000000E+000
9	152.19299481	-1.383631E-012	-2.131399E-012	-1	0.000000E+000
9	152.20906673	-2.131399E-012	-1.293304E-012	0	0.000000E+000
9	152.21037863	-1.293304E-012	-2.222173E-012	-1	0.000000E+000
9	152.21920839	-2.222173E-012	-1.336905E-012	0	0.000000E+000
9	152.22431332	-1.311161E-012	-2.331250E-012	-1	0.000000E+000
9	152.22625749	-2.331250E-012	-1.327530E-012	0	0.000000E+000
9	152.23108598	-1.332887E-012	-2.254018E-012	-1	0.000000E+000
9	152.23340931	-2.254018E-012	-1.344643E-012	0	0.000000E+000
9	152.23827640	-1.434524E-012	-2.500000E-012	-1	0.000000E+000
9	152.24031907	-2.500000E-012	-1.319792E-012	0	0.000000E+000
9	152.27096012	-1.327530E-012	-2.255655E-012	-1	0.000000E+000
9	152.27236117	-2.255655E-012	-1.298214E-012	0	0.000000E+000
9	152.33613448	-1.314137E-012	-2.093750E-012	-1	0.000000E+000
9	152.33709253	-2.093750E-012	-1.414583E-012	0	0.000000E+000
9	152.34868788	-1.323810E-012	-2.387500E-012	-1	0.000000E+000
9	152.34960563	-2.387500E-012	-1.428720E-012	0	0.000000E+000
9	152.37616374	-1.321280E-012	-2.300000E-012	-1	0.000000E+000
9	152.37763384	-2.300000E-012	-1.416071E-012	0	0.000000E+000
9	152.38862295	-1.349554E-012	-2.153125E-012	-1	0.000000E+000
9	152.38905803	-2.153125E-012	-1.347470E-012	0	0.000000E+000
9	152.39234922	-1.288095E-012	-2.262500E-012	-1	0.000000E+000
9	152.39313757	-2.262500E-012	-1.366964E-012	0	0.000000E+000
9	152.39666991	-1.366964E-012	-2.040625E-012	-1	0.000000E+000
9	152.39696996	-2.040625E-012	-1.282143E-012	0	0.000000E+000
9	152.39750000	-1.282143E-012	-1.981250E-012	-1	0.000000E+000
9	152.39799959	-1.981250E-012	-1.319940E-012	0	0.000000E+000
9	152.40710811	-1.285268E-012	-2.100000E-012	-1	0.000000E+000
9	152.40947868	-2.100000E-012	-1.328125E-012	0	0.000000E+000
9	152.41740490	-1.372619E-012	-2.117560E-012	-1	0.000000E+000
9	152.42665000	-2.117560E-012	-1.322024E-012	0	0.000000E+000
9	152.43907232	-1.350893E-012	-2.184375E-012	-1	0.000000E+000
9	152.44190344	-2.184375E-012	-1.415476E-012	0	0.000000E+000
9	152.45492048	-1.414137E-012	-2.284375E-012	-1	0.000000E+000
9	152.45719614	-2.284375E-012	-1.375298E-012	0	0.000000E+000
9	152.45881797	-1.375298E-012	-2.203125E-012	-1	0.000000E+000
9	152.47040000	-2.203125E-012	-1.305357E-012	0	0.000000E+000
9	152.48716134	-1.334077E-012	-2.268601E-012	-1	0.000000E+000
9	152.49349184	-2.045238E-012	-1.334375E-012	0	0.000000E+000
9	152.49513904	-1.334375E-012	-2.194792E-012	-1	0.000000E+000
9	152.49927968	-2.187649E-012	-1.327232E-012	0	0.000000E+000
9	152.50158959	-1.327232E-012	-2.350000E-012	-1	0.000000E+000
9	152.50229505	-2.350000E-012	-1.407738E-012	0	0.000000E+000
9	152.50312063	-1.407738E-012	-2.137351E-012	-1	0.000000E+000
9	152.50365000	-2.137351E-012	-1.350000E-012	0	0.000000E+000
9	152.50493265	-1.350000E-012	-2.142857E-012	-1	0.000000E+000
9	152.52030895	-2.141518E-012	-1.386310E-012	0	0.000000E+000
9	152.52246525	-1.386310E-012	-2.176935E-012	-1	0.000000E+000
9	152.52775391	-2.076488E-012	-1.273214E-012	0	0.000000E+000
